,1-2,1-3,1-4,1-5,1-6,1-7,1-8,1-9,1-10,1-11,1-12,1-13,1-14,1-15,1-16,1-17,1-18,1-19,1-20,1-21,1-22,1-23,1-24,1-25,1-26,1-27,1-28,1-29,1-30,1-31,1-32,1-33,1-34,1-35,1-36,1-37,1-38,1-39,1-40,1-41,1-42,1-43,1-44,1-45,1-46,1-47,2-1,2-2,2-3,2-4,2-5,2-6,2-7,2-8,2-9,2-10,2-11,2-12,2-13,2-14,2-15,2-16,2-17,2-18,2-19,2-20,2-21,2-22,2-23,2-24,2-25,2-26,2-27,2-28,2-29,2-30,2-31,2-32,2-33,2-34,2-35,2-36,2-37,2-38,2-39,2-40,2-41,2-42,2-43,2-44,2-45,2-46,2-47,2-48,3-1,3-2,3-3,3-4,3-5,3-6,3-7,3-8,3-9,3-10,3-11,3-12,3-13,3-14,3-15,3-16,3-18,3-19,3-20,3-21,3-22,3-23,3-24,3-25,3-26,3-27,3-28,3-29,3-30,3-31,3-32,3-33,3-34,3-35,3-36,3-37,3-38,3-39,3-40,3-41,3-42,3-43,3-44,3-45,3-46,3-47,3-48,4-1,4-2,4-3,4-4,4-5,4-6,4-7,4-8,4-9,4-10,4-11,4-12,4-13,4-14,4-15,4-16,4-17,4-18,4-19,4-20,4-21,4-22,4-23,4-24,4-25,4-26,4-27,4-28,4-29,4-30,4-31,4-32,4-33,4-34,4-35,4-36,4-37,4-38,4-39,4-40,4-41,4-42,4-43,4-44,4-45,4-46,4-47,4-48,5-1,5-2,5-3,5-4,5-5,5-6,5-7,5-8,5-9,5-10,5-11,5-12,5-13,5-14,5-15,5-16,5-17,5-18,5-19,5-20,5-21,5-22,5-23,5-24,5-25,5-26,5-27,5-28,5-29,5-30,5-31,5-32,5-33,5-34,5-35,5-36,5-37,5-38,5-39,5-40,5-41,5-42,5-43,5-44,5-45,5-46,5-47,5-48,6-1,6-2,6-3,6-4,6-5,6-6,6-7,6-8,6-9,6-10,6-11,6-12,6-13,6-14,6-15,6-16,6-17,6-18,6-19,6-20,6-21,6-22,6-23,6-24,6-25,6-26,6-27,6-28,6-29,6-30,6-31,6-32,6-33,6-34,6-35,6-36,6-37,6-38,6-39,6-40,6-41,6-42,6-43,6-44,6-45,6-46,6-47,6-48,7-1,7-2,7-3,7-4,7-5,7-6,7-7,7-8,7-9,7-10,7-11,7-12,7-13,7-14,7-15,7-16,7-17,7-18,7-19,7-20,7-21,7-22,7-23,7-24,7-25,7-26,7-27,7-28,7-29,7-30,7-31,7-32,7-33,7-34,7-36,7-37,7-38,7-39,7-40,7-41,7-43,7-44,7-45,7-46,7-47,7-48,8-1,8-2,8-3,8-4,8-5,8-6,8-7,8-8,8-9,8-10,8-11,8-12,8-13,8-14,8-15,8-16,8-17,8-18,8-19,8-20,8-21,8-22,8-23,8-24,8-25,8-26,8-27,8-28,8-29,8-30,8-31,8-32,8-33,8-34,8-35,8-36,8-37,8-38,8-39,8-40,8-41,8-42,8-43,8-44,8-45,8-46,8-47,8-48,9-1,9-2,9-3,9-4,9-5,9-6,9-7,9-8,9-9,9-10,9-11,9-12,9-13,9-14,9-15,9-16,9-17,9-18,9-19,9-20,9-21,9-22,9-23,9-24,9-25,9-27,9-28,9-29,9-30,9-31,9-32,9-33,9-34,9-35,9-36,9-37,9-38,9-39,9-40,9-41,9-42,9-43,9-44,9-45,9-46,9-47,9-48,10-1,10-2,10-3,10-4,10-5,10-6,10-7,10-8,10-9,10-10,10-11,10-12,10-13,10-14,10-15,10-16,10-17,10-18,10-19,10-20,10-21,10-22,10-23,10-24,10-25,10-26,10-27,10-28,10-29,10-30,10-31,10-32,10-33,10-34,10-35,10-36,10-37,10-38,10-39,10-40,10-41,10-42,10-43,10-44,10-45,10-46,10-47,10-48,11-1,11-2,11-3,11-4,11-5,11-6,11-7,11-8,11-9,11-10,11-11,11-12,11-13,11-14,11-15,11-16,11-17,11-18,11-19,11-20,11-21,11-22,11-23,11-24,11-25,11-26,11-27,11-28,11-29,11-30,11-31,11-32,11-33,11-34,11-35,11-36,11-37,11-38,11-40,11-41,11-42,11-43,11-44,11-45,11-46,11-47,11-48,12-1,12-2,12-3,12-4,12-5,12-6,12-7,12-8,12-9,12-10,12-11,12-12,12-13,12-14,12-15,12-16,12-17,12-18,12-19,12-20,12-21,12-22,12-23,12-24,12-25,12-26,12-27,12-28,12-30,12-31,12-32,12-33,12-34,12-35,12-36,12-37,12-38,12-39,12-40,12-41,12-42,12-43,12-44,12-45,12-46,12-47,12-48,13-1,13-2,13-3,13-4,13-5,13-6,13-7,13-8,13-9,13-10,13-11,13-12,13-13,13-14,13-15,13-16,13-17,13-18,13-19,13-20,13-21,13-22,13-23,13-24,13-25,13-26,13-27,13-28,13-29,13-30,13-31,13-32,13-33,13-34,13-35,13-36,13-37,13-38,13-39,13-40,13-41,13-42,13-43,13-44,13-45,13-46,13-47,13-48,14-1,14-2,14-3,14-4,14-5,14-6,14-7,14-8,14-10,14-11,14-12,14-13,14-14,14-15,14-16,14-17,14-18,14-19,14-20,14-21,14-22,14-23,14-24,14-25,14-26,14-27,14-28,14-29,14-30,14-31,14-33,14-34,14-35,14-36,14-37,14-38,14-39,14-40,14-41,14-42,14-43,14-44,14-45,14-46,14-47,14-48,15-1,15-2,15-3,15-4,15-5,15-6,15-7,15-8,15-9,15-10,15-11,15-12,15-13,15-14,15-15,15-16,15-17,15-18,15-19,15-20,15-21,15-22,15-23,15-24,15-25,15-26,15-27,15-28,15-29,15-30,15-32,15-33,15-34,15-35,15-36,15-37,15-38,15-39,15-40,15-41,15-42,15-43,15-44,15-45,15-46,15-47,15-48,16-1,16-2,16-3,16-4,16-5,16-6,16-7,16-8,16-9,16-10,16-11,16-12,16-13,16-14,16-15,16-16,16-17,16-18,16-19,16-20,16-21,16-22,16-23,16-24,16-25,16-26,16-27,16-28,16-29,16-30,16-31,16-32,16-33,16-34,16-35,16-36,16-37,16-38,16-39,16-40,16-41,16-42,16-43,16-44,16-45,16-46,16-47,16-48,17-1,17-2,17-3,17-4,17-5,17-6,17-7,17-8,17-9,17-10,17-11,17-12,17-13,17-14,17-15,17-16,17-17,17-18,17-19,17-20,17-21,17-22,17-23,17-24,17-25,17-26,17-27,17-28,17-29,17-30,17-31,17-32,17-33,17-34,17-35,17-36,17-37,17-38,17-39,17-40,17-41,17-42,17-43,17-44,17-45,17-46,17-47,17-48,18-1,18-2,18-3,18-4,18-6,18-7,18-8,18-9,18-10,18-11,18-12,18-13,18-14,18-15,18-16,18-17,18-18,18-19,18-20,18-21,18-22,18-23,18-24,18-25,18-26,18-27,18-28,18-29,18-30,18-31,18-32,18-33,18-34,18-35,18-36,18-37,18-38,18-39,18-40,18-41,18-42,18-43,18-44,18-45,18-46,18-47,18-48,19-1,19-2,19-3,19-4,19-5,19-6,19-7,19-8,19-9,19-10,19-11,19-12,19-13,19-14,19-15,19-16,19-17,19-18,19-19,19-20,19-21,19-22,19-23,19-24,19-25,19-26,19-27,19-28,19-29,19-31,19-32,19-33,19-34,19-35,19-36,19-37,19-38,19-39,19-40,19-41,19-42,19-43,19-44,19-45,19-46,19-47,19-48,20-1,20-2,20-3,20-4,20-5,20-6,20-7,20-8,20-9,20-10,20-11,20-12,20-13,20-14,20-15,20-16,20-17,20-18,20-19,20-20,20-21,20-22,20-23,20-24,20-25,20-26,20-27,20-28,20-29,20-30,20-31,20-32,20-34,20-35,20-36,20-37,20-38,20-39,20-40,20-41,20-42,20-43,20-44,20-45,20-46,20-47,20-48,21-1,21-2,21-3,21-4,21-5,21-6,21-7,21-8,21-9,21-10,21-11,21-12,21-13,21-14,21-15,21-16,21-17,21-18,21-19,21-20,21-21,21-22,21-23,21-24,21-25,21-26,21-27,21-28,21-29,21-30,21-31,21-32,21-33,21-34,21-35,21-36,21-37,21-38,21-39,21-40,21-41,21-42,21-43,21-44,21-45,21-46,21-47,21-48,22-1,22-2,22-3,22-4,22-5,22-6,22-7,22-8,22-9,22-10,22-11,22-12,22-13,22-14,22-15,22-16,22-17,22-18,22-19,22-20,22-21,22-22,22-23,22-24,22-25,22-26,22-27,22-28,22-29,22-30,22-31,22-32,22-33,22-34,22-35,22-36,22-37,22-38,22-39,22-40,22-41,22-42,22-43,22-44,22-45,22-46,22-47,22-48,23-1,23-2,23-3,23-4,23-5,23-6,23-7,23-8,23-9,23-10,23-11,23-12,23-13,23-14,23-15,23-16,23-17,23-18,23-19,23-20,23-21,23-22,23-23,23-24,23-25,23-26,23-27,23-28,23-29,23-30,23-31,23-32,23-33,23-34,23-35,23-37,23-38,23-39,23-40,23-41,23-42,23-43,23-44,23-45,23-46,23-47,23-48,24-1,24-2,24-3,24-4,24-5,24-6,24-7,24-8,24-9,24-10,24-11,24-12,24-13,24-14,24-15,24-16,24-17,24-18,24-19,24-20,24-21,24-22,24-23,24-24,24-25,24-26,24-27,24-28,24-29,24-30,24-31,24-32,24-33,24-34,24-35,24-36,24-37,24-38,24-39,24-40,24-41,24-42,24-43,24-44,24-45,24-46,24-47,24-48,25-1,25-2,25-3,25-4,25-5,25-6,25-7,25-8,25-9,25-10,25-11,25-12,25-13,25-14,25-15,25-16,25-17,25-18,25-19,25-20,25-21,25-22,25-23,25-24,25-25,25-26,25-27,25-28,25-29,25-30,25-31,25-32,25-33,25-34,25-35,25-36,25-37,25-38,25-39,25-40,25-41,25-42,25-43,25-44,25-45,25-46,25-47,25-48,26-1,26-2,26-3,26-4,26-5,26-6,26-7,26-8,26-9,26-10,26-11,26-12,26-13,26-14,26-15,26-16,26-17,26-18,26-19,26-20,26-21,26-22,26-23,26-24,26-25,26-26,26-27,26-28,26-29,26-30,26-31,26-32,26-33,26-34,26-35,26-36,26-37,26-38,26-39,26-40,26-41,26-42,26-43,26-44,26-45,26-46,26-47,26-48,27-1,27-2,27-3,27-4,27-5,27-6,27-7,27-8,27-9,27-10,27-11,27-12,27-13,27-14,27-15,27-16,27-17,27-18,27-19,27-20,27-21,27-22,27-23,27-24,27-25,27-26,27-27,27-28,27-29,27-30,27-31,27-32,27-33,27-34,27-35,27-36,27-37,27-38,27-39,27-40,27-41,27-42,27-43,27-44,27-45,27-46,27-47,27-48,28-1,28-2,28-3,28-4,28-5,28-6,28-7,28-8,28-9,28-10,28-11,28-12,28-13,28-14,28-15,28-16,28-17,28-18,28-19,28-20,28-21,28-22,28-23,28-24,28-25,28-26,28-27,28-28,28-30,28-31,28-32,28-33,28-34,28-35,28-36,28-37,28-38,28-39,28-40,28-41,28-42,28-43,28-44,28-45,28-46,28-47,28-48,29-1,29-2,29-3,29-4,29-5,29-6,29-7,29-8,29-9,29-10,29-11,29-12,29-13,29-14,29-15,29-16,29-17,29-18,29-19,29-20,29-21,29-22,29-23,29-24,29-25,29-26,29-27,29-28,29-29,29-30,29-31,29-32,29-33,29-34,29-35,29-36,29-37,29-38,29-39,29-40,29-41,29-42,29-43,29-44,29-45,29-46,29-47,29-48,30-1,30-2,30-3,30-4,30-5,30-6,30-7,30-8,30-9,30-10,30-11,30-12,30-13,30-14,30-15,30-16,30-17,30-18,30-19,30-20,30-21,30-22,30-23,30-24,30-25,30-26,30-27,30-28,30-29,30-30,30-31,30-32,30-33,30-34,30-35,30-36,30-37,30-39,30-40,30-41,30-42,30-43,30-44,30-45,30-46,30-47,30-48,31-1,31-2,31-3,31-4,31-5,31-6,31-7,31-8,31-9,31-10,31-11,31-12,31-13,31-14,31-15,31-16,31-17,31-18,31-19,31-20,31-21,31-22,31-23,31-24,31-25,31-26,31-27,31-28,31-29,31-30,31-31,31-32,31-33,31-34,31-35,31-36,31-37,31-38,31-39,31-40,31-41,31-42,31-43,31-44,31-45,31-46,31-47,31-48,32-1,32-2,32-3,32-4,32-5,32-6,32-7,32-8,32-9,32-10,32-11,32-12,32-13,32-14,32-15,32-16,32-17,32-18,32-19,32-20,32-21,32-22,32-23,32-24,32-25,32-26,32-27,32-28,32-29,32-30,32-31,32-32,32-33,32-34,32-35,32-36,32-37,32-38,32-39,32-40,32-41,32-42,32-43,32-44,32-45,32-46,32-47,32-48
1,9666.812176770492,6587.355688663854,8531.556920567782,9461.253076932377,10018.56525935774,10052.048943104588,8692.114208117198,9916.300574729903,9850.77773197549,11314.7255199654,9894.05546960585,8354.472076051386,8603.465549550127,8588.339733737468,10628.367652031211,10157.267942223596,11109.057281894546,9188.810364481795,10102.870915281841,8544.194338421028,12325.382517322429,11939.653728451529,11926.176571205942,9228.194338421028,12435.859674568015,13859.278093302251,13391.840095064232,13669.681646745272,13699.939804871845,12542.905360076844,13461.926751869323,13472.781356552885,13408.085200188283,12548.38251732243,13685.946331373107,12158.792597266707,15263.763589337797,12714.97243737815,15900.696512036488,16626.55764322131,15101.371276608605,15022.841907352928,13399.013408674416,11104.640675449005,10107.320154233685,11646.217542502207,4566.777009321957,1223.6522831444674,2298.5282796205074,2871.1312526787515,3797.469541109158,4344.556197914249,4148.3716435902425,3020.0920936711855,3113.2048564813213,3400.5431449117273,3753.033355159836,4227.1200119649275,4689.881433342133,3607.9401718534837,4339.172223975015,5199.278460283889,3448.245827777585,5337.722985023171,4150.391223094026,4071.284986785151,4659.7621440307375,5416.490932901639,5676.2262482738015,5458.206668770018,4806.339011083937,5205.603695711774,4576.3716435902425,5817.028640947272,5002.683826015605,4911.531904197902,4969.590642709252,4886.061273453578,5521.571063205469,5339.770482820696,5426.538430699164,5608.94198414218,5263.121824253625,5226.610222213036,4981.93545764092,6083.982955438445,5153.419141387767,5269.147930258669,5021.742564526954,5064.994196152269,4805.020302157313,4344.775197033259,3316.4713533978565,7710.49165555517,2962.9401718534837,3545.6410424306437,4536.721172734473,4597.191803478798,4887.463014607896,4859.311092790195,5055.543144911727,4510.178750476276,5038.7686705319975,5348.987669651008,4863.291513286412,5788.245827777584,4979.397749595287,5021.5170389066825,5659.2654072813675,5937.610222213036,6810.3538763751585,6316.57106320547,5340.35859058772,5445.768670531998,6112.048220451055,5974.21972177254,5946.670773013082,6486.406088385245,5789.061273453577,6078.928931139659,6073.041693949794,6788.551483701685,6553.7509033169135,6171.816168329524,6409.048220451055,6269.0090614434885,6967.492745190337,6651.393035382724,6407.922404638397,7243.30819086633,6886.460112684031,6673.061273453577,6436.269031858764,6796.585928496688,6817.353876375157,6119.935457640919,6140.696879018126,6688.664246511822,6325.378170091502,4331.682013726907,3685.368741666377,3502.608409924338,5161.079040668663,6011.801303038303,5671.682013726906,5188.198329980059,5046.675487225646,5293.523565407944,5154.7621440307375,5541.7686705319975,5868.232774775062,5657.71645852191,5749.590642709252,5519.286799073849,5200.7621440307375,6366.061273453577,4540.768670531998,5427.855327337089,4779.623275215557,5576.974616648486,5904.312905078892,5172.345537585198,6378.141403757408,5977.664246511822,4136.391223094026,6263.228060562498,5829.353876375157,5731.147930258669,6330.763956319435,6261.87019262831,6152.744376815652,6236.996008440967,7037.73785031439,6944.37345587894,7342.7182708106075,7173.295137863806,6576.228060562498,6801.24111356502,7579.765768608133,6613.7182708106075,7655.67258530178,7935.414427175204,7520.466639185292,7174.102244749842,6944.406088385245,7122.803115327001,6877.558010202947,5959.894486344656,4224.397749595287,3754.627989428121,3855.502173615463,5688.317619291456,5262.959751357266,5352.675487225646,4886.033355159836,6202.994196152269,4693.490932901639,5028.868380339612,6392.670773013082,5004.087379458622,5882.080852957361,5997.3799823802,5804.9028251346135,5968.2933255751095,5904.770482820696,4900.206668770018,4766.087379458622,5006.670773013083,4126.1870892662355,4529.558010202947,4573.325958081416,5994.076138744797,6026.969902435923,6724.937269929617,7235.362215165117,6684.911163924573,6252.659532299258,6102.208481058717,6065.447059681509,6749.16932205115,6860.427480177726,6057.427480177726,7236.136689544843,6661.546769489122,7334.559822491644,7543.804927615699,7633.778821610655,7619.5337164866,7744.6399527954745,7581.924216927095,7603.420953676465,6943.692164805564,6867.969902435922,7506.30819086633,7610.889772132094,6386.855327337091,4827.152644471233,4415.972804359789,4592.721172734474,5736.436908602853,5458.065987666141,5005.801303038304,6280.226248273801,5971.067799954838,6064.067799954839,5500.94198414218,5869.29985207637,5840.9354576409205,5239.948510643442,6133.73132381313,5403.445247392811,4983.538430699164,5815.976428937183,4694.325958081415,4880.412614886506,5003.664246511822,5222.763956319435,5060.076138744797,4622.260693068804,4332.612034501733,5288.956849433402,5670.501083980295,5618.460112684032,5019.737850314391,6256.010873732187,5980.301664365068,6328.420953676465,6512.16932205115,6203.898110922051,5990.831033620743,6260.023926734708,6864.937269929616,7934.587740785388,6383.698691306825,7735.878531418267,7818.210293347414,7536.149742547366,7011.414427175205,5691.5728754941665,7342.633426294215,7188.546769489121,7439.4274801777265,7331.215007559978,6366.471353397857,5512.742564526955,4626.569250916772,4856.595356921816,5850.649381220601,5240.801303038303,5651.139591468709,6124.458300395334,5950.325958081416,5067.564536704209,5840.816168329524,5297.325958081415,5562.16098326119,5286.783535823218,5093.412614886506,5509.048220451055,5389.412614886505,4362.941984142181,5224.638140506777,4888.386508881462,5123.505798192859,4306.492745190337,4224.538430699165,3915.373455878941,4423.36692937768,4908.208481058716,4228.724797311869,5096.434006678987,5220.507610481556,5312.911163924574,4421.831033620743,6562.845898911963,4873.434006678987,5042.546769489123,6089.394847671421,5667.130163043585,6685.110583539801,6531.414427175204,6779.858951914485,7655.488030977773,6895.420953676465,7649.594267286648,7813.282084861285,6820.924216927095,7637.414427175205,7447.791874613178,5797.438720891551,5670.584116207992,4635.046408162358,5210.304566288934,5413.039881661097,5057.430382101591,5954.497459402899,5717.987669651008,5693.180562764975,5737.067799954838,5153.803115327001,5367.15445675993,5525.260693068805,5233.644667008039,4689.948510643442,4943.683826015605,4284.167509762453,4627.141403757409,5002.360402876418,4314.386508881463,3947.121824253625,4054.1152977523643,4756.572875494168,4059.5728754941674,3516.0155879447507,3645.58592849669,3740.301664365069,4843.362215165118,4255.301664365069,4815.546769489123,3962.8114541169607,4567.765768608133,4400.050032739754,4660.679111803041,5017.182375053672,5117.407900673943,5719.7461891043495,5798.39484767142,6164.295137863808,6599.772295109393,6913.852425413224,7424.7461891043495,6861.885057919529,6740.084477534756,7108.514136982817,7195.653005797997,7050.75271560561,6667.685638304303,6458.499271691599,5764.968090147226,4638.449961605375,5750.033355159836,5992.981143149747,5602.8749068408715,5450.146117969971,4539.907539347178,5196.974616648486,5539.464826896594,5774.1870892662355,5371.538430699164,5879.644667008039,4628.29332557511,5652.612034501733,4045.816168329524,5137.51885119538,4453.479692187815,4959.095718248581,4447.340823372635,4490.0025349422285,4440.492745190337,3513.002534942229,3598.7117443093475,3733.201954557456,3402.6120345017334,4107.659532299259,3878.0435062384936,4095.8049276157,4421.672585301781,5341.442345468948,4532.898110922052,4696.136689544845,4938.514136982818,4751.646479296737,5275.546769489123,5121.772295109394,5629.7461891043495,5684.262505357503,6661.739662603088,7095.713556598044,6787.3883211701595,7089.269031858763,6615.685638304303,6502.043506238492,7155.368741666377,7005.420953676465,6687.241113565022,5819.696879018127,4076.972804359788,4337.47606761042,5698.510512405422,5787.3716435902425,5606.729511524432,5394.994196152269,5118.93545764092,5277.683826015604,5814.29332557511,5319.425667889029,5652.299852076371,5834.698691306824,4850.174036263714,4720.280272572588,4197.425667889029,4966.777009321957,4063.1870892662355,5003.817980618222,3451.770482820697,3545.73132381313,3549.883245630832,3150.638140506778,3914.4731656865547,3796.4666391852925,4185.4274801777265,3554.215007559978,3500.1758485524115,4336.282084861286,3834.7984011144385,4288.798401114438,4072.1627955498893,3614.314717367592,4271.66605880052,5752.839372410702,4345.043506238492,4625.553295990384,5161.4274801777265,6182.355688663855,5899.4945574790345,6560.494557479034,6059.546769489123,5710.182375053672,6145.30819086633,6752.772295109393,7084.88505791953,7246.136689544845,6319.87019262831,5506.584116207992,4795.946698354745,4526.966277858528,5518.291513286411,5402.391223094025,5350.755617529476,5335.397749595286,5389.616748714296,5588.319431580154,5916.816168329524,5302.319431580154,5740.696879018127,5293.492745190337,4511.558010202947,4435.803115327001,4839.551483701685,4455.551483701686,4256.763956319435,4226.022114446012,3642.6577200105617,4018.572875494167,3948.3604028764184,4070.6120345017334,3350.7770093219574,5193.10405703854,4012.7117443093466,3706.9699024359234,3298.4927451903372,3517.453586182771,3876.453586182771,3535.1758485524115,4171.52718998534,3932.9176904258343,3728.2019545574553,4170.58592849669,4683.692164805563,4887.0304532359705,5259.501083980295,5546.898110922051,5519.520663484078,6183.633426294214,5916.407900673943,5518.301664365068,6217.5337164866005,6844.639952795476,6798.249452354981,6333.777009321957,5703.7229850231715,3961.6279894281215,4445.330672293979,5610.052934663618,5153.271933782628,5357.610222213036,6066.71645852191,5438.258880780107,5625.577589706731,5652.577589706731,4971.887959843394,5865.577589706731,5624.551483701685,4991.981143149747,4679.6903525168655,5263.664246511822,5106.022114446011,5322.115297752363,4873.128350754885,4037.1609832611916,4081.631614005517,3463.29332557511,4230.989481939707,3609.1675097624525,3266.3995618839845,4265.0304532359705,3332.2606930688053,3762.5337164866014,3484.6725853017806,3487.195428056195,3671.605508000472,4187.791874613177,3872.8310336207433,3930.440533180249,4837.559822491645,4949.16279554989,4869.904637423313,5501.136689544845,5626.130163043584,5504.88505791953,5140.050032739753,5837.553295990383,5751.937269929618,5960.340823372635,6654.785348111916,6572.679111803042,6193.657720010562,5498.365117088982,4332.966277858528,4642.0920936711855,5439.927118850961,5259.178750476276,5073.794776537043,5287.775197033259,5175.881433342134,5810.239301276322,5883.352064086458,4895.007249154791,5338.358590587721,5878.200142268758,5717.061273453577,5172.458300395334,5731.525377696642,5570.809641828262,4869.670773013083,3848.5906427092527,4342.6511935093,4705.989481939707,4428.273746071327,4214.028640947273,3923.7247973118697,4119.028640947273,3766.6185610029947,4106.625087504256,3705.5924549979504,3408.3212438688524,3292.2150075599775,3781.8375601220046,3441.7117443093475,3795.4405331802486,3684.592454997951,3483.1022447498426,4010.3147173675907,5108.050032739753,4684.937269929618,4671.924216927096,5794.733136101829,5730.02392673471,6136.600793787909,5175.811454116961,5503.427480177726,5898.52718998534,6039.8245071194815,5970.340823372636,6299.412614886507,5598.597169210514,4343.588830420555,4600.463014607897,5624.768670531998,5199.927118850961,5371.914065848439,5629.861853838351,5618.352064086459,5723.352064086459,5532.080852957361,5695.080852957361,5458.345537585198,5878.809641828262,5968.312905078893,6012.499271691598,5445.822694830784,4802.29985207637,4860.531904197904,5132.544957200425,5449.23458706376,4665.353876375158,4590.922404638398,5133.51232469412,4509.844086623266,4149.379982380202,3976.6381405067773,4208.102244749843,3855.605508000472,3699.314717367591,3958.301664365069,3815.3081908663303,4315.718270810608,4246.579401995428,4531.4274801777265,5134.81145411696,5460.553295990384,5177.533716486601,5419.275558360025,5514.540242987861,5786.759242106871,5641.050032739753,5940.043506238491,5589.863666127048,6062.327770370113,6114.2280605625,6084.57758970673,5161.668960724385,3917.369831301545,4321.098620172447,4316.330672293979,5710.5170389066825,5220.881433342133,5449.655907721863,5410.4974594029,5493.755617529476,5905.106958962404,5640.35859058772,5737.597169210512,5580.736038025692,5832.829221332046,5144.742564526954,5154.074326456099,6054.896298633354,5134.200142268757,5443.406088385245,5499.035167448533,4826.43219439029,5247.360402876418,4838.915878137137,5118.419141387768,4541.961563645964,4245.08919174732,4783.777009321957,4632.757429818174,4332.844086623265,4127.009061443489,4185.618561002994,4331.414427175205,3791.2084810587166,4253.66605880052,3623.889772132093,4791.334296871373,5198.301664365069,4583.798401114438,4975.486218689075,5583.036979737231,5204.0696122435365,5801.262505357502,5550.863666127048,5121.314717367591,6027.863666127048,6935.6055080004735,5680.8683803396125,5865.412614886507,4011.4825941116806,4478.608409924338,5384.894486344656,4863.788250035781,5360.7621440307375,5466.258880780107,4484.298039787673,5223.881433342133,4662.736038025692,5639.887959843394,5236.901012845917,5359.126538466187,4849.5170389066825,5740.835747833307,5247.9746166484865,5755.067799954839,5420.822694830784,5396.425667889029,5299.558010202947,5426.035167448534,5422.92893113966,5345.419141387768,5173.896298633354,5244.406088385245,4854.79658882574,4873.141403757409,4558.625087504255,4852.486218689076,4747.9633759346625,4376.327770370113,5240.201954557455,4295.943796430879,5101.81145411696,3923.969902435924,4490.7117443093475,5409.917690425835,4799.546769489123,4833.811454116962,4650.102244749842,5358.050032739753,5235.492745190337,5645.937269929618,5443.963375934662,5409.579401995428,5381.889772132092,5776.518851195382,5638.4974594029,5382.291513286413,4100.866568050915,4258.860041549653,5463.530091909206,5578.887959843394,5165.133064967449,5374.901012845918,5233.887959843394,5430.901012845918,5519.4974594029,4977.278460283889,5253.781723534521,4923.874906840873,5683.365117088981,5860.477879899116,5898.21319527128,5697.43219439029,4774.352064086459,6233.922404638397,5745.65772001056,5513.922404638398,5528.167509762452,5041.961563645964,5365.325958081415,5878.273746071327,5344.564536704207,5408.425667889029,5233.5057981928585,5349.857139625788,5286.208481058717,4810.698691306825,4818.711744309347,5057.492745190337,5208.8049276157,5342.043506238493,5611.45358618277,5021.672585301781,5146.479692187815,5485.937269929617,6019.201954557455,5220.679111803041,4997.3212438688515,5232.59245499795,5995.95032293214,5164.373455878939,5876.115297752364,6570.280272572588,5753.1200119649275,4652.820882542087,3656.011963367355,3794.4956471142023,5090.536618410467,4842.675487225646,5431.106958962405,5229.152644471233,5810.080852957361,5342.245827777584,5332.736038025693,5788.126538466187,5643.636328218079,5324.636328218079,5687.1200119649275,5566.8683803396125,5633.842274334567,5501.603695711774,6273.770482820696,5869.809641828262,6149.174036263712,6198.551483701685,5681.829221332046,5916.174036263713,5651.564536704207,5317.961563645964,5904.889772132093,5823.598981499211,5234.492745190337,5511.59245499795,5279.685638304303,5519.692164805563,5252.102244749842,5135.460112684032,5293.653005797998,5391.566348992907,5745.288611362546,5527.59245499795,5178.479692187815,5116.598981499212,5595.937269929618,5847.208481058716,5296.824507119482,5590.334296871374,5417.763956319435,5311.538430699164,5697.041693949795,5280.007249154792,4237.417329099069,3642.747278739518,4013.1247261774906,4978.668960724385,4857.4108025978085,4742.695066729428,5205.252354278846,4770.675487225646,5563.239301276323,5164.755617529476,5297.146117969971,5518.365117088981,5670.497459402899,5566.994196152269,5912.987669651008,6081.848800835829,5494.232774775062,4295.284986785151,5626.3324845826755,5805.180562764974,5893.94198414218,5516.948510643442,5736.597169210513,5355.100432461144,5455.968090147226,5468.790062324479,5746.922404638397,5915.035167448534,6068.625087504255,5773.625087504255,5681.969902435922,5037.082665246059,5933.943796430878,5602.45358618277,5366.698691306825,5008.73785031439,5637.460112684032,4461.7509033169135,5829.937269929618,5843.837560122005,5359.976428937183,5803.711744309347,5713.705217808085,5613.201954557455,5682.724797311869,5512.464826896596,5295.814356040826,4594.84046204587,3699.998910364833,3732.654095433166,5132.178750476276,4920.039881661097,5517.762144030737,4679.543144911728,4887.278460283889,5465.000722653531,5189.258880780107,5310.339011083937,5490.126538466187,4979.78172353452,5455.397749595286,6113.206668770018,5169.345537585199,5278.636328218079,5327.378170091502,5667.007249154791,5475.868380339612,5869.2933255751095,5770.061273453577,5896.200142268757,5382.941984142181,5786.200142268757,6174.670773013082,5751.941984142181,6117.015587944749,6593.857139625787,5863.737850314391,5908.327770370112,5986.050032739754,5922.340823372634,5280.612034501733,5543.314717367591,6129.605508000472,5898.579401995428,5038.208481058716,5530.473165686554,5593.705217808085,5904.215007559977,5498.863666127048,6465.2820848612855,6088.460112684032,5793.5449572004245,6372.696879018127,4512.172223975016,4499.165697473754,3357.534806121769,4207.508700116724,4838.33719879524,4320.185276977538,3901.860041549653,5039.668960724385,5437.000722653531,4657.7621440307375,5041.801303038304,5260.284986785151,4854.642854719341,5042.159170972493,5472.503985904161,4899.768670531998,5420.584116207991,4885.523565407944,5742.384696592764,5065.775197033259,5192.5170389066825,5445.232774775062,5478.4974594029,6562.777009321957,6309.9354576409205,5703.57758970673,5861.848800835829,5866.29985207637,6241.286799073848,5988.883245630832,4801.558010202947,6133.718270810607,6257.850613124527,5973.937269929618,5994.295137863807,5666.969902435923,5961.09571824858,5820.4274801777265,5779.592454997951,5522.976428937184,5752.050032739753,5829.095718248581,5374.531904197903,6038.360402876418,5711.234587063761,5878.419141387767,6129.6903525168655,5607.000722653531,4700.298039787674,3570.469541109158,3327.04459587366,4461.47606761042,5147.304566288934,4609.059461164879,4398.972804359788,5095.530091909205,4980.291513286412,4814.788250035781,5405.523565407944,4590.4499616053745,4627.436908602853,4832.649381220601,5198.298039787673,4894.78172353452,5204.675487225646,5104.245827777584,5751.994196152269,5515.749091028216,5492.861853838351,5656.597169210513,5408.881433342134,5482.087379458621,5454.603695711774,5400.365117088981,5526.709932020649,5810.948510643442,6428.406088385245,5801.525377696642,5565.37345587894,5869.1479302586695,6264.982955438445,5980.618561002994,6210.334296871374,6180.050032739753,5840.347349873896,5943.963375934662,6188.4274801777265,6619.711744309347,5721.115297752363,5235.499271691598,5689.618561002993,5646.644667008039,6389.347349873895,5778.896298633354,5574.603695711774,5681.093905959884,5490.5496714129895,3602.19832998006,3403.2962274989754,3637.654095433166,4524.224435985104,4324.079040668663,4600.178750476276,4618.020302157313,4258.84046204587,5020.284986785151,4598.469541109158,5129.556197914249,4727.827409043348,4368.959751357266,5025.298039787673,5335.033355159835,4799.026828658575,5351.629801716818,4890.775197033259,5387.397749595286,5213.0137756560525,5250.775197033259,5236.258880780107,4431.059461164879,6077.842274334567,5209.4974594029,5958.419141387767,6429.783535823219,5829.948510643442,4803.85532733709,6032.01558794475,6471.612034501733,6077.850613124527,5963.002534942228,5954.51232469412,5880.3799823802,5947.2150075599775,5828.989481939705,6022.121824253625,5536.499271691598,5682.7509033169135,5805.141403757408,5878.902825134615,5915.5057981928585,5434.544957200425,5809.7295115244315,6013.371643590242,5597.05946116488,2719.5152266179857,3512.647568931904,3601.0445958736605,4321.62146292686,4172.137779180012,4264.846988547131,4189.469541109158,4102.363304800283,4549.20485648132,4436.721172734473,4740.217909483843,4756.1983299800595,4961.933645352223,4921.9205923497,5205.6624342231235,4878.569250916771,5188.172223975015,4650.046408162358,5659.623275215557,5261.530091909205,4739.423855600331,5488.133064967449,5446.636328218079,5570.981143149747,5495.080852957361,5792.345537585197,5666.955037144703,5543.319431580154,5523.729511524432,6131.406088385244,6385.228060562499,6527.373455878939,5627.902825134614,5792.479692187815,5892.15445675993,5637.160983261192,6033.076138744798,5420.763956319434,4850.312905078893,6380.128350754885,5746.889772132093,5623.028640947272,6036.889772132093,5876.922404638398,6125.432194390289,5913.378170091502,5504.894486344657,5419.330672293979,3309.9923838635714,2968.6867279394705,3225.1965176913623,5052.562724415509,3884.634515929382,4173.48259411168,4303.866568050914,4281.627989428121,4363.250541990148,4185.766858243301,4827.575777418032,4331.846988547131,5177.172223975015,5028.311092790195,5128.1983299800595,5591.755617529476,4760.6950667294295,5299.497459402899,4778.298039787673,4689.430382101592,4619.940171853483,5058.298039787673,5174.033355159836,5109.523565407944,5134.523565407944,5295.729511524432,5570.239301276323,5944.106958962405,5597.106958962405,5794.445247392811,5888.067799954839,6109.651193509299,6111.525377696642,5743.677299514344,5884.035167448533,5501.896298633354,6047.15445675993,6033.393035382723,5853.770482820696,5947.393035382724,5392.889772132093,6666.863666127048,5578.451773894072,5591.100432461144,5798.3324845826755,5635.007249154791,5693.332484582676,5015.543144911728,3294.11819967623,3119.5478591242904,3353.9448860660464,4228.62146292686,3716.422043311633,3602.912253559741,4179.376357802806,3914.8730945521747,3946.627989428121,4763.469541109158,4328.879621053436,4446.853515048391,4531.727699235734,4877.085567169925,4605.2374889876255,4441.972804359788,3973.6214629268593,5261.662434223124,5373.523565407944,4626.0529346636185,5508.920592349699,4876.178750476276,5257.530091909205,5118.530091909204,5439.271933782629,5184.126538466187,4953.258880780107,5637.981143149747,5753.809641828262,5857.835747833306,5353.948510643442,5604.3324845826755,6284.625087504255,5843.393035382724,6154.777009321957,5527.061273453578,6162.518851195381,6312.141403757409,5832.696879018126,5702.174036263713,5216.067799954839,5593.683826015605,5910.200142268757,5702.007249154792,6147.749091028215,5058.185276977538,6186.007249154792,5617.603695711775,3680.005436866094,3186.686727939471,3313.8125437521285,3952.3959373065895,3817.2766479951915,3916.408990309111,3885.1573586837953,3893.541332623029,3620.9383595647855,4053.515226617986,4928.84698854713,4687.489120612941,4385.515226617986,4218.137779180011,4725.959751357266,4936.330672293978,4841.84046204587,4515.317619291456,4793.072514167402,4744.833935544608,4425.456488106636,5148.3045662889335,4964.191803478799,4860.1983299800595,5530.994196152269,4830.510512405422,5304.642854719341,5168.629801716819,5823.703405519388,5702.319431580154,5684.319431580154,5945.829221332046,6285.551483701685,6036.816168329523,6105.412614886506,5793.067799954838,5455.961563645964,6169.822694830784,5644.6903525168655,5725.187089266234,6083.915878137137,5838.722985023171,5571.868380339612,5720.1200119649275,5883.404276096548,6119.298039787673,6127.4434351041145,5470.820882542086,4044.395937306589,3013.196517691363,3217.6932544407314,4174.515226617985,3571.912253559742,3738.6475689319045,4327.601883423076,3859.515226617985,4159.137779180012,4150.515226617985,5237.204856481319,3922.9253065622634,4829.860041549653,4432.005436866094,4335.395937306588,4215.018489868615,4207.005436866094,4898.727699235734,4989.966277858528,4837.330672293978,5079.317619291456,4647.966277858527,5191.7015932306895,4784.575777418033,5141.404276096548,5444.384696592764,6046.7295115244315,5543.106958962405,5312.384696592764,5944.458300395334,5669.345537585197,6010.193615767495,5907.558010202947,6023.696879018126,6022.816168329524,6020.829221332046,5564.345537585197,6221.729511524431,5120.000722653531,5078.245827777585,5582.868380339611,6379.623275215557,5546.907539347178,5660.298039787673,5738.046408162358,6411.927118850963,5469.814356040826,4251.8796210534365,2353.0968078837486,2958.454675817938,3940.667148435687,3878.402463807849,3971.9122535597407,3619.54133262303,4316.3828843040665,3582.8060172508663,4407.521753119247,3932.302754000236,4207.163885185057,4309.031542871138,4352.12472617749,4934.502173615463,4295.40246380785,4438.3828843040665,4867.469541109158,4378.26359499267,4851.853515048392,4596.005436866093,4612.9858573623105,5089.105146673707,4779.721172734473,4776.953224856006,4908.9466983547445,5331.046408162358,4894.927118850961,5494.252354278845,5421.0137756560525,5585.848800835829,5828.345537585198,5378.471353397856,6201.206668770018,5548.378170091502,5486.742564526954,5888.736038025693,5304.755617529476,5630.471353397856,5518.0137756560525,5831.603695711774,5766.133064967449,5907.78172353452,4988.840462045869,6157.072514167401,5477.105146673706,5262.608409924337,5031.601883423076,3732.144305681274,2488.335386506542,2989.9514125673077,3738.54785912429,3507.0511223749218,3822.7864377470837,3725.4024638078504,3918.8992005572195,3852.918780061003,4156.289700997714,4133.534806121768,4211.779911245822,3971.4220433116325,3723.176938187579,4333.408990309111,4726.257068491409,4534.773384744562,4694.721172734473,4658.3828843040665,4954.97933086105,4749.886147554696,4844.105146673707,4796.727699235735,4813.9858573623105,5171.933645352222,5140.456488106635,5217.8078295395635,5368.1983299800595,5298.159170972493,5604.13959146871,5076.6624342231235,5469.391223094026,5382.874906840873,5763.987669651008,5929.716458521909,5428.352064086459,5727.384696592764,5636.2654072813675,5781.378170091502,5795.530091909205,5466.556197914249,5151.549671412988,5455.430382101591,5487.072514167401,5535.079040668663,4421.356778299024,4304.747278739518,2255.270121493931,2379.8125437521276,2876.0707018787043,2870.5674386280734,3266.7929642483455,2921.289700997714,3178.918780061002,3019.5348061217687,3982.9597513572667,3349.9187800610025,3474.237488987626,4619.12472617749,4035.9793308610497,3722.131252678751,3848.005436866094,3859.4891206129405,3742.641042430643,3994.614936425599,4205.250541990148,4333.1983299800595,3636.250541990148,4333.9466983547445,3803.363304800283,3897.3110927901953,3946.3502517977618,4612.668960724385,4736.582303919293,4368.714646233211,4381.0920936711855,3723.4042760965476,4245.046408162358,4978.165697473754,4760.9075393471785,4880.365117088981,4576.901012845918,4663.4974594029,4425.543144911728,4757.887959843395,4142.530091909205,4217.788250035781,4560.636328218079,4308.391223094025,4704.610222213036,3929.152644471232,2906.9140658484393,4103.423855600331,2725.9793308610506,2120.9122535597417,1444.595356921816,4998.937269929618,5503.87853141827,5437.945608719578,6668.635238582912,6598.437631256384,6244.88505791953,5302.316529656289,9758.949233296971,8245.610944866567,7365.2204444260715,7894.721895388004,7293.266129934899,9553.341546026164,8639.114208117197,8417.650103874133,8869.253076932377,9314.975339302018,9504.187811919768,8997.63052437035,10351.671495666613,11437.063808395806,11841.540965641392,10911.235309717293,10849.58012464896,11287.3023870186,9443.92312729193,9384.300574729903,11273.321966522382,11236.016310598281,13122.859674568015,11365.519573848911,12689.918413079364,12534.315440021119,11812.732046466659,13915.469174127522,11375.638863160308,10214.523198426308,8104.98839230454,11473.122546907156,16081.787883054141,16033.688173246528,13849.614569443962,7776.90826200071,6820.808552193097,7769.101155114675,6347.246550431117,5384.007971808323,9621.023559753074
2,12341.724382166332,7975.836637013044,10115.634695325294,11075.887910217029,11852.924913353727,11947.159626677108,10274.397161001201,11607.708701598693,11629.472577774955,13256.902180284314,11789.630463824233,9931.808261942211,10286.98464955984,10436.788349873506,12540.294779656972,12012.629053323875,13254.822532009497,10983.826763510562,12083.765616804096,10283.199450814518,14463.781297371735,14148.939183421011,14212.253545019208,10953.7485257361,14685.74147323433,16482.464114772825,15627.328961792962,16014.8965382829,16040.092837969227,14876.291958656266,15783.778476371026,15936.660414459157,15873.956274489004,14716.252134518856,16029.465525273183,14286.233632950505,18391.439971203057,14952.348873861667,18648.559443615282,19285.34323186025,17917.835391576427,17651.246492517435,15976.522440478584,13153.07574690123,11939.47398827531,14591.132662106633,5764.2135558180635,1900.8137388798914,3293.534969918036,3947.5932956237934,5175.808096878473,5637.08122383891,5541.843689514817,4309.257611456536,4210.806686378118,4689.277523525239,5086.569152054026,5829.234878387122,6321.451090142157,4913.197875250424,6037.921927289277,6795.7256276029475,4846.293204092879,7133.037168200437,5636.000165063739,5642.392764436399,6300.4112660047485,7010.880692651515,7467.702894533535,7326.664480896481,6452.273292024176,6869.057080269142,6117.293204092879,7738.4070345036835,6595.09408340584,6430.370031366987,6603.1751421810095,6555.153819611952,7182.076992337845,7035.759809738936,6963.897783719511,7435.624656759073,6886.839458013752,7060.428357072742,6510.724217102593,8095.738487169878,6723.8010443767,6842.8792821511615,6750.214966318419,6690.958930425977,6393.921927289277,5692.903425720929,4273.256200956181,9368.690200030342,3939.2576114565354,4606.985894996454,6057.944660358691,6130.375673368404,6307.473823211569,6548.550650485675,6747.177963181719,6071.37426286805,6863.567741553671,7099.333028230287,6660.334438730642,7609.234878387122,6740.3145266619385,6781.667301897191,7546.900604720219,7913.880692651515,8907.759809738936,8271.15381961195,7435.998754563385,7237.27470252453,8128.350119298282,7846.115405974899,7890.583422121311,8435.055669768786,7554.173731680656,7977.958930425975,7883.310295160874,8804.761220239292,8857.563510052609,7960.428357072744,8248.448269141447,8115.2704710234675,9026.563510052605,8714.819545945049,8246.113995474545,9379.582011620956,8773.583422121312,8500.957519925621,8422.267650022757,8769.563510052607,8916.916285287858,7956.8010443767,7928.508005347559,8554.27188152382,8242.744129171297,5673.826598446822,4683.071350336426,4560.729859104011,6509.533559417681,7753.2960250935885,7272.3557612997,6877.217787319128,6817.941839357982,6921.196464750069,6891.765451740355,7253.607565691078,7794.17514218101,7474.057080269143,7602.468181210151,7331.920516788923,7117.587653622375,8414.761220239292,6285.549239985321,7192.488093278856,6541.547829484966,7455.842279014461,7808.429767573098,7038.350119298282,8380.074171337135,7804.270471023467,5623.314526661938,8199.896373219155,7529.368620866631,7756.641747827068,8336.564920552963,8214.995933562675,8228.719985601529,8209.426946572388,9137.445448140737,9243.601923689659,9686.641747827067,9285.641747827069,8631.288972591816,8841.563510052605,9705.405624003331,8679.46536020944,9770.99452306232,10189.031526199018,9577.99452306232,9175.719985601529,8907.897783719509,9135.857959582103,9008.937607856918,7857.216376818773,5530.293204092879,4946.024308633507,5165.278934025593,7480.2376993878315,6990.630298760492,7055.530738416973,6674.294614593235,8106.958930425976,6346.998754563385,6841.822366945758,8389.21214531771,6749.744129171297,7791.428357072742,7808.035757700083,7761.330207229579,8053.095493906195,7747.466770709796,6544.958930425976,6730.38994343569,6891.937607856918,5659.449679641802,6136.958930425977,6285.133907543248,8005.79822337599,8091.818135444693,8927.28756209146,9451.87364014974,8868.28756209146,8224.269060523111,7904.621835758366,8009.6616598957735,8849.836637013042,9216.424125571679,8099.347298297573,9521.325975728514,8800.876461150452,9468.327386228868,9622.28756209146,9618.052848768079,9848.855138581392,9931.99452306232,9710.640337326713,9640.503773846496,8863.857959582103,8841.583422121312,9635.75839923858,9870.19082274865,8209.764041240001,6285.941839357983,5684.866422584229,6154.690034966603,7478.47382321157,7129.590474623084,6779.432588573807,8149.645979328132,7936.586243122019,8026.762630739646,7260.78254280835,7533.742718670943,7754.8408685141085,7050.527917416262,7882.408445004038,7229.057080269142,6840.076992337845,7788.6431583274225,6494.370031366987,6671.330207229578,6803.015845631378,7066.584832621666,6913.30888466052,6406.035757700083,6100.976021493971,7091.0343471997285,7713.836637013043,7566.994523062321,6871.9959335626745,8095.247737954054,8118.0727608367815,8321.562099552251,8625.267650022757,8190.1111744738355,8117.40562400333,8284.680161464123,9101.856549081747,10232.462539208733,8477.91628528786,10048.365799865922,9750.071350336428,9535.09126240513,9068.60192368966,7624.054259268432,9331.325975728514,9155.189412248295,9450.189412248295,9361.934786856207,8359.644568827776,6996.685803465541,5974.924748289987,6364.1608721137245,7612.941839357982,6828.139549544667,7537.451090142155,7968.291793592524,7617.253379955471,6811.606155190724,7687.1154059749,7133.762630739646,7317.2320573864135,7088.547829484967,6901.840868514108,7517.0158456313775,7140.664480896481,5973.527917416262,7128.721396101884,6743.448269141447,7064.857959582101,5924.6431583274225,5960.133907543248,5589.761220239292,6171.741308170587,6759.6815719644765,5925.877871650806,6961.0727608367815,7028.209324317,7153.523685915199,6192.6815719644765,8591.345887797219,6783.563510052608,6974.112584974189,8249.62042525801,7546.327386228869,8733.051438267723,8597.229236385705,8945.444037640384,9812.796812875637,8810.838047513398,9763.580601120602,10026.640337326713,8867.229236385705,9827.580601120602,9646.422715071323,7622.977431994325,7227.05708026914,6069.197875250424,6856.315937162292,7067.6288882601375,6829.765451740355,7896.018666632088,7542.783953308705,7612.075581837491,7487.155230112307,6883.351529798637,7154.584832621666,7394.859370082457,6995.428357072742,6207.862191083166,6810.075581837491,5936.5080053475585,6259.859370082457,6921.210734817354,5936.075581837491,5656.8991942198645,5775.388532935335,6537.210734817354,5722.6431583274225,5035.4866827785,5141.819545945049,5258.426946572389,6745.835226512689,5708.150998611242,6571.994523062322,5416.936197356563,6115.563510052607,5894.603334190015,6263.739897670233,6800.79822337599,6947.092672905486,7693.542187483548,7648.131086542539,8185.209324316999,8723.640337326713,8941.914874787504,9624.62042525801,8916.718575101175,8816.011614130315,9204.914874787504,9319.32738622887,9034.993112561966,8562.543597983902,8435.700073532826,7391.958930425976,6143.590474623084,7457.374262868049,7993.4112660047485,7435.803865377409,7165.0784028381995,6296.490914279564,6930.764041240002,7374.684392965184,7566.860780582812,7279.684392965185,7664.270471023467,6330.840868514108,7489.250558954762,5487.764041240001,7070.09408340584,6149.741308170588,6769.230646886058,6144.741308170587,6233.799633876344,6215.603334190015,4991.525096415553,5096.545008484258,5294.074171337135,4794.230646886059,5755.032936699374,5331.58342212131,5657.916285287859,6085.621835758364,7320.539366482839,5953.641747827068,6400.660249395418,6782.091262405131,6556.916285287859,7315.327386228869,6917.249148454408,7536.327386228869,7772.836637013044,8726.463949709087,9178.14958811089,8872.522275414845,9084.562099552253,8568.32738622887,8431.856549081747,9182.658838895062,8929.131086542537,8654.09126240513,7358.624656759072,5472.297435593942,5804.455321643219,7713.00016506374,7663.586243122019,7362.802454877054,7217.783953308704,6795.076992337845,7053.409855504394,7666.742718670943,7200.27188152382,7479.468181210153,7659.407034503685,6403.626067259427,6442.99734406303,5922.644568827778,6919.525096415554,5783.508005347559,6939.916285287859,4963.859370082457,4979.466770709796,4911.486682778501,4426.388532935335,5598.446858641093,5222.270471023467,5957.230646886059,4863.956109425268,4892.054259268432,5882.503773846496,5102.014435131025,5918.818135444694,5704.7199856015295,4760.603334190015,5712.465360209442,7699.03152619902,5764.465360209442,6354.3287967292235,6949.641747827069,8021.953288424558,7875.149588110888,8531.62042525801,8104.896373219155,7738.79822337599,8081.856549081748,8821.836637013042,9311.50236334614,9298.148177610534,8177.111174473834,7196.448269141447,6329.924748289987,6075.042810201856,7114.335849230996,7142.9617514266865,7196.176552681365,7069.569152054026,7195.567741553671,7521.370031366986,7742.095493906196,7175.547829484967,7731.526506915908,7068.741308170587,6212.2135558180635,6159.212145317708,6574.057080269142,6232.448269141447,6108.350119298282,6104.761220239292,5088.448269141447,5460.89778371951,5509.819545945049,5735.741308170587,4753.370031366986,7064.971789992906,5568.50518434685,5259.113995474544,4639.583422121311,4692.661659895772,5143.0727608367815,4925.112584974189,5713.445448140737,5193.563510052607,5210.857959582102,5868.799633876345,6544.99452306232,6511.229236385703,7031.209324317,7373.758399238583,7394.876461150451,8266.209324317,7846.387122434981,7378.190822748651,8270.463949709088,8892.737076669524,9003.853728081038,8129.132497042894,7477.66448089648,5311.533559417681,5825.180784182428,7407.57056255438,6900.707126034598,7095.234878387122,7861.409855504395,7179.88210315187,7462.429767573099,7541.744129171297,6724.020077132443,7718.037168200437,7321.644568827777,6691.547829484966,6349.095493906194,7251.330207229577,7016.937607856918,7243.466770709796,6753.466770709796,5621.173731680656,5951.3287967292235,4970.957519925621,5964.153819611952,5137.761220239292,4639.604744690369,5956.660249395417,4681.761220239292,5228.445448140737,4807.190822748651,4842.739897670233,5077.956109425268,5767.523685915199,5163.70148403318,5503.270471023467,6798.916285287859,6812.307474160165,6734.347298297573,7457.307474160165,7665.640337326714,7439.425536072034,7070.818135444695,7798.132497042893,7612.857959582102,7846.210734817354,8584.894962718801,8596.756988738227,8138.759809738936,7304.27188152382,5827.74836067236,6138.317347662647,7278.334438730642,6974.079813338554,6798.256200956181,6908.786774309414,6851.412676505103,7585.136728543956,8040.017256131733,6572.000165063739,7263.449679641802,7686.742718670941,7505.820956445404,6934.626067259429,7744.957519925622,7520.173731680655,6633.840868514108,5573.333028230287,6277.761220239292,6496.976021493971,6416.917695788214,5903.2903830921705,5484.09408340584,5870.446858641092,5482.897783719511,5697.054259268432,5012.3487087979265,4757.779721807641,4600.426946572388,5420.916285287859,4940.838047513398,5100.132497042893,5244.172321180302,4968.526506915909,5649.857959582102,6970.660249395417,6364.347298297573,6500.407034503685,7737.718575101175,7599.425536072034,8145.856549081748,7120.3287967292235,7301.641747827068,7958.483861777791,7942.032936699373,7908.79822337599,8374.68298246483,7302.1552301123065,5889.924748289987,6107.886334652933,7357.354350799345,6914.825187946467,7161.158051113016,7576.842279014463,7449.136728543957,7452.960340926332,7599.978842494679,7456.509415847913,7529.724217102593,7886.055669768787,7996.19364374936,8215.407034503685,7276.919106288568,6571.251969455117,6764.839458013753,7063.350119298282,7526.387122434981,6461.153819611953,6321.859370082458,7027.212145317709,6449.034347199729,5869.428357072744,5483.27188152382,5714.976021493971,5353.21214531771,5122.426946572388,5621.600513189305,5364.661659895772,5852.172321180301,5861.3871224349805,6304.876461150452,6837.739897670233,7282.896373219155,7150.034347199729,7273.523685915199,7413.838047513398,7749.013024630671,7555.034347199727,7874.818135444696,7469.074171337137,8271.934786856209,8192.623246258718,7958.153819611952,6813.961751426686,5319.749771172716,5845.415497505813,5831.591885123438,7537.354350799345,7074.451090142156,7165.550650485678,7222.138139044311,7362.0784028381995,7658.68580346554,7435.254790455827,7518.685803465539,7469.27470252453,7764.155230112307,7003.705715534244,6981.822366945758,7958.564920552963,7037.900604720219,7410.6047446903685,7434.9191062885675,6756.331617729933,7144.328796729224,6729.526506915909,7109.8010443767,6429.350119298282,6131.485272278146,6564.4866827785,6288.370031366986,6116.70148403318,5764.506594847205,6090.974610993617,6116.79822337599,5309.250558954763,5996.485272278145,5159.566331053316,6553.759809738936,7184.190822748651,6330.663070396127,6730.6431583274225,7351.6815719644765,7253.661659895772,7629.523685915199,7538.701484033179,6920.523685915199,7977.523685915199,8897.034347199728,7516.998754563385,7486.939018357272,5421.357171800055,6033.200696251133,7209.903425720928,6524.923337789633,7309.059901269851,7232.236288887478,6345.452500642511,6969.608976191433,6479.4112660047485,7684.902015220574,7091.138139044312,7283.980252995036,6576.667301897191,7614.527917416262,7129.627477759783,7601.527917416263,7332.233467886768,7361.566331053316,7224.035757700083,7416.153819611952,7235.97884249468,7423.153819611952,7077.055669768787,7206.037168200438,6896.330207229578,6769.233467886767,6469.545008484258,6609.192233249005,6727.799633876345,6280.367210366277,7286.525096415553,5947.89778371951,6990.014435131025,5483.977431994326,6200.545008484257,7261.719985601529,6696.250558954762,6735.270471023467,6580.172321180302,7182.132497042893,7104.722806602239,7450.3871224349805,7215.563510052607,7212.995933562675,7285.741308170587,7977.192233249005,7603.173731680657,7096.668712397544,5744.25902195689,5765.024308633507,7297.6288882601375,7427.314526661938,7090.19646475007,7145.765451740355,7121.216376818773,7337.490914279565,7437.352940298992,6614.943249858337,7158.432588573807,6773.549239985322,7565.529327916617,7733.195054249714,7813.195054249713,7597.606155190723,6509.607565691079,8155.820956445402,7821.232057386413,7384.409855504394,7622.27188152382,7099.527917416263,7454.310295160874,7833.977431994324,7240.802454877054,7342.957519925622,7125.701484033179,7393.132497042894,7261.621835758364,6756.936197356563,6775.779721807641,6981.034347199728,7042.112584974189,7318.3672103662775,7528.876461150451,6740.857959582102,7005.701484033179,7540.779721807641,7928.916285287859,7036.250558954762,6903.6815719644765,7110.759809738937,7960.719985601529,6886.526506915909,7858.89778371951,8642.839458013752,7710.783953308705,6219.806686378119,5098.396995937463,5197.593295623794,6991.276113024885,6549.766862240711,7626.352940298992,7133.550650485676,8018.057080269143,7279.86360158352,7111.000165063739,7719.7256276029475,7545.745539671652,7190.256200956181,7803.940428857627,7314.0200771324435,7597.4695917105055,7395.136728543957,8157.997344063028,7804.409855504396,8165.78254280835,8125.468181210153,7567.429767573099,8236.839458013754,7574.037168200438,7386.291793592524,7762.506594847204,7961.348708797927,7094.584832621665,7666.152409111597,7385.112584974189,7515.71998560153,7354.269060523112,7100.407034503685,7160.601923689661,7311.545008484258,7748.347298297573,7468.132497042894,7166.074171337137,6933.741308170587,7474.857959582103,7867.407034503686,7115.9760214939715,7601.152409111597,7448.388532935335,7165.448269141447,7631.40844500404,7209.4311780734515,5730.1992857507785,5028.867833084585,5611.553471486385,6848.394174936754,6629.746950172006,6497.532148917327,7114.372852367695,6659.707126034598,7690.118226975608,7026.58906412273,7218.158051113015,7427.647389828485,7439.941839357982,7637.471002210862,7771.843689514817,7910.783953308704,7290.883513652226,5962.550650485675,7596.645979328132,7880.958930425977,7937.057080269141,7456.665891396836,7867.136728543957,7277.234878387122,7375.90060472022,7298.919106288568,7836.291793592524,8103.172321180303,8246.466770709798,7911.210734817355,7654.170910679947,6921.407034503685,7975.641747827068,7596.3287967292235,7368.3871224349805,6933.09408340584,7732.445448140737,6106.115405974899,7954.112584974188,7660.0343471997285,7310.466770709796,7858.3487087979265,7524.426946572388,7702.89778371951,7712.465360209442,7295.195054249714,7095.119637475963,6239.786774309414,5061.84792101588,5176.515057849332,7004.766862240709,6913.414087005458,7459.530738416972,6412.354350799345,6775.276113024885,7390.372852367694,6945.236288887479,7143.862191083166,7367.059901269851,6714.746950172006,7442.0983149069025,8112.254790455826,6984.803865377409,7365.3145266619385,7240.020077132443,7631.667301897191,7299.176552681366,7752.253379955472,7792.56774155367,7762.489503779209,7349.05708026914,7917.939018357272,8279.448269141447,7870.820956445403,8161.977431994326,8742.956109425268,7773.917695788215,8113.269060523111,7927.288972591816,7914.661659895771,7263.819545945049,7559.250558954762,8214.583422121312,7967.857959582103,6787.015845631378,7517.192233249005,7497.230646886058,7905.074171337136,7524.408445004039,8429.896373219155,8205.172321180302,7752.526506915908,8618.27188152382,6315.041399701503,6043.2960250935885,4706.182194682784,5869.122458476671,6644.297435593942,6312.728448603657,5494.278934025593,6958.6288882601375,7512.745539671653,6487.158051113016,6917.492324779919,7159.727038103302,6639.216376818774,6776.76686224071,7477.785363809058,6525.590474623084,7372.333028230287,6787.845100015171,7677.27470252453,6984.158051113015,7275.3728523676955,7423.68580346554,7462.6872139658935,8875.506594847204,8483.566331053316,7760.762630739646,7835.429767573099,7844.155230112307,8378.546418984613,8080.330207229577,6434.645979328132,8338.839458013754,8260.623246258718,7933.661659895772,7963.838047513398,7717.368620866631,8109.367210366276,7797.3871224349805,7803.603334190016,7470.545008484258,7798.661659895771,7820.682982464829,7282.428357072743,8059.819545945049,7578.859370082457,7827.682982464829,8152.233467886768,7528.547829484966,6186.2960250935885,4801.022898133152,4591.084044839618,6090.33725973135,7055.257611456535,6387.96316192704,6020.886334652934,7049.648800328841,6675.49232477992,6622.101135907613,7347.510826348268,6410.433999074161,6381.884924152579,6587.37426286805,7004.315937162293,6882.37426286805,7094.041399701501,6968.118226975608,7718.569152054026,7508.7256276029475,7448.118226975608,7666.1168164752535,7313.216376818773,7519.136728543957,7274.627477759782,7069.823777446113,7459.4695917105055,7876.782542808351,8637.350119298282,7831.742718670944,7638.820956445402,7954.741308170586,8214.09408340584,8136.50518434685,8222.877871650806,8377.818135444693,7893.564920552962,7962.152409111598,8190.190822748651,8750.38712243498,7851.564920552963,7064.506594847204,7683.251969455117,7583.251969455117,8512.661659895773,7661.624656759072,7465.566331053316,7476.35294029899,7325.512236848623,4975.140960045021,4820.476644212278,5213.3969959374635,6375.082634339264,6115.8465105155265,6422.76686224071,6433.276113024885,5950.022898133152,7047.550650485677,6297.121047976318,7029.610386691787,6564.08122383891,6169.15946161337,7022.708536534953,7222.061311770205,6538.257611456535,7265.785363809059,6721.9432498583365,7400.412676505103,7146.569152054026,7188.294614593235,7178.3543507993445,6184.414087005458,8244.56774155367,7171.333028230287,8036.820956445404,8602.017256131734,7894.4112660047485,6412.47100221086,8174.820956445404,8655.310295160874,8194.701484033181,8036.035757700082,8055.330207229578,7918.957519925622,7910.074171337136,7947.466770709796,8165.4866827785,7542.035757700083,7618.506594847205,7812.546418984612,7805.702894533535,7977.545008484258,7236.253379955471,7937.722806602238,7962.254790455827,7423.57056255438,3772.809507378827,4845.436820074871,5018.574794055443,6009.298846094298,5581.16228261408,6082.964572427394,5963.553471486385,5692.37708386876,6404.219197819482,6136.415497505813,6576.728448603657,6408.768272741065,6503.924748289986,6681.277523525239,6910.159461613371,6658.179373682075,7071.472412711215,6424.041399701501,7383.707126034599,7122.001575564093,6489.453911142866,7532.589064122729,7452.923337789632,7646.138139044311,7571.000165063739,7742.627477759784,7566.862191083165,7331.88210315187,7364.274702524529,8294.448269141447,8439.21214531771,8607.4866827785,7583.644568827777,7800.035757700083,7897.271881523821,7689.997344063029,8176.426946572388,7297.1936437493605,6599.684392965184,8362.113995474545,7741.251969455117,7664.644568827777,7967.251969455116,7853.095493906194,8217.977431994326,8043.607565691079,7423.667301897191,7219.415497505811,4519.240520388541,4176.34008073206,4498.183605183139,6856.081223838909,5494.887745153288,5837.729859104012,5913.024308633507,6001.180784182429,5898.946070859045,5685.633119761201,6803.748360672362,6078.7881848097695,7058.806686378119,6929.433999074163,6899.748360672362,7531.569152054026,6633.022898133152,7117.589064122729,6682.865012083876,6413.021487632797,6347.2960250935885,6855.96316192704,7066.727038103302,7050.197875250423,7086.9617514266865,7363.88210315187,7270.550650485677,7948.3529402989925,7710.490914279564,7803.136728543957,7970.409855504392,8075.331617729931,8173.566331053316,7787.526506915909,7885.291793592525,7504.291793592524,7893.762630739646,8096.879282151161,7895.5464189846125,7873.860780582811,7324.175142181011,8666.15381961195,7511.057080269142,7635.940428857627,7753.607565691079,7531.667301897191,7468.078402838199,6729.021487632797,4655.965982927749,4368.456732143575,4709.281755026303,5804.573383555089,5128.947481359401,4984.182194682784,5643.613207692498,5627.651621329551,5533.611797192143,6537.906246721637,6159.690034966604,6174.082634339264,6216.84792101588,6478.200696251133,6397.886334652933,6196.25902195689,5548.044220702211,7140.49232477992,7308.119637475962,6465.532148917327,7476.37426286805,6769.277523525239,7040.394174936753,7035.45250064251,7331.374262868049,7047.138139044311,6813.707126034598,7593.196464750068,7782.8024548770545,7943.076992337845,7435.90060472022,7488.4695917105055,8381.19364374936,7849.095493906194,8281.330207229577,7737.057080269143,8087.998754563385,8261.251969455117,7818.2135558180635,7697.095493906194,7143.76404124,7628.331617729934,7969.17514218101,7567.589064122729,7976.921927289277,6886.47382321157,8214.902015220574,7422.000165063739,5148.298846094298,4351.791005810477,4653.947481359401,5590.142370545375,5247.927569290696,5517.731269604366,5562.260432457245,5457.653031829905,5081.418318506522,5743.318758163002,6686.808096878473,6506.1608721137245,6083.867833084584,5830.3585823004105,6518.317347662647,6722.219197819482,6633.395585437109,6335.081223838909,6614.375673368405,6493.924748289986,6094.709947035307,7019.022898133152,6947.0413997015,6573.571973054734,7509.530738416972,6883.510826348268,7371.687213965895,7374.234878387122,7792.627477759782,7781.449679641801,7706.645979328132,8074.273292024175,8188.4496796418,8048.018666632088,8294.291793592525,7813.8422790144605,7399.645979328132,8108.351529798638,7629.527917416264,7791.116816475254,8077.331617729932,7722.529327916618,7491.549239985322,7661.236288887476,7620.688624466248,7883.472412711215,8109.728448603657,7221.179373682075,5466.0641327709145,4210.183605183138,4511.105367408677,5648.084044839618,5076.398406437818,5300.476644212278,6028.729859104013,5538.613207692497,5725.182194682784,5823.43682007487,7042.042810201856,5528.202106751487,6532.749771172716,6202.671533398254,5976.965982927748,5888.044220702211,5916.946070859045,6654.317347662647,6922.453911142866,6713.768272741065,6875.395585437108,6422.768272741065,7127.433999074162,6586.884924152579,7058.041399701502,7409.923337789633,8032.354350799345,7449.903425720928,7332.314526661938,8112.4695917105055,7552.607565691079,7824.96034092633,7836.254790455827,8002.724217102594,8013.783953308706,8134.958930425977,7547.665891396835,8355.136728543957,7042.745539671651,7013.529327916618,7438.569152054026,8286.843689514815,7292.277523525239,7432.806686378119,7651.786774309414,8497.746950172006,7255.984484496098,5757.671533398254,3460.694266467667,4258.752592173425,5449.3201686633565,5346.653031829905,5514.103956908322,5081.849331516236,6004.867833084584,5198.359992800764,5951.456732143575,5577.692855967312,5919.907657221993,6014.534969918036,6117.33725973135,6660.220608319836,5943.653031829905,6110.220608319836,6617.140960045021,6180.8080968784725,6678.886334652933,6421.475233711924,6421.749771172716,6793.297435593943,6587.337259731351,6638.826598446822,6827.650210829195,7226.610386691787,6711.786774309414,7449.314526661938,7540.294614593233,7593.118226975609,7675.823777446111,7334.627477759783,8395.05708026914,7461.039989201146,7401.54923998532,7775.294614593235,7312.039989201146,7628.529327916618,7440.687213965894,7833.15664061266,7597.059901269851,7922.727038103303,6720.101135907613,7971.315937162292,7274.337259731352,7022.7696832414185,6793.318758163003,5104.985894996454,3579.752592173425,4284.359992800764,5138.496556280983,4913.6345302615555,5234.751181673069,5205.280344525949,5370.398406437818,5356.3201686633565,5836.162282614079,5772.3784943691135,5709.103956908322,5497.300256594653,5251.672943898609,5893.75118167307,6445.240520388541,6357.396995937463,6412.25902195689,6341.749771172716,6778.6701228979,6518.495145780629,6300.122458476671,6594.1025464079685,6718.5136473489765,6982.670122897899,7015.101135907613,7071.96316192704,7142.512236848623,7026.766862240711,7469.961751426685,7016.610386691788,7410.550650485677,7260.9816634953895,7560.765451740355,7866.783953308705,7345.039989201146,7697.7256276029475,7673.098314906903,7686.020077132443,7565.57056255438,7326.354350799346,6973.590474623084,7265.630298760492,7357.277523525239,7550.748360672362,6040.593295623794,5792.142370545374,3229.182194682784,3354.2419308888957,3976.1053674086766,3986.810917879182,4385.2618429576,4044.300256594652,4425.614618192852,4209.55488198674,5500.886334652934,4626.398406437818,4888.729859104012,6166.396995937463,5461.298846094298,5008.613207692497,5302.84792101588,5379.06272227056,5060.731269604366,5451.631709260846,5646.162282614079,5850.591885123438,4981.867833084585,5869.022898133153,5220.240520388541,5360.119637475962,5514.611797192143,6267.630298760491,6572.983073995745,5957.06272227056,5842.121047976317,5290.098314906903,5861.57056255438,6653.825187946467,6374.510826348268,6533.980252995035,6175.745539671651,6317.27470252453,6009.825187946467,6377.823777446112,5757.039989201147,5770.765451740355,6152.805275877764,5890.039989201146,6454.294614593234,5295.903425720928,4110.315937162293,5544.315937162292,3707.122458476672,3091.7710937417733,2035.9247482899864,6613.562099552252,7338.500952845785,7719.3032426591,9147.22218388393,9029.024473697245,8112.089851904776,7094.577780119893,12824.196629813809,10791.786939373153,9616.786939373153,10121.947646423137,9676.337424795089,12030.586408185758,10823.121213040056,10661.808261942213,10938.239274951924,11630.159626677108,11902.610551755526,11364.239274951926,12804.707291098337,14228.291958656264,14493.722971665977,13462.529492980357,13565.666056460574,13959.782707872087,11482.786939373153,11483.610551755526,13765.626232323164,13671.412841568843,16133.192398312744,13993.727203167042,15350.508170411294,15265.822532009497,14313.373017431433,16843.427111636127,13774.079978402293,12200.09142746887,9555.573548618828,13903.589229186467,19104.033101763114,19013.543763047644,16684.839623077492,9297.67310896235,7929.909232786085,9132.730024167751,7422.220773383575,6171.436985138609,11298.886664780413
3,14985.12454834154,9566.965896057229,12196.861151074367,13256.666541804512,14262.43009818806,14440.01795031591,12408.68327554315,13890.009583446594,13912.630903051719,15672.89864286993,14153.98448283864,12134.27949454032,12404.825512321573,12579.329695756232,14944.856808523335,14236.697838006272,15848.132915210863,13243.471932534658,14568.335891350034,12633.925914753403,17109.400655029072,16687.74586794667,16693.1496489495,13303.430098188062,17435.00524089556,19428.41521749219,18369.09727645807,18809.785531017747,18881.222779497853,17469.266785119966,18590.306448191044,18650.390116884235,18607.105643327388,17342.367187551794,18823.197678889897,16742.191483296097,21757.638951688292,17694.559625546135,21745.833560958145,22564.413046216676,20672.61602235585,20631.71642478768,18861.986335881404,15712.837903509177,14009.925914753403,17940.130743935348,6975.834197423641,2605.0771548666407,4484.6355638355,5457.786167483242,6751.558090736112,7177.187777210558,7346.934599855469,5772.25471216511,5829.1543097332815,6377.296546511705,6857.572653199233,7810.1521384577645,8380.18560593504,6605.388582074214,7887.514085114001,8892.319475844146,6733.27764149755,9199.545381315758,7465.5391857219565,7532.001534810022,8074.035002287297,9154.79019180153,9754.378043929379,9476.932428579952,8411.319475844146,8895.336209582783,7954.143771588445,9883.091399097015,8459.386410798697,8386.44497888393,8737.790191801527,8455.76509119357,9070.327842713465,9053.258736483394,8876.77345806289,9454.46171262257,8899.46171262257,8815.235807150955,8161.110304111168,10017.679251224863,8376.185605935041,8655.210706543,8439.210706543,8543.160505327083,7926.951333594106,7186.850931162279,5413.961871738942,11337.522133750572,5036.1292091253235,5895.1564810087975,7676.986972346899,7981.145942863962,8050.574824474748,8420.867664900918,8760.026635417978,8031.363481466256,8709.555919460596,9114.18560593504,8572.909499247511,9769.244174020274,8797.976434202064,8850.976434202064,9809.185605935041,10142.35294332142,11475.737819310096,10653.12486657429,9601.748357454933,9217.472250767405,10495.394777668016,10089.739990585615,10402.578848793037,10731.436612014611,9761.260907758911,10080.781824932208,10305.965896057229,11049.907327971996,11159.22526900612,10294.97426292655,10451.907327971996,10387.503546969165,11386.083032227694,10953.999363534505,10525.0411978811,11669.7378193101,10945.982629795864,10633.35294332142,10682.292203960671,10957.108132835652,11016.595582531674,10021.840393017443,9884.3864107987,10748.091399097015,10390.8654936254,7222.1543097332815,5790.166700920886,5842.507889520198,8264.07064104009,9669.346747727619,9362.321647119661,8783.271445903747,8734.50571824468,8878.859298031599,8842.884398639555,9276.068469764574,10080.756724324252,9686.168872196402,9755.227440281637,9566.76509119357,9152.168872196402,10989.470079491888,8420.043369156618,9518.806925540168,8763.656321892424,9770.68142250038,10072.781824932208,9260.76509119357,10848.083032227696,10167.898961102677,7453.675226906579,10431.520280707802,9744.386410798697,10185.53701444644,10575.907327971996,10516.915694841315,10456.066298489057,10509.52864757712,11467.066298489057,11730.091399097015,12010.721085571458,11684.578848793037,11094.149967182248,11304.007730403824,12062.670884355546,11141.553748185079,12225.612316270312,12747.2169021368,11887.016097273143,11379.083032227694,11061.52864757712,11387.595582531672,11132.704351832821,9920.344576452102,6863.302742105507,6342.861469307115,6847.961871738943,9557.85093116228,8959.783996207727,9045.405315812852,8696.321647119661,10312.723256846977,8373.127037849807,8822.959700463427,10728.419878275974,8860.11030411117,10126.731623716296,10204.277641497549,10049.327842713465,10227.815292409487,10130.016097273143,8696.160505327083,8932.252540889593,9017.882227364038,7789.984801071383,8247.60612067651,8205.168872196402,10387.057931619736,10403.470079491888,11346.637416878268,12055.5683106482,11338.200168398162,10608.016097273143,10330.957529187908,10497.915694841315,11280.629050008949,11922.71271870214,10544.570481923716,12027.225269006118,11153.637416878268,11836.049564750418,12090.629050008949,12151.537014446441,12380.166700920885,12451.562115054398,12212.578848793035,12016.654150616909,11102.511913838483,11240.603949400993,12075.854955480563,12198.459541347052,10499.907327971996,8032.118670980488,7307.558090736112,7935.549723866793,9481.288179642386,9131.758895599769,8804.363481466256,10276.18560593504,9891.59775380719,10388.806925540166,9322.555919460594,9915.68142250038,9957.698156239017,9199.11030411117,10104.227440281635,9346.539185721958,9079.202339673679,10169.957529187908,8704.202339673679,8745.193972804358,8936.69815623902,9236.689789369699,9119.35294332142,8548.748357454933,8001.252540889593,9278.85712675608,10044.099765966334,9762.419878275974,8994.76509119357,10571.108132835652,10593.503546969165,10951.0411978811,11167.595582531674,10547.520280707802,10445.024464142462,10760.049564750418,11400.016097273143,13017.863322349882,10832.436612014611,12463.116499704971,12288.166700920885,11994.057931619738,11462.486813230527,10101.94916231859,11668.771286787374,11517.20853526748,11849.242002744759,11664.426073869774,10454.233635875438,9061.526476301604,7718.733794991812,8353.725428122492,9569.085203503211,8794.388582074214,9507.968067332746,10123.664688761743,9659.547552591277,8870.10193724185,9872.564286329914,9222.085203503211,9565.739990585615,9188.884398639555,9012.69815623902,9700.748357454933,9498.227440281637,7926.59775380719,9281.311108974825,8783.714889977657,9183.411511406655,8182.352943321423,8041.135404719125,7516.698156239019,8246.815292409487,8910.731623716294,7939.219073412316,9227.44497888393,9437.511913838483,9663.46171262257,8320.739990585615,11119.637416878268,9009.87386049472,9120.848759886761,10764.695984963502,10044.545381315758,11134.158334051568,11049.915694841315,11380.116499704971,12353.629050008949,11346.907327971994,12203.258736483396,12499.695984963502,11083.133233443608,12118.762919918056,11902.214730861284,9907.089227821496,9268.122695298774,7727.279812773067,8674.800729946364,9134.497351375361,8565.355114596938,10067.539185721958,9628.051736025936,9577.135404719127,9692.614487545829,9113.00990167934,9319.160505327083,9598.227440281637,9165.647955023105,8468.514085113999,8868.673055631061,7790.0517360259355,8099.6144875458285,8823.882227364038,7877.068469764574,7554.614487545828,7611.168872196402,8665.806925540168,7680.7901918015295,6978.0768366338925,7017.673055631062,7461.26090775891,8872.871689219202,7851.444978883931,8736.848759886761,7586.756724324251,8274.369677060058,8104.2023396736795,8534.311108974825,9155.907327971996,8868.369677060058,10289.654150616907,9972.486813230527,10549.990996665187,11170.03283101178,11525.570481923714,12093.108132835652,11400.595582531674,11290.342405176585,11624.099765966334,11612.158334051568,11478.771286787374,10836.880056088521,10771.206363991965,9486.693813687987,7840.792363077046,9427.026635417978,9934.739990585615,9438.639588153785,9182.993167940702,8126.742161861129,9076.984801071383,9491.631221284466,9652.101937241849,9380.581020068552,9879.143771588446,8532.522451983317,9840.294375236188,7285.34674772762,9245.739990585615,8252.656321892424,8763.68142250038,8293.723256846977,8160.773458062891,8408.244174020274,7007.706523108338,7039.252540889593,7376.756724324252,6552.706523108338,7901.411511406654,7293.798558670847,7775.369677060058,8315.36131019074,9734.459541347052,8109.840393017442,8781.478446361207,9264.057931619738,8744.344576452102,9423.95752918791,9268.44497888393,9870.403144537335,10199.999363534505,11177.478446361207,11837.654150616909,11468.629050008949,11418.116499704971,10935.990996665185,10689.578848793037,11502.409340131137,11502.097594690817,10887.91135229028,9461.693813687987,7071.095741648048,7628.725428122493,9723.152138457765,9649.689789369699,9617.689789369699,9144.942966724788,8949.555919460596,9113.00153481002,10010.210706542997,9293.068469764574,9536.572653199233,9941.832026148124,8342.463883898085,8416.60612067651,7781.50571824468,8903.681422500382,7477.606120676509,9254.890594233357,6967.664688761743,6935.19397280436,6809.085203503212,6352.581020068552,7553.244174020273,7244.790191801528,7956.823659278806,6939.302742105507,6943.756724324252,8117.982629795866,6946.352943321421,8195.882227364038,7717.865493625398,6631.698156239019,7741.327842713465,10031.695984963502,7771.8236592788035,8532.756724324252,9176.85712675608,10382.670884355546,10249.570481923718,10940.057931619736,10356.932428579952,10042.94916231859,10302.957529187908,11243.166700920887,11696.350772045906,11653.844417335727,10365.41553572494,9227.390435116984,8039.742161861131,7907.095741648048,9145.976434202064,9158.564286329914,9085.01826854866,9027.338380858298,9402.530818852638,9773.17723906572,10112.656321892424,9124.488984506042,9878.656321892424,9117.152138457765,8341.539185721958,8261.731623716296,8558.597753807191,8434.152138457765,8079.135404719126,7905.714889977657,7018.0015348100205,7581.311108974825,7448.67305563106,7893.294375236187,6799.622854415147,9428.375872653862,7666.336209582783,7447.26927462823,6866.252540889593,6781.798558670847,7197.882227364038,6949.790191801529,7998.8654936254,7193.352943321421,7072.698156239019,7971.193972804361,8735.369677060058,8879.907327971996,9329.478446361209,9563.999363534505,9611.453345753249,10544.007730403824,10095.898961102675,9523.873860494718,10663.687618094184,11165.863322349884,11545.407168855621,10554.281665815835,9486.14779590673,6953.012072954858,7736.641759429302,9472.480617636724,8938.060102895255,9125.93459985547,10230.647955023105,9247.909499247511,9593.118670980488,9738.051736025936,8744.3383808583,10016.118670980488,9503.61448754583,8682.00153481002,8551.035002287297,9524.235807150955,9082.714889977658,9504.773458062891,8973.739990585615,7664.622854415148,8091.748357454933,7013.581020068552,7901.756724324252,7149.631221284467,6649.597753807191,8409.53701444644,6683.093570372531,7265.840393017443,6675.327842713465,6671.36131019074,7096.286008366868,7813.907327971996,7277.244174020273,7570.260907758911,8822.336209582783,8924.890594233357,8645.319475844146,9873.545381315758,9928.066298489057,9578.94079544927,9421.87386049472,9988.882227364038,9823.932428579952,10170.503546969165,10926.829854872607,10892.610144994796,10349.543210040243,9278.451174477734,7643.549723866793,7912.549723866792,9263.363481466258,9110.800729946364,8883.84256429296,8929.792363077046,8894.876031770236,9840.555919460596,10164.664688761743,8634.850931162278,9581.614487545829,10053.581020068552,9760.639588153786,9076.539185721957,9769.689789369699,9749.723256846977,9075.244174020274,7407.371848335575,8191.664688761743,8599.77345806289,8401.19397280436,8121.210706542998,7597.219073412317,8020.252540889593,7558.252540889592,7922.756724324252,7064.739990585615,6855.244174020274,6451.286008366869,7421.898961102676,7035.336209582783,7197.327842713464,7155.77345806289,6769.572653199233,7806.27764149755,9321.503546969165,8822.924061710633,8709.286008366867,10130.562115054398,9923.94916231859,10451.53701444644,9315.823659278803,9370.898961102677,10346.737819310096,10166.108132835652,10087.325671437948,10735.172896514689,9478.629050008949,7539.591558213388,8021.457688304285,9433.52245198332,8970.41368268217,9269.792363077046,9762.11030411117,9556.539185721957,9595.52245198332,9900.664688761743,9824.514085113999,9784.539185721957,10184.898961102677,10301.790191801529,10516.428245145293,9462.193972804358,8804.639588153786,9182.68142250038,9316.77345806289,9906.882227364038,8504.673055631061,8415.118670980488,9390.815292409487,8599.369677060058,7849.69815623902,7647.622854415147,7843.352943321422,7377.244174020273,6940.2274402816365,7862.250369614076,7330.932428579952,8061.698156239018,7926.37804392938,8510.915694841315,9327.394777668018,9652.428245145293,9433.907327971996,9700.982629795866,9859.94916231859,10234.94916231859,9748.848759886761,10144.503546969165,9796.419878275974,10765.88842295784,10537.047393474902,10155.618511864115,8661.77345806289,6939.374019611091,7677.945138000305,7632.961871738941,9653.892765508874,9372.035002287297,9316.901132378192,9410.438783290128,9753.530818852636,10150.564286329914,9697.522451983321,9816.547552591275,9676.934599855469,10044.085203503211,9231.951333594108,9286.581020068552,10273.882227364036,9371.698156239017,9694.756724324252,9634.781824932208,8865.631221284466,9606.403144537335,8838.664688761743,9335.311108974825,8434.18560593504,8502.057931619736,8633.790191801527,8307.26927462823,8246.840393017443,7772.319475844145,8429.53701444644,8231.545381315758,7547.369677060059,8132.865493625399,7348.018268548661,8694.344576452102,9449.957529187908,8681.260907758911,8942.235807150955,9684.319475844146,9787.898961102677,10001.007730403824,9952.898961102677,9269.14996718225,10298.149967182248,11292.055760344221,9667.367505784543,9539.762919918056,7193.491155781559,7981.0037060855375,9244.884398639555,8812.850931162278,9392.976434202064,9499.834197423643,8727.313280250342,8927.271445903747,8717.009901679341,9849.934599855469,9337.82583055432,9336.50571824468,8727.76726246909,9752.976434202064,9416.564286329914,9815.11030411117,9466.572653199233,9739.227440281637,9620.244174020274,9671.77345806289,9470.11867098049,9591.79855867085,9287.68142250038,9597.756724324252,8946.277641497549,9122.26927462823,8539.77345806289,8859.319475844144,8781.386410798697,8530.44497888393,9629.12486657429,7976.302742105506,9276.486813230526,7378.631221284467,8388.269274628232,9788.982629795868,8782.798558670847,8794.723256846975,8599.69815623902,9591.344576452102,9199.09357037253,9686.286008366867,9648.965896057227,9538.470079491888,9557.974262926547,10539.283837091352,9832.687618094184,9077.647955023105,7351.970238608263,7572.365652741774,9721.976434202064,9810.480617636724,9439.135404719127,9338.388582074214,9384.91786611683,9545.909499247511,9747.026635417978,8733.842564292958,9460.926232986149,8984.304913381024,9831.472250767405,10062.068469764574,10295.152138457765,10049.227440281637,8428.742161861132,10706.35294332142,10253.294375236188,9835.6897893697,9808.27764149755,9175.647955023105,9777.815292409487,10495.798558670847,9445.689789369699,9654.260907758911,9520.28600836687,9766.428245145293,9876.95752918791,8910.394777668018,8929.336209582783,9244.44497888393,9234.924061710633,9538.411511406655,10003.932428579952,9125.882227364038,9379.714889977657,10050.411511406654,10413.94916231859,9438.865493625399,9243.739990585615,9357.832026148124,10398.965896057229,9122.873860494718,10365.662517486227,11121.28383709135,9835.53701444644,8145.321647119662,6787.8112680912,6982.794534352561,9080.783996207727,8829.733794991811,9710.396948943533,9227.33001398898,10374.227440281637,9368.859298031597,9380.52245198332,10049.876031770236,9849.867664900916,9348.76726246909,10001.984801071383,9452.346747727619,9904.547552591277,9732.984801071383,10741.76509119357,9987.160505327083,10520.639588153786,10696.227440281637,9970.110304111167,10622.35294332142,9833.68142250038,9631.589386937872,10350.327842713465,10417.016097273143,9365.135404719125,9910.915694841315,9684.545381315758,9922.982629795866,9549.990996665185,9127.327842713465,9346.36131019074,9503.873860494718,10309.511913838483,9765.85712675608,9327.28600836687,9286.714889977657,9828.302742105507,10216.35294332142,9319.319475844146,9985.898961102677,9724.907327971996,9409.461712622568,10111.721085571458,9351.578848793037,7657.717061253174,6603.8112680912,7457.928404261666,9094.876031770236,8846.783996207727,8686.1626766026,9674.497351375361,8743.26307903443,10051.422049551491,9359.859298031599,9456.346747727619,9640.447150159449,9781.388582074214,9985.547552591275,10123.380215204896,10220.035002287297,9602.33001398898,7751.5162563895165,9804.043369156618,10127.168872196402,10301.614487545829,9742.085203503211,10271.58938693787,9653.472250767405,9697.614487545829,9636.244174020274,10099.302742105507,10588.319475844146,10619.495180099844,10270.403144537337,10254.52864757712,9094.327842713465,10451.595582531674,9871.965896057229,9839.85712675608,9260.76509119357,9848.35294332142,8390.043369156618,10348.873860494718,10072.311108974827,9646.244174020274,10150.815292409485,9656.311108974827,10241.965896057227,10257.267103352715,9713.099765966334,9249.882227364038,8205.733794991811,6857.936771130986,7029.777800613923,9072.767262469088,8946.212877818514,9517.380215204896,8629.76726246909,8938.196144079877,9671.892765508874,9115.463883898086,9681.143771588446,9717.959700463427,8788.65849316794,9557.842564292958,10597.051736025936,9316.514085113999,9807.842564292958,9476.892765508874,10067.92623298615,9528.463883898086,10300.639588153786,10249.59775380719,10194.622854415147,9801.505718244682,10321.076836633893,10707.78182493221,10249.219073412316,10621.193972804358,11154.932428579952,10183.394777668016,10482.04956475042,10225.982629795866,10277.03283101178,9471.327842713465,9728.882227364038,10532.898961102674,10545.907327971996,9107.294375236188,9733.227440281637,9987.815292409487,10323.848759886761,9721.756724324252,10723.461712622568,10598.511913838483,10139.990996665185,11069.250369614076,8515.647955023105,7983.472250767405,6278.173214747437,7750.794534352562,8885.658493167939,8334.104108517366,7376.869836176434,9168.196144079877,9767.43041642081,8891.84256429296,8912.145942863961,9361.708694383855,8841.926232986149,8970.66686003726,9798.388582074214,8865.566457605431,9767.00990167934,9197.83419742364,9971.809096815683,9071.25471216511,9552.83419742364,9778.934599855469,9756.405315812852,11389.78182493221,10908.17723906572,10073.993167940702,10180.060102895255,10065.614487545829,10819.79855867085,10370.252540889593,8670.296546511705,10650.890594233359,10701.94916231859,10308.907327971996,10365.041197881099,9925.428245145293,10543.94916231859,10043.790191801529,10082.327842713465,9845.294375236188,10202.85712675608,9988.706523108338,9381.639588153786,10507.815292409485,9710.28600836687,10123.394777668018,10556.503546969165,9735.873860494718,8240.472250767405,6586.43041642081,6186.131380400841,8178.457688304285,9207.683593775897,8679.23797842647,8136.549723866793,9151.229611557153,8818.179410341238,8931.070641040089,9450.683593775899,8498.012072954858,8591.583191344069,8832.204510949196,9166.683593775899,9148.271445903749,9344.321647119661,9253.926232986149,10035.934599855469,9773.321647119661,9704.363481466256,10009.355114596936,9546.33001398898,9872.42204955149,9633.951333594106,9382.288179642386,9758.92623298615,10416.160505327083,11246.806925540166,10328.622854415147,9884.664688761743,10171.244174020274,10624.35294332142,10429.790191801529,10812.394777668018,10943.520280707802,10420.36131019074,10450.411511406654,10552.940795449273,11161.974262926547,9949.19397280436,9359.152138457765,9809.260907758911,9691.219073412318,10965.932428579952,9743.18560593504,9699.311108974827,9804.924061710633,9413.69815623902,6750.499522650879,6330.585362619586,6997.81963496052,8230.861469307114,8206.491155781561,8540.658493167939,8746.733794991811,8175.491155781559,9052.137575994642,8333.945138000305,9107.00370608554,8747.129209125324,8360.112475386686,9244.137575994642,9403.65849316794,8740.145942863961,9588.767262469088,8994.700327514536,9616.700327514536,9448.313280250342,9467.321647119661,9532.204510949196,8369.57482447475,10650.976434202064,9731.942966724788,10398.723256846977,10980.127037849808,10337.076836633893,8580.212877818514,10597.260907758911,11076.756724324252,10575.319475844146,10372.840393017443,10301.219073412314,10344.336209582783,10226.428245145293,10297.840393017443,10448.244174020274,9722.706523108338,9709.152138457765,9918.689789369699,10065.219073412318,9992.815292409487,9545.68142250038,10280.999363534504,10265.731623716296,9573.10193724185,5411.694131920733,6247.694131920734,6811.6355638355,7702.223415963349,7424.710865659372,7925.903303653709,7891.315451525861,7603.390753349731,8307.407487088369,8270.457688304283,8677.507889520199,8570.432587696327,8743.037173562814,8784.474422042922,9092.112475386686,8861.499522650878,9254.591558213388,8617.17941034124,9808.850931162278,9373.666860037258,8574.06227417077,9765.313280250342,9713.792363077046,9855.859298031599,9721.934599855469,10024.288179642386,9918.993167940702,9692.968067332746,9767.951333594106,10704.118670980488,11015.311108974825,11134.394777668018,9960.09357037253,10385.327842713465,10236.235807150955,10158.748357454933,10743.03283101178,9595.756724324252,8514.363481466258,10605.286008366867,9866.698156239017,9824.656321892424,10179.26927462823,10068.168872196402,10492.327842713465,10399.260907758913,9556.110304111167,9019.625025690664,6158.332185264498,5615.518427665033,6126.938942406502,8934.566457605431,7125.123013531522,7729.861469307114,7750.298717787221,7976.307084656541,7800.710865659371,7591.273617179265,8734.457688304283,7916.491155781559,9448.541356997473,8912.474422042922,9121.028806693495,9994.817463685002,8616.928404261667,9294.187777210558,8816.079007909411,8529.028806693495,8502.07900790941,9055.566457605431,9183.74216186113,9242.23797842647,9223.171043471919,9764.355114596938,9732.363481466258,10271.909499247511,10074.52245198332,10122.50571824468,10510.160505327083,10481.152138457765,10567.210706542997,10125.219073412318,10135.085203503211,9677.135404719127,10126.177239065722,10486.706523108338,10060.68142250038,10139.698156239017,9541.606120676508,11143.77345806289,9537.076836633893,9777.564286329914,9921.514085114,9556.488984506042,9801.848759886761,8738.82583055432,6351.752700005967,5862.535161403672,6226.972409883779,7648.7192325286915,6783.560262011629,6788.71923252869,7405.618830096862,7416.173214747435,7521.853102437795,8438.91167052303,8279.390753349731,8306.466055173601,8199.82800182984,8509.878203045751,8465.853102437795,8197.407487088367,7613.8112680912,9471.608291952027,9455.095741648047,8660.028806693495,9961.717061253174,8911.995339216219,9305.07064104009,9364.221244687833,9787.700327514534,9365.279812773068,9036.859298031597,10049.060102895253,10004.934599855469,10234.581020068552,9890.060102895255,9798.01826854866,10885.202339673679,10324.698156239017,10555.731623716296,10078.647955023105,10521.160505327083,10560.756724324252,9951.135404719127,9897.60612067651,9191.405315812852,9954.085203503211,10137.639588153786,9610.396948943533,10110.993167940702,8743.758895599769,10395.581020068552,9544.336209582783,6824.7443331366485,5822.04771170765,6304.551895142309,7454.727599398009,6931.54352827299,7201.1062797928835,7553.2317828326695,7272.585362619586,6873.0811791849255,7652.694131920733,8699.340552133817,8584.365652741773,8176.231782832669,7805.702498790052,8575.440954565645,8870.41585395769,8841.894936784389,8428.424220827008,8727.432587696327,8521.38238648041,8146.323818395179,9179.978605477581,9125.482788912243,8729.911670523028,9833.783996207727,9251.717061253174,9947.934599855469,9573.892765508874,10194.968067332746,10237.581020068554,10140.547552591277,10316.068469764574,10753.647955023105,10362.127037849808,10755.168872196402,10005.581020068552,9743.968067332746,10567.076836633893,9789.455517028766,9969.018268548662,10552.36131019074,10050.018268548658,9834.968067332746,10005.480617636724,9765.82583055432,10135.35511459694,10327.41368268217,9378.288179642386,7203.886569915071,5499.434758971842,5869.325989670695,7299.106279792883,6583.997510491736,6869.014244230373,7878.29871778722,7461.7192325286915,7557.643930704819,7700.6355638355,9325.524623258836,7388.727599398009,8711.911670523028,8103.702498790053,7923.727599398009,7963.2066822247125,8034.315451525858,8705.953504869623,8972.47442204292,8767.38238648041,9043.936771130986,8607.90330365371,9340.07064104009,8795.524623258836,9381.053907301452,9827.82583055432,10363.867664900916,9881.24634529579,9803.92623298615,10481.160505327083,9875.909499247511,10207.631221284466,10120.993167940702,10389.50571824468,10380.547552591277,10464.035002287299,9791.001534810022,10817.656321892424,9176.800729946364,9106.371848335577,9676.909499247513,10729.581020068554,9404.775629338408,9649.675226906578,9890.271445903749,10610.76726246909,9355.47442204292,7372.735966267327,4663.259054716143,5699.334356540015,6965.989143622417,6904.9807767530965,7158.030977969013,6713.560262011629,7716.13974727016,6951.4933270570755,7786.6690313127765,7374.081179184926,7840.173214747437,8007.198315355393,8290.39912021905,8673.769433744605,7882.71923252869,8064.627196966181,8631.399120219048,8076.348919003136,8728.928404261665,8494.323818395178,8544.281984048583,8929.878203045751,8704.936771130986,8677.911670523028,8862.499522650878,9421.1626766026,8867.625025690664,9777.817463685002,9907.363481466258,9840.909499247511,10135.488984506042,9452.959700463427,10821.10193724185,9708.363481466256,9565.33001398898,10187.547552591277,9589.825830554322,9959.043369156618,9500.825830554322,10026.026635417978,9904.42204955149,10071.405315812852,8723.145942863961,10215.26307903443,9442.532990128155,9061.432587696327,8766.903303653711,6700.173214747437,4800.8803743212675,5644.913841798545,6514.443125841162,6353.938942406502,6722.501693926395,6717.46822644912,7103.014244230374,7085.989143622417,7665.602096358225,7489.610463227542,7577.568628880947,7302.047711707651,6957.039344838332,7793.097912923564,8323.215049094033,8217.786167483242,8413.88656991507,8368.248516571308,8838.466055173601,8517.744333136648,8437.365652741773,8790.407487088369,8779.365652741773,9087.012072954858,9035.91167052303,9229.104108517367,9392.57482447475,9174.625025690664,9633.26307903443,9116.279812773068,9671.82583055432,9371.83419742364,9823.926232986149,10233.085203503211,9533.02663541798,9935.472250767405,9995.514085113999,10016.060102895255,9938.959700463427,9516.959700463427,9146.279812773068,9400.237978426472,9437.187777210558,9619.57482447475,7867.802901221881,7624.323818395178,4582.510060795714,4488.518427665033,5123.805072497398,5138.300889062738,5791.384557755928,5346.972409883779,5779.897108059907,5728.164847878116,7502.4074870883705,6224.443125841162,6526.307084656541,7949.240149701988,7334.802901221881,6745.652297574137,6956.752700005967,7049.39912021905,6772.643930704819,7155.407487088369,7353.6355638355,7770.457688304282,6687.802901221881,7830.162676602599,6966.223415963351,7145.330013988981,7241.81963496052,8404.221244687833,8664.23797842647,7876.112475386686,7776.9869723469,7172.530818852639,7932.380215204896,8772.976434202064,8311.296546511705,8493.026635417978,8231.488984506042,8360.388582074214,7962.942966724789,8414.52245198332,7638.380215204896,7560.867664900917,7938.959700463427,7790.3885820742125,8293.455517028768,7005.263079034428,5757.288179642386,7349.363481466257,5173.307084656541,4498.081179184926,3105.566457605431,8473.047393474902,9425.928086028918,10304.396630710786,11868.53050061989,11850.227122048887,10434.559943778882,9584.532671895407,15988.241684512008,13590.697838006268,12670.764772960823,12771.220926455086,12532.497033142614,15197.400655029072,13459.50540001193,13180.850612929531,13705.026317185231,14278.597435574442,14440.118352747739,13776.94264849204,15566.2773232648,17319.266785119966,17270.342086943838,16408.015779040397,16358.049246517674,16936.687299861434,14185.555601227847,14098.05141779319,16541.13291521086,16604.78150669946,19183.517791199538,16682.681104267635,18375.695666730753,18238.082713994947,17052.36099195799,20169.576359284772,16535.697838006272,15784.431951230832,11670.187458977809,16618.78150669946,22218.35664940696,22308.726962932516,19598.963406548966,11320.457370071535,9663.33186703175,10768.750210497703,8924.162358369853,7263.59960684996,13754.887786492345
4,17624.701853744755,11016.721745631417,14008.817922119551,15205.817124587731,16175.971335263268,16302.50631064118,14258.563547296759,15961.407741557568,16182.886277811727,17646.392634861848,16209.562749764935,14035.19709175828,14411.042083550916,14539.239221718139,17235.350504901995,16508.67483048061,18003.25113828656,15283.914896139517,16754.604082192964,14646.872766179657,19408.306779878487,18974.532536373496,19069.546845537392,15369.971335263268,19742.588177965423,22168.671640353314,20938.221722426944,21383.939526808183,21528.05240505569,19903.72967454072,21399.038095891792,21255.12235581151,21182.968145135972,19680.56035716946,21328.30598234666,18984.941121871834,24593.796435169243,20146.728877008893,24579.79723270107,25501.233638995367,23407.234436527193,23370.966550072328,21348.755900273034,18152.16608083502,15699.422050721463,20589.06671421958,8158.976917986039,3309.5309877187906,5749.950692253724,6941.555618387456,8353.034154641617,8953.16054452119,9036.624771611456,7722.441942608128,7535.667699103136,8196.385503484376,8749.948299658252,9767.990429618108,10404.102510333789,8493.03335710979,9797.455454240198,10963.651794875594,8740.553225791984,11275.468168340445,9477.145437825471,9462.399015116447,9956.342575992694,11161.370396788658,11754.285339337119,11345.581046587948,10352.680413203383,10943.29964850101,9949.313957664905,12000.566737424055,10399.792493919063,10386.130331129754,10666.708233999347,10363.62397407963,10998.567534955879,11231.678818139735,10684.86324220671,11456.524607464196,10846.553225791984,10830.116819497684,9923.342575992694,12097.31316013308,10175.539714159913,10281.581844119773,10190.736852327136,10283.933990494357,9803.65259240742,8710.934788026181,6543.738447390784,13032.759887932152,6261.005536313827,7276.584236715246,9343.837016474394,9686.047666273686,9861.808398146606,10386.019047945898,10926.300446032836,9985.49838173188,10815.709031531173,11337.286136868941,10662.258316072976,11953.426835912407,10910.088998701718,11010.497584200057,12099.511095832127,12385.496786668231,13940.36880172501,12837.21459104947,11754.976120454216,11360.554023323806,12633.073892006,12282.356087624761,12818.059582842106,13083.721745631416,12036.046071210036,12292.933192962533,12377.53891662809,13362.891063002673,13473.594558220018,12586.834623878922,12617.59535575184,12676.073892006001,13712.21459104947,13194.87675383878,12792.721745631417,13983.397420052795,13067.327469296974,12785.595355751842,12909.974525390566,13217.256721009328,13324.904574634744,12059.553225791984,12126.073892006001,12970.369599256834,12463.763875591274,8780.104105397437,6980.735257263487,7416.287731932589,10039.273422768696,11721.258316072977,11549.117617029508,10883.286934400765,10747.723340695065,10974.765470654922,10974.07548706965,11368.24400690908,12354.131128661576,11898.38470595255,12034.905372166566,11965.80680308296,11376.79329145089,13401.003143718353,10613.497584200057,12017.609664915733,10995.638283243525,12194.215388581293,12347.046071210036,11517.42683591241,13217.665306507663,12591.243209377255,9596.089796233544,12696.468168340441,12105.257518541152,12531.876753838778,12794.792493919063,12584.6374857117,12991.566737424053,12936.17246108961,13808.200281885574,14174.04527367821,14357.580249056124,14222.862444674884,13662.397420052795,13685.763875591274,14436.65099734377,13384.975322922388,14896.298850969184,15169.030964514315,14121.918883798637,13757.721745631414,13365.97532292239,13719.003143718355,13537.735257263485,12132.496786668233,8443.201079417402,8089.794886514536,8776.780577350642,11559.371194320482,10990.230495277014,11148.568332487703,10828.03335710979,12647.821112246851,10588.38470595255,11119.399015116443,13217.285339337115,11166.244006909083,12490.468965872267,12704.398217584621,12499.243209377257,12753.750363959203,12689.17246108961,11172.680413203383,11341.7646731231,11435.06038037393,9954.79329145089,10610.088998701718,10672.483275036162,13044.101712801963,12864.327469296974,13879.298850969186,14736.818719651379,13943.580249056122,13230.665306507664,13010.820314715027,12917.891063002673,13723.453859176547,14565.62237901598,13215.904574634744,14705.580249056122,13888.200281885574,14234.116021965858,14505.045273678212,14325.80600555113,15017.636688179873,14851.059582842105,14758.650997343768,14299.298850969184,13617.623176547804,13707.84813551099,14725.453061644723,14903.53732156444,12828.256721009328,9897.454656708374,9177.49838173188,9839.456251772022,11453.469763404093,11122.624771611454,10989.230495277012,12645.52540499602,12121.229697745188,12910.595355751844,11531.61046244756,12274.173258621435,12332.328266828797,11515.72254316324,12564.806803082956,11583.399015116443,11429.666104039488,12531.679615671557,11267.173258621435,11184.116819497684,11500.821112246851,11656.398217584621,11507.046071210036,10907.7646731231,10506.215388581295,11608.383908420725,12834.70743646752,12369.285339337115,11327.398217584621,13129.594558220015,13199.116021965858,13401.355290092937,13717.453859176547,13209.003143718353,13071.97532292239,13338.059582842106,14081.566737424053,15591.608069852087,13316.186770253506,14973.256721009326,14788.397420052794,14519.904574634742,13844.116021965858,12447.83462387892,14341.073094474175,14127.439550012652,14356.720948099592,13932.354492561113,12493.228102681542,10919.31316013308,9569.484072567986,10226.934788026181,11648.441145076304,11089.526202527844,11617.709031531173,12213.666104039488,11799.046868741862,10977.778982286993,12095.596153283666,11518.455454240197,11853.72254316324,11604.821909778675,11422.370396788658,12174.060380373932,11959.609664915737,10367.201876949224,11648.806803082958,11229.328266828797,11916.73605479531,10632.299648501012,10380.187567785331,9796.581844119773,10481.708233999347,11477.201079417398,10262.66610403949,11683.83462387892,11906.721745631417,12170.623176547804,10526.454656708374,13623.890265470849,11605.341778460868,11622.144640293645,13208.439550012654,12436.665306507664,13736.890265470847,13673.876753838778,13978.848135510989,14773.890265470847,13849.186770253504,15094.368801725006,14900.228102681536,13646.355290092937,14570.861647143061,14286.466573276793,11938.960216226671,11326.861647143061,9482.526202527844,10663.27262523687,11226.79329145089,10648.821909778675,12067.778982286993,11739.906169698392,11697.187567785331,11991.145437825471,11084.159746989366,11694.328266828797,11872.229697745188,11469.52540499602,10801.906169698392,11334.680413203383,10173.18756778533,10641.032559577965,11424.538916628091,10022.399015116445,9797.38470595255,10027.370396788658,11293.6374857117,10010.398217584621,9079.342575992694,9406.567534955877,9576.651794875595,11705.255923477504,10385.341778460868,11226.186770253506,9952.7646731231,10678.989632086286,10430.66610403949,10798.201079417398,11578.933192962531,11565.947502126426,12765.946704594604,12572.17246108961,13158.271030173222,13553.411729216688,14001.70743646752,14651.749566427381,14070.256721009326,13720.312362601257,14027.298850969184,14042.143842761821,14050.073094474177,13454.565939892229,13105.212995985823,11658.0158578186,9652.385503484376,11490.103307865615,12113.87675383878,11602.342575992692,11165.356885156587,10359.146235357297,11194.962608822145,11695.736852327134,11903.891860534499,11692.145437825471,12303.778982286993,10736.849730574639,12294.39821758462,9648.737649858958,11433.511095832126,10505.074689537825,11268.271827705048,10734.116819497684,10789.356087624763,10669.806803082956,9244.567534955877,9411.708233999347,9555.708233999347,8874.877551370606,10290.426038380585,9620.102510333789,10243.595355751842,10640.144640293647,12269.635890648053,10571.144640293649,11318.820314715027,11484.059582842106,10997.046071210036,12015.130331129752,11770.989632086283,12365.524607464195,12772.665306507663,13666.017452882246,14166.988834554457,13853.298850969186,13710.552428260158,13307.524607464195,13097.608867383911,13976.805208019308,14174.705841403873,13064.635093116227,11512.650199811947,8812.005536313827,9626.131926193404,12031.313957664905,11870.088998701718,11736.483275036164,11412.145437825471,11156.103307865613,11277.455454240197,12336.116819497684,11725.441145076304,12044.990429618108,12480.29964850101,10640.807600614782,10853.244006909083,10033.70903153117,11436.96181129032,9923.483275036162,11623.44034754448,9241.286136868941,9222.313957664905,9108.187567785331,8526.131128661578,9909.454656708374,9593.060380373932,10292.792493919063,9388.947502126426,9296.060380373932,10476.073892006,9545.750363959205,10438.482477504338,9973.891063002673,8968.52540499602,10292.2010794174,12611.636688179875,10242.595355751842,10762.018250414072,11652.44034754448,12765.580249056122,12934.552428260158,13362.059582842105,12891.285339337115,12481.933192962531,12833.93319296253,13569.9467045946,14205.115224434034,14177.043678614564,12733.987239490812,11259.113629370386,10075.695519899102,9981.850528106464,11372.088998701722,11182.216186113119,11173.821909778677,11283.821909778675,11548.103307865615,11912.426835912409,12392.623974079628,11615.539714159913,12434.62397407963,11451.426835912409,10610.596153283666,10720.215388581295,10850.244006909083,10798.328266828797,10441.778982286993,10417.131128661578,9284.103307865615,10148.00394125018,9794.919681330462,10431.891063002675,8893.08899870172,12028.90377710292,10236.693924835454,9594.00394125018,8876.257518541152,9054.651794875594,9535.186770253506,9043.102510333789,10220.088201169896,9533.693924835452,9365.271827705048,10109.06038037393,11209.44034754448,11212.73605479531,11765.073892006001,12163.11602196586,11918.581046587948,13150.862444674884,12674.228900213362,11916.792493919063,13278.538119096265,13971.960216226673,14562.155759330246,12816.297255905538,11630.185175189858,8769.92127639411,9781.991227149934,11661.539714159915,11034.075487069651,11357.061177905754,12464.271827705048,11356.765470654922,12085.525404996019,12092.328266828797,11033.681210735207,12528.271827705046,12048.271827705044,11065.962608822145,10901.736852327136,11977.412526748514,11678.074689537825,11959.356087624761,11555.750363959205,10111.088998701718,10398.356087624765,9140.835421410746,10333.158949457542,9311.074689537825,8888.990429618108,10988.271030173222,8802.680413203383,9578.989632086284,8985.243209377259,9021.243209377259,9270.313957664905,10106.6374857117,9557.018250414072,9731.2010794174,11276.6374857117,11405.58104658795,11090.947502126426,12382.961013758493,12452.355290092937,12124.77818475517,11835.693924835454,12393.6374857117,12476.031762046143,12542.116021965858,13442.115224434036,13427.720150567768,12507.030166982495,11594.931597898885,9462.16054452119,10016.118414561333,11442.41332428034,11252.230495277012,11138.65259240742,11179.019047945898,11114.174056153259,12183.103307865615,12585.919681330462,10972.624771611454,11965.554023323806,12616.680413203383,12191.933990494355,11521.103307865615,12450.91968133046,12242.215388581295,11498.708233999349,9778.286934400763,10765.52540499602,11081.003941250177,10919.018250414072,10441.215388581295,9915.06038037393,10340.750363959207,9889.609664915737,10371.356087624763,9512.271827705048,9041.158949457542,8913.00394125018,9694.383908420727,9311.693924835454,9701.947502126426,9423.454656708374,8956.08899870172,10080.609664915737,11806.468168340443,11237.130331129752,10875.356087624765,12654.256721009326,12361.17246108961,12943.961013758495,11686.496786668231,11816.285339337117,12856.580249056122,12746.284541805291,12673.495191604585,13156.269435109572,11851.22810268154,9464.540511691739,10018.73764985896,11801.483275036162,11211.469763404091,11220.427633444233,11929.877551370604,11763.906169698392,12086.539714159913,12254.835421410746,12123.84973057464,12059.793291450886,12755.44034754448,12824.45465670837,13092.876753838778,12052.567534955877,11259.074689537825,11538.821112246851,11935.018250414072,12498.693924835454,11001.328266828797,10969.62397407963,11916.243209377259,11163.792493919063,10258.3282668288,9966.736852327136,10352.848933042816,9703.018250414072,9252.158949457542,10289.22810268154,9720.031762046143,10607.52540499602,10389.947502126428,10995.933192962531,11762.933192962531,12113.53891662809,11785.581046587948,12178.327469296975,12319.482477504338,12588.172461089609,12152.046071210036,12656.21459104947,12110.031762046143,13356.565939892229,13165.593760688193,12330.56593989223,10809.031762046143,8798.682008267031,9687.72413822689,9745.906967230218,12002.145437825471,11680.891860534499,11469.737649858958,11608.399015116443,11972.300446032834,12399.271827705046,12087.258316072976,12334.145437825471,12126.145437825471,12529.088998701718,11676.864039738533,11703.046868741862,12907.356087624761,11892.82111224685,12331.609664915733,12294.86324220671,11420.38470595255,12118.73605479531,11310.229697745188,11951.86324220671,10852.286136868941,11160.101712801965,11392.651794875595,10971.116819497685,10823.046071210036,10214.806803082958,10876.918883798637,10645.665306507664,9647.341778460868,10409.243209377259,9540.751161491029,11107.2010794174,12072.623176547808,11120.863242206711,11194.412526748514,12097.750363959203,12216.243209377259,12336.017452882248,12239.482477504336,11550.003143718355,12858.9467045946,13844.453061644723,11814.932395430707,11834.030964514319,8973.174853685085,9900.273422768694,11717.84973057464,11090.455454240197,11771.906169698392,11806.117617029508,10961.329064360623,11171.441942608126,11260.596153283666,12191.329064360623,11723.216186113119,11834.962608822145,11073.624771611456,12434.736852327134,11909.79329145089,12460.91968133046,12083.229697745188,12242.72254316324,12197.86324220671,12235.15894945754,11991.525404996019,12439.553225791984,11973.398217584621,12331.59535575184,11819.215388581295,11590.919681330462,11182.356087624763,11310.102510333789,11253.538916628091,11057.228900213366,12177.904574634744,10384.891063002673,12034.820314715027,9643.187567785331,10864.158949457542,12064.031762046143,11139.96181129032,11322.666104039488,10959.42683591241,11941.243209377259,11657.34257599269,12023.102510333787,12092.031762046141,11919.21459104947,11957.482477504338,12996.664508975839,12291.115224434036,11107.003941250177,9264.174853685083,9632.076284601473,12216.877551370606,12347.778982286993,11803.384705952552,11764.539714159915,11826.51189336395,11971.019047945896,12187.300446032834,11066.582641651596,11840.216186113117,11316.427633444233,12304.286136868941,12605.24400690908,12773.835421410744,12792.567534955877,10712.089796233544,13388.088201169892,13032.496786668231,12461.609664915733,12593.215388581293,11705.131128661578,12403.553225791984,13224.031762046143,12128.074689537825,12372.86324220671,12157.553225791982,12467.130331129752,12367.468168340441,11502.228900213362,11551.440347544478,11712.679615671557,11735.53891662809,12044.820314715027,12418.989632086283,11541.496786668231,11854.271827705044,12483.83462387892,13004.172461089609,11866.496786668231,11548.45465670837,11732.595355751844,12777.426038380583,11508.454656708374,12881.833826347098,13614.08740363807,12080.397420052794,10111.117617029508,8630.738447390784,9002.738447390784,11327.807600614782,11141.41332428034,12314.300446032834,11510.089796233544,13002.86324220671,11747.019047945898,11869.751161491029,12462.258316072976,12258.314755196729,11594.934788026181,12569.187567785328,11903.624771611452,12492.145437825471,12378.18756778533,13447.003941250176,12681.173258621433,13384.7646731231,13382.651794875594,12542.877551370602,13484.989632086283,12568.877551370606,12285.074689537825,13083.693924835452,13145.327469296974,11863.62397407963,12734.581046587948,12390.36959925683,12503.172461089609,12288.383908420725,11833.693924835452,11739.088201169896,12113.341778460868,12965.623176547804,12445.228900213364,11705.201079417398,11706.919681330462,12224.201079417398,12537.102510333789,11667.257518541152,12543.031762046143,12199.679615671557,11911.186770253506,12703.242411845433,11750.256721009328,9876.258316072977,8442.344171056342,9734.414121812164,11624.004738782003,11140.188365317154,10991.681210735209,12134.79329145089,11202.568332487703,12484.004738782001,11821.723340695065,11778.17405615326,12012.41332428034,12337.723340695065,12450.399015116445,12624.920478862285,12872.694722367276,12184.65259240742,10067.977715517864,12375.088998701718,12897.877551370602,12962.468965872267,12384.497584200055,12893.24400690908,12274.61046244756,12214.976120454214,12391.060380373929,12770.00394125018,13467.482477504336,13553.581046587948,12872.947502126426,12679.566737424053,11679.73605479531,13345.961013758495,12610.87675383878,12237.243209377257,11499.158949457542,12651.891063002673,10946.891860534499,12877.778184755167,12470.848933042816,11999.609664915737,12667.243209377257,12221.693924835452,12703.228900213364,12906.22810268154,12117.01745288225,11490.90537216657,10256.117617029508,8598.174853685085,9102.879146434254,11532.019047945898,11228.484072567986,11924.765470654924,10953.441942608128,11326.794088982711,12308.751161491029,11391.427633444233,12304.3282668288,12186.5683324877,11174.6955198991,12110.258316072977,13248.131128661576,11813.849730574639,12281.117617029506,12090.27262523687,12388.258316072976,12219.864039738533,12933.72254316324,12840.074689537825,12967.680413203381,12365.399015116443,12892.7646731231,13363.144640293647,12951.257518541152,13215.370396788656,14037.313160133079,12945.6374857117,13193.665306507663,12965.763875591274,12985.763875591274,12074.088201169896,12290.637485711697,13177.186770253504,13139.891063002673,11608.299648501012,12255.313957664905,12500.905372166566,12719.806803082956,12087.666104039488,13179.623176547804,13213.158151925716,12755.862444674887,13573.030964514317,10823.496786668231,10066.187567785331,7961.626366675105,9820.752756554677,11066.59695081549,10647.695519899102,9560.01984547772,11546.540511691739,12256.046868741862,11348.019047945898,11270.16054452119,11852.188365317154,11353.1319261934,11321.554820855632,12145.821909778675,11236.554820855632,12210.948299658248,11489.089796233544,12623.004738782001,11400.596950815492,12083.864039738533,12322.864039738533,12266.314755196729,14289.496786668231,13785.62397407963,12562.793291450887,12866.328266828797,12827.877551370602,13601.651794875594,13075.905372166566,10960.526202527844,13449.088201169894,13266.383908420727,13143.341778460866,13118.017452882248,12684.778184755169,13197.482477504334,12521.39821758462,12752.651794875594,12241.708233999347,12902.891063002673,12659.609664915735,11891.08899870172,12880.454656708373,12147.567534955877,12459.976120454212,12978.369599256832,12249.130331129752,10376.08899870172,8550.990429618108,7912.865634802182,10384.371991852306,11565.582641651596,10983.892658066323,10180.01984547772,11640.484072567986,11236.188365317154,11191.005536313827,11998.779779818818,10802.06197543758,10877.766268186748,11111.906967230216,11617.512690895772,11376.047666273686,11790.047666273684,11827.103307865613,12591.554023323806,12094.427633444233,12330.019047945894,12587.55402332381,12115.385503484376,12270.765470654922,12173.962608822145,11962.075487069647,12232.891860534497,12980.370396788658,13967.440347544478,12968.173258621435,12446.722543163241,12926.91968133046,13365.383908420725,13110.243209377257,13474.440347544478,13566.369599256832,12908.496786668231,13015.69392483545,13236.876753838778,13854.876753838778,12495.976120454214,11717.778982286993,12285.468965872267,12226.778982286993,13247.792493919062,12236.215388581293,12207.6374857117,12454.721745631417,11535.595355751842,8736.03335710979,8079.668496634963,9230.583439183421,10538.879146434254,10549.96340635397,10901.878348902428,11332.878348902428,10428.92127639411,11612.286934400763,10738.273422768694,11324.414121812162,11105.428430976059,10831.864837270357,11510.104105397437,11904.554820855632,11058.202674481048,11935.329064360623,11331.047666273686,12025.892658066321,11760.230495277014,11835.681210735209,12023.624771611456,10667.414121812162,13004.891860534499,12069.145437825471,13277.806803082956,13593.313957664903,12894.751161491027,10831.441942608128,13293.299648501008,13508.158949457542,13151.243209377255,12862.313957664905,12814.313957664905,12849.454656708373,12967.482477504338,12777.031762046143,12973.116819497682,12216.961811290319,12144.835421410746,12527.173258621435,12439.370396788654,12515.708233999347,11831.116819497684,12827.595355751842,12676.383908420727,11645.145437825473,7337.626366675104,8175.752756554678,8870.259911136625,9983.104902929263,9480.71062659482,10167.386301016199,10063.344171056342,9725.752756554679,10610.977715517864,10624.583439183421,10964.484870099812,10830.625569143278,11001.216983644943,11254.01984547772,11570.146235357297,11151.766268186748,11696.2591136048,10979.30124356466,12277.329064360623,11837.44194260813,10988.202674481048,12412.07548706965,12308.5683324877,12447.906169698392,12318.652592407418,12478.484072567986,12555.300446032834,12238.906169698392,12243.70903153117,13365.412526748514,13731.482477504336,13907.891063002673,12470.328266828797,12937.201079417398,12751.215388581291,12623.553225791984,13429.101712801965,12156.778982286993,10766.582641651596,13288.567534955877,12296.82111224685,12397.82111224685,12851.060380373929,12510.806803082956,12884.69392483545,13026.792493919063,11917.046868741862,11334.554820855632,8124.865634802183,7322.7813748824665,8027.879943966076,11343.343373524518,9382.668496634962,9948.992024681756,9789.316350260378,10201.245601972732,9925.020643009546,9766.062772969404,11046.569130019527,10081.2591136048,11747.808398146604,11364.16054452119,11382.329861892447,12445.216186113119,10934.48487009981,11540.047666273686,11250.59695081549,10733.864837270357,10848.273422768696,11649.653389939242,11695.83621894257,11686.146235357297,11605.892658066323,12170.455454240197,12336.17405615326,12720.666901571312,12531.441145076304,12843.948299658248,12852.38470595255,12950.736852327134,13214.919681330462,12725.72254316324,12686.835421410744,12140.032559577967,12695.018250414072,13047.116819497682,12713.52540499602,12764.835421410746,12003.497584200055,13613.003941250176,12008.046868741862,12114.680413203383,12398.539714159913,11851.5683324877,12260.72254316324,10832.864039738533,8345.992024681756,7555.091391297192,8060.0492613373335,9803.555618387456,8714.232090340662,8866.809195678432,9470.767065718574,9567.062772969404,9803.597748347316,10786.18916284898,10569.24560197273,10476.837016474394,10397.062772969404,10748.794886514537,10668.24560197273,10271.344171056342,9664.259911136625,11696.709829062995,11922.005536313827,10946.470560935915,12299.427633444233,11369.709829062995,11758.554820855632,11786.17405615326,12053.005536313827,11756.427633444233,11452.089796233544,12350.258316072977,12751.72254316324,12821.046868741862,12473.849730574639,12214.356885156587,13475.59535575184,12836.976120454212,13130.370396788656,12539.399015116443,13120.074689537823,13234.370396788658,12596.48327503616,12483.38470595255,11647.624771611454,12312.793291450886,12424.596153283666,12066.51189336395,12471.554023323808,11033.59695081549,12878.3282668288,11874.383908420727,8778.794886514535,7458.03495217344,8229.330659424271,9488.344171056342,9024.640675838997,9131.626366675104,9627.907764762042,9294.330659424271,8929.56992755135,9886.062772969404,11050.583439183421,10963.132723725226,10207.907764762042,9885.387098548024,10694.794886514537,11179.794886514537,10979.034154641617,10526.879146434252,10885.738447390784,10857.231292808836,10333.9498947219,11480.386301016199,11470.470560935915,10948.682008267033,12281.695519899102,11583.850528106464,12427.216186113117,12027.864039738533,12932.694722367276,12667.38470595255,12397.441145076304,12905.3282668288,13262.793291450886,13037.525404996019,13288.72254316324,12717.131128661578,12024.807600614782,13122.539714159913,12257.314755196729,12384.596153283666,13126.468965872267,12419.046868741862,12202.413324280338,12607.539714159913,12171.934788026181,12605.061177905754,12866.230495277014,11651.371194320478,9090.9498947219,7233.7813748824665,7631.120009624981,9362.274220300518,8651.59854587914,8930.93638308983,9988.597748347314,9746.597748347316,9741.978513049688,9837.668496634962,11671.59695081549,9521.639878307173,10958.245601972732,10347.316350260378,9884.175651216909,10079.119212093157,10306.006333845653,10972.287731932589,11216.344171056342,10935.499179263705,11279.738447390784,10858.837016474394,11749.216983644943,11083.935585558005,11724.104105397437,12222.44194260813,12868.864039738535,12404.314755196729,12192.70903153117,13232.032559577967,12290.751161491029,12906.28613686894,12675.990429618107,12859.65259240742,12888.638283243523,13123.567534955877,12178.004738782003,13327.38470595255,11452.723340695065,11438.27262523687,12128.216186113117,13136.342575992692,11881.427633444233,12074.329064360623,12211.047666273684,13322.41332428034,11639.005536313829,9306.851325638288,6125.922871457759,7480.809993210255,8924.246399504555,8884.584236715245,9082.175651216909,8766.189960380801,9830.175651216909,8903.401407711917,9988.429228507883,9416.654985002891,9984.034952173439,10107.56992755135,10668.231292808838,10935.513488427598,9995.27422030052,10115.077082133299,10805.329861892447,10210.316350260378,10969.639878307175,10612.457049303846,10607.457049303846,10915.344171056342,11030.287731932589,10966.879146434252,11243.174853685085,11844.709829062995,11043.850528106464,12347.272625236868,12446.610462447561,12188.709031531173,12526.948299658252,11882.03335710979,13361.426835912407,12180.694722367276,11981.821909778675,12684.709031531169,12147.117617029508,12519.581844119772,11889.582641651596,12398.765470654922,12239.5683324877,12605.61046244756,10981.287731932589,12536.484072567986,11770.16054452119,11197.062772969402,10876.287731932589,8568.56992755135,6249.499976795529,7412.401407711918,8327.105700461087,8138.457846835669,8636.640675838997,8788.83781400622,8955.387098548024,9104.69711496275,9777.5134884276,9420.485667631634,9526.879943966076,9283.401407711917,8931.091391297192,9856.13352125705,10549.823504842325,10217.316350260378,10501.371991852306,10368.555618387458,11175.273422768696,10711.612057511209,10764.034154641617,10946.09059376537,10928.696317430926,11545.16054452119,11346.174853685083,11588.554820855632,11752.963406353969,11569.06197543758,12041.23049527701,11309.850528106464,12080.568332487703,11901.07548706965,12235.638283243523,12603.088998701718,11910.709031531173,12388.103307865613,12570.032559577965,12396.694722367276,12415.300446032834,11985.329064360621,11365.03335710979,11658.244804440907,11613.667699103136,11920.83621894257,10025.203472012872,9637.161342053014,6267.330659424271,5719.13352125705,6595.570725083176,6822.809993210255,7294.373586915954,7058.542106755388,7447.5142859594225,7430.259911136625,9496.428430976059,8158.4435376717765,8820.287731932589,9703.922073925936,9534.696317430926,8811.724935758713,9071.71062659482,9060.780577350642,8739.485667631634,9277.499179263705,9300.077082133299,9863.625569143278,8794.259911136625,10095.202674481048,8992.80919567843,9379.962608822145,9473.32986189245,10765.427633444233,10804.991227149934,9971.751959022855,9691.371991852306,9428.074689537825,10155.540511691739,10958.019047945898,10490.878348902428,10744.976120454216,10151.962608822145,10548.356885156587,9947.554820855632,10483.399015116443,9660.004738782003,9759.41332428034,9969.019047945898,9741.55402332381,10406.65259240742,8941.019047945898,8117.526202527844,9398.51189336395,6924.217781176767,5965.992822213583,4406.076284601474,10173.099320206493,11440.479287377038,13041.294863310066,14422.590570560897,14644.505513109356,12442.311565069433,12141.732864668014,18862.377528166133,16408.773399564223,15475.463383149498,15346.056392714809,14959.703448808401,18144.813934460435,15974.858457015765,15500.985644427165,16133.858457015764,16604.900586975622,16743.84414785187,16179.520619805075,17890.463383149498,19876.476097249746,20040.813934460435,18921.321886574206,19028.364016534066,19485.293268246416,16610.900586975622,16528.351302433817,19322.25113828656,19072.561952233107,21794.588177965423,18969.37912322978,20829.49040641364,20693.110439243093,19658.547643069214,22671.475299717917,18683.125545938805,18845.16448577137,13457.112831838564,18826.111236774912,24954.27736401887,24695.249543222908,22109.644617089176,13184.90218203927,11339.423645785113,12527.352099965643,10320.817124587731,8262.577856460652,16453.569083610586
5,18832.33787718478,11675.661874195885,14837.901288569636,16364.9012812573,17328.675922553222,17687.35197672845,15626.887196338295,17179.366061647455,17470.506903525165,19176.53506605084,17472.63366779621,15294.056208054018,15946.520995756506,15923.013953297004,18636.070278348354,17906.450563849146,19407.33787718478,16859.647752715216,18172.351969416115,15943.929443782976,21129.112518480702,20734.73224029224,20453.07027103602,16792.182965012726,21387.774487736926,24074.675885991557,22679.197020682397,23016.042086573343,23271.098426249362,21217.22519783274,23254.77448042459,23106.45053459981,22826.92941453364,21190.14068831871,23034.12659608737,20534.788579968263,26445.070234474355,21744.971669290655,26419.08432670569,27244.774465799917,25153.5068669635,25028.67587867922,22995.12658877504,19575.16885815672,16664.182965012726,22085.67589330389,8375.92949496931,3636.4224963838074,6614.830915160944,8029.140768754381,9511.929494969309,10176.295688238764,10298.69005134623,9048.478784873492,9014.633718982543,9695.352027914783,10181.323850764438,11240.028074777674,12041.943565263646,9964.211178724736,11283.802723385932,12401.929480344641,10461.436522804144,12812.36609820912,10935.844978142946,10914.859063061951,11432.098499372698,12653.929480344641,13332.8027160736,12875.168916655388,11780.647796589215,12362.816808304939,11374.563287075187,13589.760461316586,11989.239341250412,12021.197086493397,12300.01398985867,11810.098499372696,12371.23934125041,12891.957642870319,12197.760468628918,12913.661874195885,12367.183001574393,12261.042159696679,11214.211178724734,13589.774546235589,11520.901317818965,11598.633711670209,11452.873147980956,11542.098499372698,10975.168923967722,9557.295688238764,7146.718235808907,14050.337891809446,7126.070336847023,8109.112598916372,10538.309773157769,11160.732306103242,11222.323858076774,11753.690051346228,12251.366105521454,11463.492869792495,12226.12666921071,12733.535117237177,12242.408360278467,13467.971735101655,12519.084414453693,12576.070329534688,13676.436522804142,14156.380183128125,15533.830878599278,14639.619612126542,13618.18300157439,12858.394275359464,14396.337928371111,14017.943565263646,14659.760461316586,14715.844970830613,13823.2111714124,13948.971735101655,14333.887225587625,14924.64778927688,15337.478770248825,14274.901310506631,14298.197086493396,14277.605534519866,15374.042152384345,14895.605534519866,14295.844970830613,15679.182994262059,14505.887225587627,14276.436522804142,14715.154824424051,14787.042152384343,14841.802716073598,13480.253426169416,13688.154831736381,14611.154824424053,13757.253418857086,9812.802730698266,7804.549194843849,8392.013997171005,11269.915402737974,13182.267511088423,12958.859063061951,12365.929487656973,12363.154839048715,12414.25343348175,12437.28160331976,12822.661881508218,14003.492862480161,13473.788638466925,13695.732298790908,13711.478777561158,13052.309765845435,15303.774546235589,12478.168923967722,13754.23934125041,12833.028074777672,14031.26751108842,14124.98582002066,13521.506947399168,15075.042152384343,14441.478777561158,11177.971749726323,14476.90131050663,13800.746383709913,14413.87314066862,14368.436522804142,14372.154831736381,14973.84497083061,14879.323843452104,15539.05623730335,16126.506940086832,16150.182994262059,16065.830885911604,15365.464685329818,15449.352013290114,16156.225249019071,15082.08440714136,16593.22524901907,16896.66186688355,15725.352013290114,15467.042152384343,15194.070322222353,15570.647781964548,15010.380175815793,13485.73229147858,9630.042152384349,9065.591464225532,10344.74639102225,12953.999904939665,12539.91540273797,12736.94357257598,12329.549209468514,14097.788638466927,12390.6055418322,12694.225263643739,15053.126661898372,13024.140754129712,14483.971735101655,14484.18300157439,14221.95765018265,14482.464692642152,14599.436522804142,13099.844978142946,13282.78863846693,13380.535117237177,11759.492869792497,12555.436530116478,12663.380190440457,15234.788631154594,14843.633704357875,16002.99989762733,17012.859041124953,16071.675951802557,15282.352013290114,14982.873140668622,14791.197086493397,15704.788631154592,16640.211164100067,15331.788631154592,16816.182994262057,15826.013982546334,16072.830885911608,16309.042152384347,16197.323843452108,16959.19707918106,16740.56327976285,16641.281588695092,16189.760461316582,15335.352013290114,15569.267503776086,16685.450593098485,16535.168902030724,14398.18299426206,11315.830885911611,10438.352020602451,11253.915402737974,12926.999904939665,12492.422445197473,12288.168923967722,14199.506947399164,13592.126669210706,14405.478777561157,13128.25343348175,13942.830893223942,14053.323850764438,13192.901317818963,14270.54920215618,13160.521039630505,13343.591456913195,14452.408352966133,13108.366105521452,13277.323850764438,13387.084414453693,13640.57737199419,13444.54920215618,12935.337935683445,12534.88723289996,13633.690044033894,14793.830885911608,14471.67595911489,13414.521032318171,15317.295673614095,15375.380183128123,15611.577364681856,15912.760461316584,15334.549194843847,15091.887225587625,15343.59144960086,16053.563279762853,17782.577357369526,15285.690044033894,16812.53510992484,16684.521025005837,16382.267503776086,15739.366098209117,14361.42243788514,16175.154824424048,16000.704121640565,16134.816793680271,15727.225241706743,14123.521017693505,12512.661866883556,10796.549202156184,11589.535117237181,13077.2111714124,12395.718221184237,13160.183008886726,13712.295680926429,13293.450615035483,12589.647796589214,13703.464699954486,13053.197093805731,13628.844978142944,13269.084421766025,13329.126669210706,13963.309765845434,13761.084414453693,12151.774560860256,13560.084414453693,13241.366105521454,13962.478777561157,12718.78863846693,12418.91540273797,12039.154839048717,12545.591456913195,13643.309765845435,12417.647796589214,13663.690044033894,13952.18300157439,14178.67595911489,12775.816808304939,15694.71820655957,13708.760468628918,13604.521032318171,15248.74637639758,14541.61961943887,15868.492855167828,15498.915395425636,16120.83088591161,16501.042152384343,15791.450607723147,17088.887218275293,16729.4083456538,15492.774546235589,16337.253411544752,16021.366083584457,13562.154817111717,12732.056229991018,10823.028074777676,12136.802723385937,12581.999904939665,11977.94357257598,13661.57737199419,13117.422445197473,13397.619626751204,13565.661881508218,12631.013997171001,13438.112584291703,13640.352020602448,13204.168923967722,12557.999912251998,13264.112584291703,12026.22526364374,12475.94357257598,13531.01398985867,12070.732306103244,11987.94357257598,12117.901317818963,13460.253426169416,12381.816808304939,11295.957657494984,11558.154839048715,11965.859063061951,13996.802708761268,12552.478777561158,13389.746383709913,12091.859063061951,12695.26751108842,12559.6055418322,12741.535117237177,13646.183001574393,13616.225256331407,15116.492855167828,14627.633704357875,15154.873140668622,15424.098492060362,15731.816800992603,16586.77454623559,16057.042152384345,15900.816793680271,15818.732291478573,15885.464685329818,15924.844963518279,15188.549187531518,14833.760446691918,13146.887210962963,10992.802723385934,12934.873140668626,13498.36609820912,12985.802723385932,12655.211178724734,11863.704143577566,12707.760475941252,13235.901317818963,13417.436530116476,13457.464699954486,13968.1125842917,12603.239348562745,14272.521032318171,11467.12667652304,13482.816808304935,12676.126669210706,13268.830893223942,12807.380190440457,12945.309765845435,12779.070329534687,11489.844978142946,11458.126669210707,11818.337935683445,11023.873147980956,12685.943565263646,11870.042159696679,12360.971735101655,12786.492862480161,14486.74636908525,12513.732298790908,13506.408352966133,13802.05623730335,13140.760468628916,14159.915395425634,13810.704128952899,14131.67595911489,14951.337928371111,15418.380183128123,16228.197079181064,15812.521025005837,15555.788631154594,15010.873140668622,15101.802716073598,15761.112569667039,16099.81678636794,14675.070307597689,13215.506925462169,10071.239348562747,10913.521032318175,13423.08440714136,13308.54920215618,13286.563287075183,12769.746391022247,12712.25343348175,12846.5069547115,13964.309765845434,13396.436530116476,13589.929487656975,14291.718213871904,12388.830900536277,12750.183008886726,11963.013997171001,13441.57737199419,11838.971742413989,13815.450607723149,11503.436530116478,11436.098499372698,10992.957657494984,10597.183008886726,12209.830893223942,11729.816808304937,12506.253426169416,11547.774553547923,11557.591456913195,12665.647789276882,11749.718213871904,12794.2111714124,12243.971735101655,10916.394275359464,12237.267511088421,14620.478770248823,12294.760468628918,12832.084414453693,13403.98582002066,14772.732291478575,14933.295673614095,15130.070322222353,14890.929480344641,14507.690044033894,14795.64778927688,15353.25341885708,16150.042145072013,16088.211149475404,14142.394253422466,12870.859041124953,11245.73229879091,11469.873147980958,12982.39426804713,12556.32385076444,12861.661881508218,12792.81681561727,13249.16892396772,13562.873147980954,14102.084414453693,13136.183008886726,14074.563287075187,13362.661881508218,12543.436530116476,12810.070329534688,12690.478784873492,12827.168923967722,12606.957657494986,12477.408360278467,11348.760475941252,12256.788638466927,11808.436530116478,12576.26751108842,11062.71822118424,14354.295666301765,12389.042159696677,11669.802723385932,11057.6055418322,11129.309765845435,11676.971735101655,11247.802723385932,12499.521032318171,11757.746383709913,11450.35202060245,12239.859063061951,13372.2111714124,13285.436522804142,13916.64778927688,14114.859055749617,14031.690044033894,15250.352013290116,14451.197086493396,13773.450607723149,15285.746376397577,15856.746369085251,16528.873118731626,14580.633682420877,13166.02806015301,10037.732306103244,11216.577371994194,13197.197086493396,12551.844978142946,12901.704136265233,14119.54920215618,12919.788645779261,13722.112584291703,13864.380190440457,12613.830900536275,14432.859063061951,13743.873147980956,12804.506954711502,12890.47878487349,14117.830893223942,13350.859063061951,13873.295680926429,13603.563287075185,12156.91540273797,12665.084414453693,11314.211178724734,12444.323850764438,11656.126669210706,11092.675966427223,13332.366098209117,10954.957657494984,11661.774553547923,11162.535117237176,11066.521032318171,11478.35202060245,12260.2111714124,11609.844978142946,11826.844978142946,13347.225256331407,13384.197086493397,13247.98582002066,14517.844970830613,14652.59144960086,14246.436522804142,13964.718213871904,14331.197086493397,14433.42243788514,14461.816800992603,15546.366090896789,15352.859041124953,14333.309743908436,13162.07030759769,10764.07032953469,11420.408360278469,13080.732298790906,12799.098499372698,12713.436530116476,12647.788645779263,12767.492869792495,13930.140754129712,14342.01398985867,12529.591464225528,13759.633711670209,14345.126669210706,14014.408360278467,13355.47878487349,14407.337935683443,14266.070329534687,13539.816808304937,11804.12667652304,12730.94357257598,13285.028074777674,13220.352020602448,12673.352020602448,12042.873147980954,12447.098499372698,12152.309765845434,12536.844978142946,11555.563287075185,11285.830893223942,11050.028074777674,11827.478777561157,11642.999904939665,11811.267511088421,11454.57737199419,10980.478784873492,12213.54920215618,13630.887225587627,13444.197086493397,13028.070329534688,14783.830885911608,14289.408352966133,14973.577364681856,13649.506947399168,13703.464692642152,14920.957642870315,14772.22524901907,14527.084399829027,14906.50692546217,13595.351998665448,10689.07032953469,11528.87314798096,13348.380183128125,12793.619626751204,12816.971742413989,13642.309765845435,13379.704136265233,13754.91540273797,13940.54920215618,13928.168923967722,14001.647796589212,14763.352013290114,14714.013989858668,15233.408352966133,14018.070329534687,13285.1125842917,13541.380190440457,14016.26751108842,14560.929480344641,13084.408360278467,12987.88723289996,14017.563287075183,13491.26751108842,12471.873147980956,11876.436530116476,12345.028074777674,11823.394275359464,11210.633711670209,12825.69003672156,11973.718213871904,12906.929487656975,12293.281596007426,13224.450607723145,13951.7041289529,14181.42243788514,14097.971735101655,14245.183001574393,14371.943565263646,14723.647789276882,14092.23934125041,14453.126661898372,13964.408352966133,15400.08439982903,15202.704114328235,14027.197071868733,12370.999897627335,10031.718221184241,11213.929487656977,11099.563294387519,13493.070329534687,13301.295680926429,12983.5069547115,13257.154839048715,13662.380190440459,14212.591456913195,13771.901317818965,14142.91540273797,13782.971742413987,14400.591456913193,13474.999912251998,13401.690051346228,14871.013989858668,13750.873147980956,14300.563287075185,14275.028074777674,13388.140754129712,14141.253426169416,13428.380190440457,14081.535117237177,12885.154839048717,13487.08440714136,13403.028074777674,13174.352020602448,12922.23934125041,12456.070329534687,13174.112576979369,13051.577364681856,11862.760468628918,12485.478777561158,11534.788645779263,13017.295680926429,14200.901310506631,13195.788638466927,13097.873147980956,13849.535117237177,14388.92948034464,14414.126661898372,14195.718213871904,13715.506940086832,14749.506940086834,15497.943550638982,13666.098484748032,13375.844956205947,10344.239348562747,11386.43653011648,13426.168916655392,12602.112584291703,13536.563287075187,13341.718221184237,12640.295688238764,12692.337942995779,13042.197093805731,13770.985827332994,13296.211178724734,13592.197093805731,12738.859070374285,14139.183008886725,13678.943572575978,14179.380190440457,13991.647796589214,14073.1125842917,14282.337935683445,14274.295680926429,14082.816808304937,14258.521032318171,13884.070329534687,14430.760468628918,13729.084414453693,13685.816808304935,13290.056244615684,13465.999904939665,13578.225256331407,13312.619619438869,14427.253418857083,12621.028074777674,14126.619619438869,11605.704136265234,12953.26751108842,14302.408352966133,13333.816808304935,13337.098499372696,13008.126669210706,13951.999904939665,13532.436530116476,13783.535117237176,14044.633704357875,13726.154831736383,13895.774546235589,15136.267496463755,14129.957635557985,12765.999897627333,10545.718221184241,10972.59146422553,13689.126661898377,13972.366098209117,13463.746383709913,13316.084414453693,13489.16892396772,13427.957657494982,13843.915402737968,12771.577379306524,13376.013997171001,13048.563294387519,14197.91540273797,14332.422445197471,14627.619626751202,14518.54920215618,12451.704143577568,15283.2111714124,15056.492862480161,14390.352020602448,14600.774553547923,13802.91540273797,14497.281596007424,15083.18300157439,14263.633711670209,14364.028074777674,14241.464692642152,14417.943565263646,14431.112576979369,13680.704128952899,13639.985820020658,13907.901310506631,13816.718213871904,14119.87314066862,14379.92948034464,13624.23934125041,13838.352020602448,14574.422437885138,14780.112576979369,13985.464692642152,13656.54920215618,13739.253426169415,14613.887225587627,13314.450607723149,14767.154824424051,15379.844963518282,13867.366090896787,11693.774553547924,9968.013997171005,10582.08442176603,13083.704128952902,13030.80272338593,14069.971735101653,13158.521039630505,14913.957650182649,13443.25343348175,13627.140754129712,14198.464699954486,13945.47878487349,13270.521039630505,14497.126669210707,13751.746391022247,14141.436530116476,14166.436530116476,15396.26751108842,14451.098499372696,15212.521032318171,15370.253426169415,14500.591456913196,15334.464692642152,14438.112584291703,14195.352020602448,15137.464692642152,15366.67595911489,13898.873147980958,14852.67595911489,14637.605534519866,14537.098492060364,14397.887225587627,13920.492862480161,13731.225256331407,14167.999904939665,14983.380183128123,14481.732298790908,13787.056244615684,13629.844978142944,14353.028074777674,14537.999904939665,13692.26751108842,14530.633704357875,14062.690044033894,13770.633704357875,14659.070314910025,13648.718199247242,11577.070322222358,9802.098506685033,11124.267518400757,13271.91539542564,12888.591456913195,12615.746391022247,13812.521032318171,12677.267518400753,14030.394275359464,13447.47878487349,13444.521039630505,13819.19709380573,14049.25343348175,14145.91540273797,14305.718221184237,14586.619626751204,14001.239348562744,11694.323865389108,14243.239348562744,14826.084414453693,14846.084414453693,14286.661881508218,14812.126669210706,14094.239348562744,14283.91540273797,14229.337935683445,14799.563287075185,15488.225256331407,15534.408352966133,14934.957650182649,14747.844970830614,13680.197086493397,15276.281588695092,14689.408352966133,14245.450607723147,13690.309765845434,14636.704128952899,12835.971742413989,14778.929480344641,14377.042159696679,13934.281596007426,14593.478777561157,14111.23934125041,14725.87314066862,14886.408345653803,13961.774546235592,13215.056237303352,11785.957650182652,9955.77456086026,10616.281603319763,13268.464692642156,12955.323850764438,13502.859063061951,12519.5069547115,13100.028082090008,13977.35202060245,13210.788645779261,14230.563287075185,13959.183008886725,12787.873155293288,13826.704136265233,15184.028074777674,13557.408360278467,13991.267518400753,13864.253433481748,14209.47878487349,14001.211178724734,14950.563287075185,14742.901317818965,14769.380190440457,14201.661881508218,14846.591456913196,15336.478777561157,14910.844978142944,15066.056244615684,16104.577364681858,14868.464692642152,15270.830885911608,15068.619619438872,15049.591449600863,14119.225256331407,14417.957650182649,15232.929480344641,15000.18300157439,13524.774553547923,14166.57737199419,14423.028074777674,14725.732298790908,14159.563287075183,14827.408352966133,15119.309758533102,14725.253418857083,15523.535102612514,12669.253418857088,11728.197086493401,9267.211186037071,11144.239348562747,12675.436530116476,12251.492869792495,11214.661888820552,13173.22526364374,14021.098499372696,13126.436530116476,12927.366112833786,13505.056251928017,13260.91540273797,12859.901325131297,14100.929487656973,12931.87315529329,14037.168923967722,13258.59146422553,14465.70413626523,13111.140761442046,13980.22526364374,14235.211178724734,14238.25343348175,16251.915395425634,15468.337935683445,14360.154839048715,14809.394275359466,14674.380190440457,15579.732298790908,14983.028074777674,12730.915410050304,15544.43652280414,15244.915395425636,15071.92948034464,15256.08440714136,14683.197086493397,15243.675959114888,14379.535117237177,14791.971735101655,14264.521032318171,14866.225256331407,14588.802723385932,13656.168923967722,14796.478777561158,14035.337935683445,14269.394268047128,14937.225249019073,14159.70412164057,11914.81680830494,10147.591456913196,9291.168931280057,11968.352020602451,13077.070329534687,12647.901317818965,11739.422452509807,13345.211178724734,12861.056251928017,12821.605549144533,13677.506954711502,12437.943579888313,12522.661888820552,12722.4083675908,13245.112591604036,13080.07033684702,13595.830900536275,13740.140754129712,14325.91540273797,13971.267518400755,13973.732306103244,14402.464699954486,13895.013997171003,14118.492869792495,14026.985827332992,13568.140761442048,14119.253433481748,14893.57737199419,15776.464692642152,14765.591456913193,14306.887232899959,14711.295680926429,15335.704128952897,15013.042159696677,15494.464692642154,15643.394268047126,15066.450607723147,15034.901310506633,15173.675959114888,15802.140746817378,14517.070329534687,13532.91540273797,14266.6055418322,14189.309765845434,15221.18300157439,13954.563287075187,13911.18300157439,14308.73229147858,13302.66187419589,10606.140754129714,9148.253440794086,10761.521039630508,11927.535124549511,11912.309773157767,12460.239348562744,12954.154839048715,11971.183016199058,13310.07033684702,12228.690058658562,12815.661888820552,12631.380197752791,12536.394282671798,13229.61963406354,13379.605549144533,12712.675973739559,13667.281603319758,12906.4083675908,13681.56329438752,13470.53512454951,13643.084421766025,13571.352027914782,12372.23935587508,14858.239348562744,13823.239348562744,15040.08441445369,15556.295680926429,14839.140754129709,12536.464707266821,15323.535117237174,15348.253426169416,15200.732298790906,14780.042159696677,14784.281596007426,14867.281596007424,14984.67595911489,14862.197086493394,14956.32385076444,14088.6055418322,14021.647796589215,14437.859063061951,14242.844978142946,14353.98582002066,13500.070329534688,14756.352013290114,14533.957642870319,13333.070322222358,8858.408367590804,9334.64780390155,10345.422452509809,11280.690058658562,10655.816822929604,11648.929494969309,11477.74639833458,11147.844992767616,12155.225270956074,12122.999919564332,12498.450622347815,12438.197101118063,12774.197101118063,12725.43653742881,13130.084421766027,12792.43653742881,13312.394282671796,12749.394282671798,14054.774560860256,13560.844985455278,12627.253440794084,14047.971742413987,13960.281603319758,14227.25343348175,14048.957657494984,14032.577379306524,14431.183008886725,14111.492869792495,14113.197093805731,15291.337935683445,15662.971735101657,15721.675959114891,14407.887232899959,15093.732298790906,14726.084414453693,14463.760468628916,15433.563279762851,14038.6055418322,12497.675973739559,15149.521032318171,14279.352020602448,14268.830893223942,14760.732298790906,14463.013989858668,14885.394268047128,14817.140746817378,13747.168916655392,12862.042159696679,9543.675973739559,8399.366120146124,9475.633726294878,12935.563287075187,10703.549216780848,11391.225270956074,11214.873162605623,11645.535131861845,11159.394289984131,11138.126683835375,12577.704143577566,11699.915410050304,13398.563294387517,12904.633718982543,12959.197101118065,14075.126669210706,12457.028089402342,13135.647803901547,12893.901325131299,12300.77456817259,12362.985834645326,13264.675973739557,13374.61963406354,13382.915410050304,13267.929494969309,14022.971742413989,13893.337942995779,14489.492869792497,14367.70413626523,14753.901317818962,14707.6196267512,14686.901317818963,14977.563287075185,14472.352020602448,14561.126669210706,14094.619626751204,14434.859063061951,15008.028074777676,14642.084414453693,14383.1125842917,13775.225263643739,15540.521032318171,13804.929487656973,13857.337935683443,13990.57737199419,13615.563287075185,13886.39426804713,12515.183001574394,10023.661888820554,8675.802738010601,9317.67598105189,11317.647803901547,10070.619641375873,10179.070344159354,10769.619641375872,10892.577386618857,11339.535131861845,12209.985834645327,12062.957664807318,12082.239355875077,11940.267525713087,12330.535131861845,12210.77456817259,11798.323865389108,11199.16893859239,13264.168931280054,13485.81681561727,12540.478792185826,14002.492869792495,13002.450622347815,13491.647803901547,13455.81681561727,13733.352027914782,13515.605549144533,13180.352027914783,14071.746391022247,14555.619626751204,14775.859063061951,14281.675966427225,13979.464699954486,15563.95765018265,14655.54920215618,14934.084414453693,14355.887232899959,14869.859063061953,15024.35202060245,14335.154839048715,14250.647796589214,13421.09850668503,14100.436530116476,14418.380190440457,13744.422445197471,14098.140754129712,12639.73230610324,14479.084407141363,13485.675951802561,10277.112591604038,8470.60555645687,9454.070344159356,10910.901325131299,10234.098513997365,10413.647811213881,10952.577386618857,10650.985841957661,10373.16893859239,11270.337950308112,12522.732313415576,12527.450622347815,11726.619641375872,11373.661896132886,12248.253440794084,12734.23935587508,12633.77456817259,12073.267525713087,12373.535131861843,12460.49287710483,11777.844992767614,12984.957664807318,13142.43653742881,12587.070344159356,14191.028082090008,13426.112591604036,14174.211178724734,13804.5069547115,14577.633711670209,14682.6055418322,14221.901317818963,14877.36610552145,15176.323850764438,14796.873147980954,15232.563287075187,14522.661881508218,13677.760475941252,14889.084414453691,14052.436530116476,14207.225263643742,15026.873140668622,14339.943572575976,13990.154839048715,14347.816808304935,13897.422445197473,14255.042159696677,14541.957650182654,13201.535117237181,10789.59146422553,8260.85907768662,8622.521054255172,10513.77456817259,9892.887247524628,10203.887247524628,11491.211186037068,10939.816822929606,11085.394289984131,11186.394289984131,13160.028082090008,10979.8027380106,12518.225270956074,11786.056259240351,11295.647811213881,11399.647811213883,11796.295695551096,12644.211186037068,12725.971749726323,12469.042174321345,12900.239355875077,12223.830907848609,13287.859070374285,12682.985834645327,13368.605549144533,13998.774560860256,14739.197093805731,14032.957657494982,13893.168923967722,14794.352020602448,14059.183008886725,14598.647796589212,14338.690051346228,14724.929487656973,14691.915402737968,14967.57737199419,14006.704136265233,15149.323850764438,13201.464699954486,13186.788645779261,13936.985827332992,14933.042159696679,13490.464699954486,13714.929487656975,13900.844978142944,14905.47877756116,13167.168923967725,10722.126676523043,7132.830915160945,8635.239363187411,9883.408374903134,10106.366120146122,10196.887247524628,9969.943587200647,11115.11259891637,10243.47879949816,11233.366120146122,10594.47879949816,11307.873162605623,11567.577386618857,12230.675973739557,12336.267525713087,11465.352035227115,11663.873162605621,12508.43653742881,11525.605556456867,12489.74639833458,11997.08442907836,12221.830907848609,12433.8027380106,12702.985834645326,12639.436537428812,12988.647803901547,13573.81681561727,12820.084421766027,14187.88723289996,14317.633711670209,14044.39427535946,14213.929487656977,13682.295688238763,15200.26751108842,13895.225263643739,13723.478784873492,14414.619626751204,13828.88723289996,14249.830893223942,13618.53512454951,14145.675966427223,13882.366105521454,14318.394275359462,12492.577379306524,14022.337935683443,13231.22526364374,12614.295688238764,12269.788645779261,9870.197101118069,7189.1971084304,8473.154853673383,9291.464714579153,9090.73232072791,9638.690065970895,9760.154853673383,10189.126683835375,10209.971757038657,10977.352035227115,10625.929502281642,10792.901332443633,10514.436544741146,10283.225278268408,11284.11259891637,11844.309780470103,11587.844992767614,12002.46470726682,11868.352035227115,12683.323858076772,12120.253440794082,12253.957664807318,12475.43653742881,12340.74639833458,13186.84498545528,12775.915410050304,13282.112591604036,13511.78864577926,13143.577379306524,13732.971742413989,12903.352027914782,13528.267518400755,13566.450615035481,13848.464699954486,14290.323850764438,13587.352020602448,14075.6055418322,14415.957650182649,14024.098499372698,13916.88723289996,13331.436530116476,13035.91540273797,13322.675966427221,13107.478784873492,13604.084414453693,11428.704143577568,10825.168931280055,7451.563301699856,6676.6196413758735,7442.070351471691,7827.774575484926,8322.29570286343,8187.225278268408,8435.380212377459,8601.887247524628,10755.380197752791,9357.943587200647,10170.126676523041,10950.028089402342,10863.225270956074,10054.309780470103,10453.49287710483,10651.323858076772,10087.366120146122,10753.661888820552,10678.859077686619,11411.84498545528,10162.267525713087,11749.47878487349,10486.577386618857,11197.042159696679,11002.957664807318,12518.929487656975,12332.042167009013,11584.126676523041,11177.971749726323,11240.999904939665,11698.999912251998,12443.408360278467,11943.802730698266,12248.859063061951,11679.746391022247,12217.19709380573,11503.788645779263,11976.91540273797,11321.408360278467,11246.999912251998,11658.380190440457,11067.211178724736,12054.309765845435,10438.478784873492,9947.352020602448,11072.281596007428,8330.535131861845,7203.126683835376,5532.690058658563,11323.675922553226,12823.281552133427,14822.21112022607,15933.577320807863,16100.267459902092,13958.56326513819,13879.182972325061,20430.408294467466,18088.14070294338,17100.619575564873,16941.042123135012,16641.323806890443,20090.084348642693,17478.084370579694,17129.71817731024,17961.802679511937,18376.76042475492,18443.746339835914,17722.929443782974,19731.39422417313,21879.45054922448,21875.408294467466,20533.675907928555,20830.9012593203,21662.04210119801,18155.57732812019,18113.830849349943,21307.084355955027,20664.633660483876,23724.76040281792,20604.971691227656,22608.53505873851,22330.38013194179,21168.816757118606,24579.46462683115,20526.704085078898,21387.915322302302,15021.633675108544,20603.633660483876,26635.478704437817,26509.337862560107,23904.309700034435,14703.577342744858,12999.182979637395,14287.830856662276,11872.661844946555,9537.478748311827,18415.027965092675
6,21338.861550230267,13377.763130708248,16894.645869350636,18735.17268279956,20055.94758100213,20174.505625036803,17962.92459804591,19748.304092839724,20278.365967367103,22010.04009947113,19929.55217759337,17912.583408179125,18466.98647257329,18667.18800477037,21489.985885929156,20711.722479204698,22319.861550230267,19670.901028445558,20897.885119830615,18672.397197952858,24160.636448432837,23523.473807806917,23557.163848525888,19474.846814903587,24576.845641615324,27292.783180443814,25854.95406869927,26421.170922867157,26458.465560177377,24290.473807806913,26330.922838113518,26256.930499098922,26280.155600896353,24255.683000989404,26287.612878832486,23426.56691292005,30138.999447967577,24872.101387354378,30022.720719272304,30592.278763306975,28524.751949858055,28299.961143040542,26317.13969228141,22415.830319644512,18704.846814903587,24716.457899191977,9750.856822465514,4322.494409574905,8060.113154848701,10024.895714036677,11626.360652958218,12369.12789017538,12523.034785062246,11116.182103717354,11111.066015648,11910.484402012975,12879.802022279411,13642.809683264815,14433.61581205314,12127.081337618813,13758.802022279411,14910.972323890735,13001.073089989277,15381.825005235629,13411.205086673572,13384.995893491086,13828.344744343274,14987.321174742923,15794.181517073222,15257.871557792194,14089.499723983787,14745.011215461896,13794.050107033057,15992.437262812276,14348.057768018463,14350.670025595115,14594.507384969194,14221.150873131599,14772.298191786707,15385.04952038893,14595.360066314086,15321.817344250223,14718.259300215544,14574.00355447649,13527.484402012975,15972.933432319573,13581.08899860422,13829.995893491083,13634.143212146193,13685.995893491085,13225.995893491085,11633.228656273921,8685.678859868785,15951.908689430968,8633.127890175383,9996.453758071351,12648.321761387055,13412.786700308596,13412.166781746542,14014.034785062246,14626.298191786707,13641.32942237246,14828.895127392545,15302.011215461895,14617.437849456408,15966.85623582138,14914.74014775203,15024.298191786707,16324.266961200949,16957.832666221035,18443.964076261203,17474.956415275796,16189.71657815168,15398.941679949112,17062.778452679064,16383.460832412626,17412.59224245279,17367.47615438344,16447.0112154619,16461.86389680679,16907.925771334165,17589.5150459546,18105.933432319576,16963.522706940006,16810.770791693656,16984.321174742923,17974.97998487614,17392.770791693656,17041.22040864438,18362.08841196009,17001.825005235627,16674.662364609707,17450.646455994764,17461.274622186356,17463.77845267906,15943.205086673572,16298.871557792196,17174.739561107905,16234.444923797688,11690.980571520273,9533.538028910822,10195.740147752032,13498.88746640714,15773.158534117005,15442.197425688166,14894.585168111518,14838.538615554948,14725.174442731948,14881.972910534867,15411.887466407137,16669.561598511165,16095.949340934518,16240.809683264817,16370.057768018462,15621.59282909692,17973.429601826872,15078.988232505679,16641.770791693656,15643.45317142722,16721.104320575032,16832.158534117007,16240.755469722844,17936.53036792541,17145.259300215544,13630.399544529379,17133.36772729949,16307.057768018463,17182.670025595115,17030.662364609707,17061.561598511165,17765.47615438344,17739.375388284898,18296.47615438344,18967.685347565923,19007.987645861547,18828.36772729949,18355.181517073222,18211.11964254584,18969.933432319573,18058.569259496573,19307.886879763006,19694.84032720644,18422.119642545844,18173.925771334165,17933.32883572833,18167.840327206442,17837.40603222653,16028.553350881633,11554.553350881633,11208.127890175383,12694.58516811152,15553.553937525761,15081.243978244735,15201.437849456406,14699.220995288513,16777.499723983787,14918.794361294003,15308.430188471,17739.06542900387,15600.135551160787,17116.957001919924,17471.50738496919,17187.05776801846,17289.158534117003,17497.018876447302,15958.693595195464,16010.45317142722,16208.406618870651,14598.631720668085,15333.337083357868,15450.693595195464,18171.026537432706,17639.817344250223,18778.933432319573,20019.52212029588,19140.94109330498,18179.11964254584,17920.61581205314,17779.708917166274,18708.08075097468,19911.189178058627,18348.825005235627,19926.14262550206,18763.63113402395,18964.375388284898,19080.274622186356,18818.724239137082,19716.336496713735,19532.47615438344,19432.53036792541,18920.32883572833,18106.11964254584,18563.63113402395,19625.31292711339,19438.777866034932,17148.429015182744,13802.157947472877,12650.205086673575,13612.09665958963,15342.057768018463,14983.088998604218,14835.732486766623,16758.1508731316,16379.445510441816,17150.856235821382,15618.67827322465,16575.39129689984,16739.647042638895,15877.437849456406,17074.701256180866,15813.476741027565,16237.895127392545,17481.26696120095,15991.042446047652,16033.445510441816,16195.445510441818,16394.096659589624,16254.45317142722,15712.794361294005,15495.18976470276,16667.259300215548,18008.026537432706,17363.561598511165,16232.747808737437,18284.53036792541,18361.06542900387,18501.421940841465,18941.47615438344,18157.421940841465,18309.670025595115,18325.871557792194,19087.972323890735,20872.150286487464,18250.212747658978,19881.127303531248,19688.530367925414,19329.22806962979,18732.61581205314,17228.011215461895,19135.793774649872,18872.538028910818,19035.599903438197,18572.467906753904,16713.816757606095,15112.785527020342,13191.119642545847,13953.918110348768,15642.522706940006,14975.337083357867,15521.236317259329,16396.1508731316,15815.685934210058,15316.236317259323,16367.02712407684,15614.182103717354,16343.34474434327,15822.469080042163,16033.391296899841,16906.298191786707,16573.243978244733,14946.926357978298,16441.45317142722,16072.786700308596,17067.910449363357,15687.80202227941,15319.437849456408,14970.98823250568,15467.995893491086,16513.6547036243,15463.69359519546,16651.86389680679,17047.36772729949,17196.61581205314,15655.150873131599,18768.383049270305,16871.205086673574,16632.104320575032,18330.584581467385,17626.11964254584,19011.282283171764,18427.662364609707,19178.972323890735,19497.879218777598,18530.25930021554,20043.18917805863,19559.18917805863,18538.026537432706,19335.204500029446,18996.529781281282,16244.382462626178,15338.684760921797,13320.42194084147,14588.220408644387,15024.266961200952,14412.786700308598,16080.546276540354,15657.786700308598,16023.14321214619,16170.437849456408,15286.174442731946,16051.988232505679,16485.84091385057,15871.484402012973,15402.577507126112,16135.84091385057,14947.32942237246,15391.585168111518,16697.90278837795,14792.825591879757,14984.034785062246,15134.43784945641,16522.75546972284,15079.445510441814,14068.430188471002,14481.941679949112,14870.298191786707,17063.49913733966,15748.259300215546,16366.305852772111,15056.14321214619,15768.10432057503,15471.39129689984,15560.499723983785,16640.25930021554,16664.30585277211,18346.933432319573,17651.313513757515,18306.817344250223,18522.670025595115,18791.770791693652,19593.778452679056,19066.57692048198,18812.80143563528,18830.476154383436,18651.631134023948,18895.948754290388,18133.103733930904,17752.304679483852,15864.707743878012,13326.716578151687,15386.979984876145,15926.88687976301,15549.344744343274,15110.383635914435,14208.856822465514,15168.523293584138,15928.135551160787,16044.484402012973,16098.631720668085,16816.988232505675,15158.9263579783,17122.00355447649,14075.213334303111,16290.84091385057,15450.189764702758,16221.546276540354,15842.74014775203,15858.150873131599,15760.398957885245,14546.592829096922,14492.042446047653,14827.143212146195,14080.391296899841,15919.763130708248,14825.344744343274,15420.453171427218,15859.6547036243,17820.809096620687,15489.755469722844,16704.11198156044,16981.871557792198,16008.755469722839,17243.313513757515,16858.305852772115,17157.460832412624,18091.321174742923,18474.5150459546,19203.134964516656,18897.67768658052,18328.375388284898,17867.964662905328,17814.22806962979,18801.553350881633,19088.940506660852,17482.265787912693,15744.62229975029,12509.050107033061,13416.158534117008,16069.073089989277,16010.10432057503,15677.096659589624,15261.980571520271,15325.12789017538,15512.027124076842,16847.693595195466,16172.934018963704,16378.383635914433,17244.30585277211,14991.17444273195,15679.833252865164,14809.724825781217,16357.949340934516,14667.081337618814,16792.708917166274,14504.282869815897,14560.492062998379,14019.47674102757,13336.484402012975,15381.701256180868,14862.298191786707,15606.150873131599,14669.398957885245,14573.096659589624,15796.16619510241,14946.507384969194,15763.011215461898,15299.55393752576,13815.53861555495,15362.802022279408,17808.933432319573,15303.398957885247,15706.143212146191,16420.1508731316,18092.483815368843,18148.97232389073,18167.569259496573,17754.809683264815,17501.561598511165,17592.61581205314,18340.181517073222,18944.90220173382,19078.638208365228,17191.06425571561,15608.67651329226,13753.026537432712,13836.863896806792,15445.825005235629,15148.344744343276,15245.484402012975,15132.91869699289,15767.430188471,16185.391296899843,16773.84091385057,15801.430188471002,16868.243978244733,16089.135551160789,15441.034785062246,15751.050107033057,15508.980571520273,15837.484402012973,15558.383635914437,15448.538615554948,14314.678273224652,15434.949340934514,14955.840913850572,15833.45317142722,14100.530954569542,17748.85564917725,15493.902788377949,14843.096659589624,14195.546276540354,14195.398957885247,14660.755469722842,14375.546276540354,15647.205086673574,14655.802022279411,14454.2905308013,15153.592829096922,16456.104320575032,16437.057768018465,17002.111981560436,17155.71657815168,17036.561598511165,18236.11964254584,17266.259300215544,16696.360066314086,18327.181517073222,18845.406032226525,19774.01004217364,17509.645869350636,16085.017703159045,12262.096659589628,13686.36006631409,15717.212747658978,15142.096659589623,15391.337083357867,16590.298191786707,15296.321761387057,16367.941679949112,16514.53861555495,15187.817930894355,17116.14321214619,16496.08899860422,15490.275208830488,15667.833252865164,17039.747808737437,16179.74014775203,16799.499723983787,16557.298191786707,15007.034785062246,15752.848574835978,14090.430188471004,15511.398957885249,14765.840913850569,14038.685934210058,16500.421940841465,13974.631720668085,14843.499723983787,14281.499723983787,14188.205086673574,14479.546276540355,15479.957001919922,14643.895127392547,14986.693595195462,16367.158534117005,16715.360066314086,16374.654703624305,17670.421940841465,17677.871557792198,17330.460832412624,16875.406618870653,17437.708917166274,17297.259300215544,17481.82500523563,18509.04952038893,18326.770205049528,17158.746635449177,16088.521533651749,13128.212747658981,13982.150873131603,15668.111981560436,15419.445510441814,15220.034785062244,15240.523293584138,15331.027124076842,16583.63938165349,17168.25163923014,15131.120229189974,16431.685934210058,17066.94167994911,16785.236317259325,16172.329422372462,17239.747808737437,17218.050107033057,16457.546276540354,14538.21333430311,15629.034785062246,16330.45317142722,16187.895127392545,15735.840913850572,15221.949340934516,15484.445510441814,15296.05010703306,15718.050107033056,14699.794361294003,14312.647042638895,14170.35240532868,15044.057768018465,14720.75546972284,15014.251639230142,14554.096659589624,14019.329422372462,15362.298191786707,16816.76313070825,16478.957001919924,15998.794361294005,17989.421940841465,17386.662364609707,18083.11964254584,16726.352405328682,16545.158534117007,18016.786113664464,17683.886879763006,17589.119055901716,17856.955828631664,16545.118469257584,13164.065429003873,13943.701256180873,16059.670025595115,15361.398957885245,15338.081337618813,16404.794361294003,16042.081337618814,16476.344744343274,16931.050107033057,16800.337083357867,16784.63938165349,17556.91811034876,17625.75546972284,18257.158534117003,16940.84091385057,16072.988232505679,16593.14321214619,17004.050107033057,17713.809683264815,16045.585168111515,16133.344744343274,17202.553937525758,16627.507384969194,15548.445510441814,15042.685934210058,15423.949340934514,14946.042446047653,14154.391296899841,16153.739561107897,15135.158534117005,15967.034785062246,15462.104320575034,16291.158534117003,17081.360066314086,17246.11198156044,17051.809683264815,17313.0112154619,17481.057768018465,17750.5150459546,17180.6547036243,17636.61581205314,16823.111981560436,18651.35181868455,18160.421354197337,16811.180930429095,15125.452584783092,12343.74014775203,13718.708917166277,13555.47674102757,16138.453171427218,15964.305852772113,15478.228656273923,16000.53861555495,16173.391296899841,16901.747808737437,16532.98823250568,16850.04244604765,16588.732486766625,17146.2905308013,16261.476741027569,16212.430188471,17657.75546972284,16538.941679949112,17231.39895788525,17262.949340934516,16296.740147752029,17253.212747658978,16485.895127392545,17123.197425688166,15890.74014775203,16819.127303531248,16405.298191786707,16179.995893491081,16159.104320575032,15280.848574835978,16462.871557792194,16118.522706940003,14903.050107033057,15547.755469722844,14497.27520883049,15982.352405328678,17424.0112154619,16211.647042638893,16190.840913850572,16887.600490082328,17353.460832412624,17453.36772729949,17151.259300215544,16755.731900122493,17659.685347565923,18589.62288639442,16542.37480164077,16153.583994823257,12719.693595195466,13982.592829096926,16181.670025595118,15184.04244604765,16165.499723983787,16082.685934210056,15242.825591879759,15247.515632598732,15763.786700308598,16506.77903932319,16055.87980542173,16247.236317259327,15366.019463091434,16945.236317259325,16376.337083357867,17215.59282909692,16679.034785062246,17097.143212146195,17270.096659589624,17287.701256180866,17007.848574835978,17506.20508667357,17052.55393752576,17515.708917166274,16800.995893491086,16782.848574835978,16293.848574835978,16590.90278837795,16702.259300215544,16320.964662905326,17500.57692048198,15741.654703624303,17265.166195102407,14522.375974929028,16163.197425688166,17438.111981560436,16164.445510441814,16499.794361294003,15995.988232505677,17134.957001919924,16390.53095456954,16605.050107033057,16977.5150459546,16636.61581205314,16867.670025595115,18211.31292711339,17242.824418591495,15513.444923797688,12998.150873131604,13518.13555116079,16328.925771334172,16917.825005235623,16181.809683264815,15991.747808737437,16216.585168111518,16055.732486766627,16649.337083357867,15294.616398697273,16065.926357978296,15831.027124076842,17045.189764702758,17096.53861555495,17525.794361294003,17517.104320575032,15137.205673317703,18396.0112154619,17972.158534117003,17493.45317142722,17599.1508731316,16842.337083357867,17552.75546972284,18205.0112154619,17049.2905308013,17452.25163923014,17297.50738496919,17462.104320575032,17584.414279856057,16588.212747658978,16833.00355447649,16859.71657815168,16939.158534117003,17210.06542900387,17474.158534117003,16693.75546972284,16832.49206299838,17795.259300215544,17963.36772729949,17024.90278837795,16546.546276540354,16630.90278837795,17568.313513757515,16231.453171427222,17924.04185940352,18519.266374556824,16803.01062881777,14385.429601826874,12348.290530801303,13109.391296899847,15873.569259496575,15567.553937525761,16980.608151067732,15774.724825781217,17783.011215461895,16194.98057152027,16503.941679949112,16806.585168111516,16724.081337618816,15934.17444273195,17355.693595195462,16359.12789017538,17042.034785062246,17046.934018963708,18336.1508731316,17385.096659589624,18218.553937525758,18349.910449363353,17421.89512739254,18512.817344250223,17331.794361294,17302.84091385057,18166.662364609707,18478.26696120095,16814.088998604217,17902.414279856057,17782.321174742923,17785.61581205314,17623.91811034876,16973.00355447649,16584.75546972284,17199.90278837795,18212.36772729949,17616.608151067732,16681.1508731316,16680.04244604765,17232.197425688166,17490.104320575032,16606.00355447649,17357.96466290533,17096.5150459546,16688.16619510241,17765.406032226525,16536.367140655362,14384.088411960092,11988.03478506225,13731.19742568817,16021.375388284903,15547.45317142722,15192.437849456408,16585.460832412624,15155.972910534867,16832.74014775203,16299.530954569544,16097.67827322465,16573.484402012975,16788.98057152027,17062.189764702758,17085.182103717354,17613.445510441812,16935.437849456408,14284.694181839592,17048.585168111516,17853.747808737433,17813.995893491083,17278.344744343274,17803.096659589624,17095.87980542173,17285.941679949112,17399.25163923014,17699.00355447649,18580.31351375752,18641.36772729949,18090.5150459546,17958.22040864438,16795.957001919924,18400.026537432706,17808.460832412624,17290.406618870653,16672.647042638895,17695.856235821382,15783.779039323192,17935.158534117003,17311.600490082328,16928.995893491083,17584.856235821382,16902.75546972284,17645.119642545844,17968.638795009363,16873.886879763013,16031.894540748417,14348.569259496575,12332.143212146195,13161.732486766628,16128.918110348764,15540.453171427222,16157.197425688166,15116.182103717354,15661.375974929031,16905.941679949112,15772.228656273921,17208.406618870653,16521.484402012975,15348.562185155299,16634.034785062242,18019.553937525758,16453.2905308013,16812.57750712611,16712.879805421733,17032.228656273917,16812.383635914433,18033.600490082325,17606.949340934516,17725.59282909692,17112.492062998383,17887.243978244733,18345.259300215544,17965.747808737437,18251.1508731316,19206.375388284898,18063.111981560436,18528.026537432706,18114.018876447302,18265.670025595115,17018.6547036243,17379.608151067732,18320.50738496919,18154.25930021554,16686.553937525758,17126.14321214619,17568.35240532868,17774.40661887065,17027.492062998383,17684.76313070825,18126.22806962979,17715.383049270302,18500.11905590172,15499.390710255711,14486.84032720644,11449.120229189977,13683.926357978304,15299.802022279408,14774.786700308594,13650.321761387055,15824.135551160785,16782.197425688166,15855.887466407137,15730.515632598732,16298.22865627392,15989.941679949112,15667.662951253837,16827.63938165349,15545.368313943622,16945.189764702758,16044.476741027569,17292.585168111516,15875.771378337786,17080.135551160784,16981.732486766625,16963.135551160787,19322.36772729949,18735.802022279408,17407.59282909692,17697.445510441812,17575.344744343274,18647.25930021554,18090.25163923014,15506.810269908947,18667.964662905328,18260.259300215544,18209.414279856057,18435.22040864438,17794.460832412627,18406.460832412624,17362.352405328682,18033.40661887065,17315.096659589624,17908.40661887065,17635.096659589624,16582.383635914433,17658.647042638895,16844.050107033057,17155.708917166274,17890.57692048198,17058.39837124112,14749.328835728335,12800.638795009363,11621.825591879762,14541.104320575036,15743.662364609707,15304.398957885245,14328.872144436325,15877.034785062246,15556.825591879757,15524.872144436325,16437.430188471,15173.01180210603,15207.76371735238,15475.515632598732,15915.569846140705,15890.972910534865,16244.375974929028,16685.693595195462,17140.887466407137,16653.67827322465,16720.934018963708,17416.98823250568,16676.9263579783,17004.585168111516,17002.53861555495,16404.019463091434,17093.934018963704,17951.747808737433,18911.259300215544,17820.941679949112,17109.89512739254,17800.298191786707,18481.856235821382,18187.90278837795,18649.910449363357,18812.817344250223,18077.45317142722,18253.313513757515,18310.212747658974,18858.5150459546,17415.445510441812,16489.08899860422,17135.088998604217,17034.39895788525,18024.61581205314,16705.499723983787,16883.16619510241,17134.274622186364,16183.584581467388,13120.654703624305,11459.864483450925,13292.143212146195,14455.685934210054,14668.82559187976,15264.088998604218,15817.693595195464,14450.259886859676,16040.027124076836,14962.407205514784,15420.112568204568,15314.616398697272,15136.469080042165,15854.120229189975,16129.073676633407,15324.662951253838,16410.430188471004,15726.670612239244,16479.17444273195,16198.47674102757,16513.67827322465,16502.670612239242,15088.65529026843,17745.53861555495,16796.833252865166,17983.1508731316,18569.6547036243,17790.344744343274,15240.90337502208,18267.6547036243,18373.802022279408,18274.95700191992,17771.600490082325,17738.1508731316,17886.553937525758,18234.5150459546,17783.111981560436,17974.243978244733,17042.189764702758,16855.088998604217,17137.639381653487,17214.096659589624,17224.35240532868,16317.69359519546,17694.770791693656,17378.78611366447,16192.731900122495,11445.81026990895,11740.530954569547,12779.72482578122,13629.9263579783,13217.205673317701,14104.066015648003,14044.756056366972,13687.050693677189,14742.058354662597,14732.205673317705,15136.911036007486,15068.112568204568,15414.96524954946,15492.709503810407,15848.02712407684,15308.562185155299,16095.41486650019,15594.220995288517,16954.282869815892,16361.174442731946,15177.21333430311,17057.383635914433,16826.77903932319,17199.484402012975,16825.034785062246,16806.321761387055,17327.693595195462,16969.685934210058,16898.53861555495,18281.949340934516,18826.561598511165,19001.414279856057,17171.94167994911,18105.80968326481,17812.546276540354,17455.00355447649,18606.375388284898,17099.197425688166,15359.810269908945,18176.050107033057,17114.189764702758,17181.794361294003,17747.55393752576,17218.802022279408,17581.26696120095,17672.569259496573,16556.925771334172,15540.507384969196,12175.375974929035,10684.004141120624,11821.80260892354,15608.856235821382,12968.35299197281,13828.461419056755,13452.794947938135,14030.35299197281,13565.089585248354,13659.694181839594,15135.5621851553,14308.31410040165,16149.52329358414,15566.321761387058,15571.01180210603,16982.600490082328,15135.205673317701,15676.166781746542,15501.51563259873,15010.407205514784,15150.011802106024,16132.314100401649,16236.422527485598,16230.825591879759,15825.019463091434,17031.74014775203,16748.82559187976,17308.934018963704,17299.39129689984,17706.74014775203,17682.94167994911,17551.243978244733,17899.445510441812,17372.14321214619,17452.39129689984,17019.887466407134,17414.895127392545,18140.75546972284,17575.995893491083,17594.437849456408,16765.732486766625,18496.701256180866,16631.67827322465,16587.096659589624,16790.59282909692,16344.499723983788,16890.173856087822,15198.964662905333,12437.17444273195,10857.360652958221,11720.050693677189,13769.47674102757,12467.151459775729,12496.453758071351,13013.190351346888,13385.949927578647,13945.058354662593,14749.259886859676,14443.058354662595,14535.810269908947,14396.94992757865,14965.701842824996,14928.004141120624,14422.500310627918,13670.492649642514,15814.864483450921,16223.073676633405,15300.864483450918,16928.2905308013,15830.61639869727,16246.569846140705,16303.585168111513,16458.57750712611,16300.825591879759,16105.972910534863,17126.685934210058,17541.445510441816,17713.794361294003,17227.685934210058,16860.934018963708,18393.75546972284,17726.398957885245,18040.949340934516,17379.243978244733,17881.39129689984,18129.096659589624,17141.337083357867,17253.2905308013,16205.717164795813,16896.934018963708,17178.492062998383,16419.53095456954,16968.096659589624,15295.972910534869,17347.375388284905,16204.196839044038,12783.616398697275,10761.507971613328,12004.267547845084,13361.980571520271,12409.694181839594,12625.143798790323,13264.996480135216,12854.981158164404,12856.244564888862,13628.546863184489,15095.709503810405,15069.864483450921,14221.60107672646,13681.190351346893,14848.810269908945,15376.166781746542,15251.306439416243,14572.104907219164,15188.259886859678,15129.461419056759,14463.399544529379,15746.21333430311,15863.61639869727,15152.198012332296,16990.282869815892,16198.36831394362,17089.84091385057,16671.12789017538,17750.546276540354,17717.701256180866,17186.740147752032,17753.14321214619,18147.39895788525,17908.69359519546,18307.445510441816,17385.189764702758,16518.732486766625,17875.794361294003,17019.282869815892,16943.383635914433,18124.36772729949,17242.18210371735,16795.189764702758,17162.243978244733,16659.2905308013,17079.25163923014,17345.76313070825,16120.27462218636,13230.82559187976,10371.911036007492,10833.081924262944,12756.01180210603,12074.794947938135,12478.539202199081,14054.011802106028,13460.554524169893,13344.08958524835,13541.895714036677,15903.484402012975,13616.306439416241,14979.810269908947,14215.345330987404,13687.794947938135,13791.391883543973,14401.80260892354,15091.957588564053,15308.662951253837,14907.004141120622,15667.159120761135,14868.407205514784,15955.019463091436,15469.21333430311,16165.872144436325,16949.484402012975,17529.887466407137,16972.7867003086,16973.98823250568,17812.499723983783,16887.437849456408,17548.647042638895,17249.53861555495,17620.337083357867,17774.437849456408,17910.747808737433,16829.98057152027,17965.298191786707,16109.67827322465,16097.228656273921,16774.833252865166,17819.600490082328,16138.282869815894,16378.53861555495,16746.600490082328,17655.770791693656,16069.11198156044,13399.980571520275,9127.68652085419,10777.593415741054,11986.895714036675,12197.446097085945,12438.291117445431,12420.438436100538,13414.996480135214,12578.182690361486,13547.794947938135,12889.081924262944,13811.794947938135,13992.050693677187,14908.670612239244,14828.856822465512,14003.050693677189,14045.647629283027,15069.368313943623,14036.546863184489,15088.810269908947,14530.655290268434,14692.701842825001,15042.554524169893,15385.96524954946,15258.011802106026,15633.267547845084,16278.872144436324,15461.321761387057,17055.492062998383,17174.546276540357,16772.135551160787,17112.04244604765,16363.934018963706,18258.30585277211,16829.7867003086,16582.53095456954,17336.747808737437,16634.2905308013,17140.445510441812,16370.430188471,17069.437849456408,16747.693595195462,17050.53861555495,15231.918696992892,16917.197425688166,16105.337083357867,15235.073676633408,14996.329422372468,12366.872144436331,9205.500310627922,10515.701842825001,11396.74073439616,11190.880392065865,11847.337670001998,12064.546863184485,12389.539202199081,12493.833839509298,13216.546863184487,12919.88805305127,13194.492649642512,12645.136137804919,12523.888053051269,13583.345330987404,14301.949927578647,14081.004141120622,14403.259886859674,14373.554524169891,15283.926357978298,14592.655290268434,14754.066015648003,15062.616398697272,14876.259886859674,15776.469080042161,15471.86448345092,15927.476741027573,16257.980571520275,16003.182103717354,16441.74014775203,15571.127890175381,16400.492062998383,16186.53861555495,16696.693595195466,17227.1508731316,16309.794361294003,16755.445510441816,17211.158534117003,16867.1508731316,16651.39129689984,16015.693595195464,15683.639381653493,15943.530954569542,15727.337083357865,16266.344744343274,14116.375974929033,13560.282869815897,9529.159120761138,8461.058354662599,9316.531541213673,9742.136137804919,10212.578093770242,10187.531541213675,10360.167368390674,10795.244564888864,13207.275208830488,11521.23690390346,12525.37597492903,13180.407205514786,13260.717164795813,12435.60107672646,12823.562185155299,12965.779039323192,12403.849161480106,13127.321761387055,12904.492649642514,13911.934018963704,12624.662951253838,14223.135551160787,12832.709503810405,13929.065429003871,13398.011802106028,14991.546276540354,14895.779039323192,14098.174442731948,13656.864483450921,14160.522706940006,14360.282869815896,15082.445510441816,14436.37597492903,14932.949340934516,14219.631720668083,14740.647042638895,14066.127890175381,14683.59282909692,13941.445510441816,13644.034785062246,14145.685934210058,13478.484402012977,14723.45317142722,12920.732486766625,12479.096659589624,13754.91044936336,10642.352991972813,9131.942266593245,7426.205086673575,13575.714818219292,15256.67592664813,17504.76078413173,18780.83856727405,19022.946994357997,16389.080164330553,16554.071916701017,23655.830319644512,21170.629374091564,20138.381289337914,19498.684174277667,19707.559838578778,23482.58989587627,20280.358306381695,19974.792601361616,20665.761370775857,21231.61405212075,21433.01711651491,20519.048347100666,22441.629374091564,24840.22572305327,24969.830319644512,23626.101973998513,23953.954655343397,24558.016529870776,21395.908689430966,20858.807923332424,24346.411933279538,23524.17975714083,26749.047173812407,23296.869797859803,25576.11729596932,25273.256953639026,24044.0866520277,27628.202153452916,23023.621713106157,24667.434329591622,17746.47498109518,23329.629374091568,29580.077817754023,29476.01594322665,26857.341811122616,16937.653530336043,15077.692421907204,16466.180343784963,13907.172682799559,11036.366554011236,21277.91341719572
7,22142.00789303011,13725.928705724793,17673.58334753551,19578.67512960379,20932.1174986672,21192.445033287688,18980.32454260867,20851.25538548476,21369.151863514027,23082.13446737548,21167.876089878908,19142.38195983013,19747.140551041837,19863.870433642813,22667.835641365727,22184.55986773061,23983.00789303011,20772.956559475006,22333.91611096183,19908.927850864275,25660.180144694496,24859.364136261327,24856.657306034987,20722.65773346525,26012.237561915957,28555.225822013508,27294.484626940342,27815.869578782294,28005.191457166682,25522.364136261327,27920.248874388144,27709.11664380668,27704.674274743273,25376.34108388669,27922.542044161808,24859.226249443767,31576.765629381298,26367.18580093059,31323.48419951009,32063.62208632765,29888.260186860327,29532.777369283747,27643.174061028145,23592.77214047791,19607.65773346525,25244.32368774815,10048.635963381395,4538.165740567772,8690.998290278963,11156.957841765783,12551.342793607731,13323.538097646751,13688.405867065287,12512.595514868213,12203.911737016511,13238.486336661384,14352.170114513086,14932.739057921866,15708.555066355035,13398.946101863336,15081.250584109184,16203.336709941377,14487.664244561864,16799.721661783326,14798.520701508212,14811.60117110431,15120.601171104307,16327.147062138454,17109.612483576497,16745.095301153084,15611.49199289748,16095.279292719919,15234.95175809943,17453.5320139804,15764.928705724797,15753.474596758939,16028.899997114066,15425.060936306261,16074.250584109188,17051.181426985277,15935.009175320893,16693.635535951136,15923.089644916989,15850.331053705288,14740.377158454556,17317.911309586252,14786.354106079922,15019.164458276995,14849.273636483824,14838.193166887724,14318.193166887722,12573.836923656507,9403.35453351018,16840.82432889354,9500.267980247729,10781.124437194074,13693.997862848702,14436.894340877969,14558.319741233096,15195.595514868213,15949.762110296506,15001.187510651633,16174.9230494887,16588.089644916992,15965.515045272117,17362.009175320894,16316.382814690654,16308.951758099434,17747.445888148206,18387.42283577357,20097.97438304381,18936.106613625274,17703.147062138454,16743.112697291628,18594.773422768696,17938.089644916996,18848.56072259113,18885.825183754063,17951.73905792187,18012.87694473943,18430.47459675894,18970.7677665326,19603.290605192105,18402.41717953748,18295.73905792187,18352.06659254236,19475.12400976382,18920.36541855211,18445.825183754063,19689.319313802836,18388.55506635504,18081.658588325772,18856.319313802836,18929.394127162843,18849.095301153087,17310.359762316017,17588.796475143332,18477.888257211616,17672.646848423323,12876.060936306258,10476.261896581374,11277.710349311139,14702.848236128697,16849.365418552108,16715.76211029651,16049.055280070168,16050.055280070164,15895.130093430169,16140.779506435047,16565.055280070166,18184.388470926748,17525.19316688773,17803.009175320898,17913.440231912115,17050.54375388285,19658.802131379427,16747.354106079925,18214.44588814821,17254.112697291628,18311.468940522846,18359.578118729674,17698.710349311143,19470.744714157965,18689.388470926748,15015.067019972616,18744.687296936503,17880.33105370529,18727.87694473943,18647.118353527723,18650.089644916996,19259.905653350164,19348.93436196089,19808.284948956018,20419.422835773577,20622.29060519211,20350.33670994138,19772.233187970647,19735.52635774431,20171.15271837455,19592.526357744307,20796.88260097553,21008.480252995036,19928.06659254236,19767.445888148213,19294.503305369675,19735.21013559601,19323.485909231124,17445.57203506332,12832.485909231127,12414.221875498457,13945.681640700408,16804.388470926748,16315.354106079923,16398.244927873093,15838.371502218466,17831.491992897485,16401.0839886809,16665.078332444802,19142.87694473943,17006.836923656512,18722.170114513094,18855.440231912118,18678.549410118947,18823.848236128702,19148.87694473943,17512.434575676023,17679.14140590236,17994.440231912115,16285.969154237977,16938.59551486822,17003.515045272117,19850.15271837455,19520.33670994138,20569.34236617748,21998.278865289656,20958.48025299504,19884.60682734041,19366.687296936503,19365.629879715045,20281.853892364794,21530.26189658138,19985.095301153087,21508.29060519211,20400.15271837455,20446.01483155699,20629.93436196089,20484.44588814821,21512.532013980403,21079.284948956018,20962.744714157965,20428.66424456187,19710.118353527727,20082.342366177476,21340.813443851614,21074.870861073076,18672.9800392799,15054.566378827221,14057.39412716284,15000.739057921868,16596.73905792187,16203.354106079925,16064.21621926236,17900.491992897485,17553.354106079925,18437.440231912115,17025.888684641875,17996.704693075044,18330.73340168578,17446.325397469194,18480.032227695534,17295.888684641875,17939.842579892604,19067.497649133576,17609.354106079925,17812.273636483827,17890.624223478946,18068.842579892604,18078.14140590236,17545.434575676023,17221.244927873096,18365.980466710163,19857.583774965773,19052.980466710163,17818.73340168578,20209.773422768696,19867.767766532605,20277.635535951136,20791.284948956014,19905.284948956018,19991.52635774431,20173.095301153087,20833.256240345283,22529.618139812592,19891.009175320898,21436.20447935992,21135.963070571623,20878.01483155699,20265.066592542356,18817.009175320894,20744.319313802836,20436.6124835765,20645.42849200967,19993.92262205844,18395.652504659418,16631.52027407795,14566.072248778446,15291.583774965766,17080.095301153087,16138.97481047407,16781.135749666268,17684.49199289748,17184.566806257488,16786.48633666139,17522.078332444806,17102.647275853586,17831.733401685775,17244.451971814564,17500.135749666268,18406.9230494887,18244.46328428675,16583.158802040904,18256.30234509456,17868.434575676023,18705.35976231602,17670.87128850334,17154.566806257488,17000.107041055537,17472.164458276995,18364.951758099436,17215.05528007017,18611.549410118947,18942.227531734556,19283.38847092675,17707.032227695534,20761.6124835765,18654.221875498457,18424.141405902363,20221.422835773577,19411.147062138458,20768.313657566745,20147.118353527727,20906.124009763822,21122.93436196089,20165.170114513094,21758.669900797962,21188.669900797962,20005.014831556993,20814.3767310243,20653.089217486733,18015.43980448185,16895.629452284782,14713.15837461064,15939.583774965768,16522.526357744304,15565.135749666262,17334.382814690653,17059.48633666139,17274.35410607992,17563.94610186334,16627.589858632124,17625.515045272117,17953.164458276995,17398.836923656512,16805.3197412331,17841.244927873096,16605.187510651635,16987.538097646757,18438.089644916992,16528.969154237977,16662.107041055533,16986.216219262362,18437.87128850334,17064.0035190848,16057.348449843828,16473.59551486822,16984.05528007017,19078.457200620396,17679.899997114066,18342.411523301387,16883.05528007017,17731.03222769553,17324.05528007017,17552.9230494887,18528.710349311143,18444.14140590236,20003.853892364794,19413.037883931625,19928.606827340405,20244.41717953748,20409.635535951136,21188.66424456187,20753.284948956018,20793.80778761552,20435.93436196089,20362.233187970647,20443.42849200967,19818.83649622625,19265.07182134819,17496.20405192965,14762.508961605763,16774.42849200966,17375.830839990154,16856.491992897485,16295.026571459435,15376.635963381394,16447.3197412331,17404.216219262365,17365.37715845456,17570.91739325261,18210.05528007017,16754.509389036022,18593.871288503335,15754.883028405784,18103.273636483827,17262.325397469194,17983.46328428675,17542.135749666268,17658.57246249358,17623.273636483827,16447.05528007017,16259.164458276993,16695.54375388285,15959.434575676023,18051.009175320898,16735.164458277,17369.87128850334,17888.60117110431,19839.164030846732,17478.060936306265,18642.279292719923,19029.095301153087,17855.76211029651,19072.198823123825,18785.710349311143,18971.35976231602,19926.52635774431,20067.497649133576,20985.532013980403,20697.394127162843,20011.74471415797,19453.658588325772,19503.445888148213,20349.75602663015,20860.57769129941,19071.721234353066,17444.77865157453,13785.82518375406,14783.876944739428,17355.911309586252,17146.170114513094,17055.11269729163,16552.72774544968,16651.69903683895,16913.158802040904,18139.0035190848,17619.48633666139,17899.647275853586,18794.710349311143,16526.400210829197,17267.18751065163,16486.67032822822,18017.73340168578,16335.888684641877,18751.81952751797,16400.34844984383,16398.244927873093,15794.997862848704,15339.26798024773,17286.923049488705,16788.57246249358,17619.221875498457,16680.03222769553,16623.97481047407,17997.497649133576,17129.520701508212,17813.710349311143,17270.87128850334,15646.756454060414,17154.382814690656,19780.532013980403,17294.302345094555,17472.704693075044,18298.411523301384,20060.451544384305,20055.01483155699,19944.445888148213,19585.089644916996,19163.73905792187,19339.38847092675,20004.773422768696,20601.675557034054,20566.956986905265,18817.341938747213,17391.106186195015,15022.480252995032,15217.474596758937,16764.043540167717,16485.68164070041,16601.40586706529,16459.56115002139,17205.647275853582,17687.89434087797,18000.46328428675,17203.26798024773,18414.652932089677,17440.566806257484,16979.727745449683,17362.46328428675,17081.45762805066,17468.865632267243,17359.187510651635,17179.32539746919,16112.130093430173,17232.382814690656,16786.756454060414,17887.060936306265,15891.538097646753,19873.675557034054,17577.871288503335,16820.193166887726,16335.894340877972,16265.382814690654,16719.520701508212,16262.434575676025,17500.762110296506,16577.762110296506,16243.325397469194,17157.05528007017,18334.79081890724,18380.87128850334,18716.19882312382,18982.308001330653,18672.279292719923,19861.147062138458,18890.170114513094,18458.980466710167,20012.451544384305,20669.94567443308,21485.123582333556,19061.152290944287,17691.204051929653,13660.526357744306,15226.90565335016,17146.014831556986,16434.65293208968,16702.055280070166,17990.842579892604,16682.670328228218,17798.894340877974,18037.89434087797,16611.10138481944,18665.382814690653,18061.78516267114,16995.940445627246,17270.45762805066,18753.762110296506,17855.244927873096,18547.22187549846,18393.11269729163,16881.756454060414,17701.382814690653,16053.42891943993,17442.65293208968,16605.675984464317,16005.727745449685,18491.066592542356,15691.078332444802,16827.762110296506,16251.33105370529,16272.221875498457,16503.704693075044,17535.060936306265,16740.164458276995,16912.164458277,18134.951758099436,18509.980466710163,18115.60117110431,19586.716005547234,19617.716005547234,19088.279292719923,18631.980466710163,19027.89999711407,19019.549410118947,19070.256240345283,20118.26755281747,19892.330626275027,18788.014404126727,17723.290177761846,14609.940018196981,15394.336709941375,17066.98612294626,16792.221875498457,16589.94610186334,16480.67032822822,16652.239271637,17946.325397469194,18793.520701508212,16408.64161961749,17981.135749666264,18541.244927873096,18307.78516267114,17705.18751065163,18829.382814690653,18889.382814690653,18189.382814690656,16210.584202396027,17360.566806257488,18184.411523301384,18012.65293208968,17734.0035190848,17118.894340877974,17458.112697291628,17242.762110296506,17626.11269729163,16615.083988680897,16471.543753882852,16225.11269729163,17185.629879715045,16738.141405902363,16892.221875498457,16656.704693075048,15905.34844984383,17165.9230494887,18837.037883931625,18465.440231912118,17846.083988680897,19822.175770749185,19226.38847092675,19849.98612294626,18580.951758099436,18263.06093630626,19770.64119218723,19357.233187970647,19328.43414824576,19600.64076475697,18292.26146915111,14639.158374610639,15357.848236128697,17416.88260097552,16911.331053705286,16678.29668885846,17686.112697291628,17343.91739325261,17828.54375388285,18425.221875498457,18282.865632267243,18339.055280070166,19118.095301153087,19299.440231912118,19899.687296936503,18474.19316688773,17865.974810474072,18392.0035190848,18685.9230494887,19615.19882312382,17806.59551486822,17786.78516267114,19031.710349311143,18613.06093630626,17453.704693075044,16790.45762805066,17318.221875498457,16908.974810474072,16135.515045272121,18239.75037039406,17275.089644916996,17737.216219262365,17329.681640700408,18131.141405902363,18979.170114513094,19163.440231912118,18966.980466710163,19324.549410118947,19310.089644916996,19626.118353527723,18841.141405902363,19214.767766532605,18623.73905792187,20287.2962614282,19873.543326452585,18551.819100087705,16780.514617841858,13844.82518375406,15229.848236128697,14703.699036838947,17533.73905792187,17457.170114513094,16824.836923656512,17259.135749666268,17743.35410607992,18527.57246249358,17974.51504527212,18350.624223478946,18060.566806257484,18829.813871281876,17827.618567242855,17840.37715845456,19413.25058410919,18260.624223478946,18948.49199289748,18939.68164070041,17957.325397469194,19032.549410118947,18180.54375388285,18872.762110296506,17466.135749666264,18896.664244561867,18406.302345094555,18090.73340168578,18036.76211029651,17434.003519084803,18515.037883931625,18194.744714157965,16875.032227695534,17576.520701508212,16206.940445627244,17870.382814690656,19336.658588325772,18096.73340168578,17874.164458277,18600.0035190848,19166.440231912118,19265.037883931625,18875.089644916996,18655.773422768696,19311.963070571626,20210.273209053565,18228.330626275027,18044.014404126727,14227.74471415796,15400.658588325769,17788.290605192105,16594.79081890724,17585.49199289748,17376.135749666268,16600.3197412331,16611.45197181456,17238.946101863337,17916.647275853586,17478.997862848708,17992.946101863337,16979.670328228218,18469.216219262365,18055.02657145944,18707.164458276995,18312.32539746919,18759.273636483824,18903.302345094555,19078.951758099432,18558.46328428675,19086.25058410919,18903.87128850334,19415.440231912115,18605.302345094555,18664.46328428675,18118.382814690653,18144.032227695534,18594.440231912118,18349.687296936503,19580.963070571626,17734.491992897485,19175.49764913358,16378.888684641877,17922.003519084803,19262.118353527723,17906.164458277,18200.244927873093,17841.296688858463,18697.87128850334,18105.538097646757,18254.572462493583,18742.118353527723,18541.606827340405,18653.66424456187,19991.135322236005,18968.767339102338,17261.278865289656,14345.664244561864,14867.819527517968,17925.618139812592,18225.882600975525,17594.497649133576,17459.762110296506,17473.78516267114,17591.107041055537,18090.405867065292,16688.10138481944,17378.88868464188,17496.618567242855,18592.974810474072,18772.974810474072,18973.193166887726,19095.520701508212,16664.36584598237,20031.46894052285,19727.658588325772,19214.681640700408,19329.60117110431,18336.51504527212,19238.440231912115,19863.658588325772,18785.273636483827,19233.170114513094,19123.980466710163,19422.73905792187,19425.41717953748,18512.009175320894,18628.411523301387,18869.687296936507,18835.170114513094,19068.037883931625,19216.38847092675,18656.60117110431,18589.05528007017,19607.549410118947,19818.037883931625,18808.520701508212,18357.382814690653,18352.411523301387,19137.30800133065,17857.68164070041,19742.049196403816,20269.164030846732,18480.140978472096,16143.457200620396,13730.710349311134,14401.331053705282,17284.5320139804,16987.388470926748,18334.658588325772,16924.078332444806,19191.928705724797,17656.647275853582,17816.515045272117,18312.675984464317,18107.296688858463,17477.77950643505,18824.894340877974,17895.267980247732,18500.675984464317,18498.216219262365,19855.520701508212,18897.032227695534,19790.819527517968,19865.81952751797,19105.813871281876,20257.06659254236,18946.19316688773,18979.46328428675,19964.19882312382,20220.796475143332,18668.486336661386,19515.118353527723,19684.095301153087,19455.687296936507,19385.147062138458,18705.980466710167,18426.411523301384,18893.33105370529,19991.848236128702,19343.899997114066,18466.9230494887,18442.894340877974,19106.032227695534,19153.411523301387,18275.762110296506,19270.578118729674,18806.497649133576,18440.227531734552,19406.916965822347,18360.140978472096,16115.836496226248,13591.520701508212,15306.14706213845,17559.940018196983,17143.658588325772,16445.86563226724,18041.388470926748,16492.699036838952,18057.704693075044,17743.18751065163,17560.34844984383,17982.675984464317,18180.267980247732,18524.244927873093,18538.48633666139,19065.762110296506,18454.51504527212,15675.469367953105,18545.32539746919,19509.79081890724,19415.842579892604,18927.463284286754,19362.382814690653,18612.107041055537,18904.813871281876,18930.681640700408,19259.762110296506,20222.578118729674,20429.687296936507,19837.009175320898,19806.037883931625,18676.980466710163,20437.043540167724,19800.578118729678,19138.629879715045,18362.003519084803,19417.060936306265,17468.078332444806,19656.27929271992,18928.112697291628,18669.73340168578,19186.411523301384,18646.87128850334,19383.60682734041,19702.319313802836,18658.124009763815,17933.129665999906,16155.267552817471,13921.175770749182,14634.549410118942,17469.342366177472,17140.250584109188,17498.572462493576,16368.647275853584,17069.80821504578,18246.73340168578,17296.239271637,18727.71034931114,18060.40586706529,16761.802558809686,18129.946101863337,19706.009175320898,18007.354106079925,18192.72774544968,18078.566806257488,18398.40586706529,18198.756454060414,19608.79081890724,19239.302345094555,19340.463284286754,18788.894340877974,19407.382814690653,20057.27929271992,19725.951758099436,19857.60117110431,21076.825183754067,19808.73905792187,20361.365418552115,19960.986122946262,20063.06659254236,18835.899997114066,19085.440231912115,20137.549410118947,19847.549410118947,18462.76211029651,18856.382814690653,19217.411523301387,19467.06093630626,18716.813871281873,19458.118353527723,19791.55506635504,19383.043540167724,20265.514617841858,17329.56637882722,16287.485909231127,13019.491992897481,14924.762110296506,16611.8482361287,16101.704693075044,15061.779506435048,17096.026571459435,18138.03222769553,17377.86563226724,16978.802558809686,17786.45762805066,17614.0035190848,17041.992206612613,18344.704693075044,17115.75079782432,18559.164458276995,17664.078332444806,18876.244927873096,17436.940445627246,18457.244927873093,18687.187510651635,18631.486336661386,21094.825183754067,20347.27929271992,18812.273636483824,19282.19316688773,19181.54375388285,20291.009175320898,19609.14140590236,17059.773850198955,20451.009175320898,19911.848236128702,19918.549410118947,20077.905653350164,19557.35976231602,20182.9287057248,19100.112697291628,19645.790818907237,19037.03222769553,19642.60117110431,19256.112697291628,18046.756454060414,19356.06093630626,18494.572462493583,18843.089644916996,19604.963070571626,18743.371074788203,16363.82518375406,14447.555066355035,12917.899997114066,15846.445888148206,16924.87694473943,16618.440231912115,15515.859976031144,17151.107041055533,16797.04962383407,16611.400210829193,17743.91739325261,16466.314084997004,16487.802558809686,16781.15314580481,17313.480680425295,17318.078332444806,17642.888684641875,18300.894340877974,18593.515045272117,18143.267980247732,18469.02657145944,18870.624223478946,18151.647275853586,18461.026571459435,18592.48633666139,17700.07267620871,18712.216219262365,19510.11269729163,20517.27929271992,19359.652932089677,18921.65293208968,19311.842579892607,19950.629879715045,19946.79081890724,20210.089644916996,20575.06659254236,19805.440231912118,20147.227531734556,19960.9287057248,20478.658588325772,18886.244927873096,18102.675984464317,18791.164458277,18742.11269729163,19768.38847092675,18307.842579892607,18534.635535951136,18726.66990079796,17890.80778761552,14763.606827340402,12978.543753882848,14783.11835352772,15743.221875498459,15797.566806257484,16328.055280070164,16947.54375388285,15753.043967597978,17354.509389036022,16170.015258987243,16634.61291100676,16828.18185441554,16520.480680425295,17260.750797824316,17435.239271637,16889.45197181456,17875.72774544968,17192.130093430173,18041.80821504578,17690.078332444806,17959.267980247732,17954.3197412331,16436.664671992126,19487.164458276995,18395.135749666264,19642.951758099436,20222.359762316017,19353.813871281876,16844.716432977493,20084.980466710163,20045.06093630626,19942.520701508216,19327.68164070041,19543.193166887726,19679.411523301384,19873.46894052285,19670.81952751797,19654.813871281876,18635.354106079925,18381.37715845456,18829.974810474072,18851.624223478946,18844.032227695534,18050.302345094555,19426.635535951136,18862.859548600885,17819.911309586252,13117.107041055533,13101.060936306261,14183.813871281873,15019.026571459435,14276.124437194076,15406.561150021389,15308.664671992123,14946.067019972614,16025.854319795048,16138.204906790173,16400.50373279993,16333.612911006761,16719.451971814564,16789.15314580481,17279.72774544968,16794.342793607735,17490.291032622365,17132.509389036022,18289.756454060414,17859.3197412331,16721.61291100676,18641.78516267114,18470.486336661386,18763.32539746919,18443.51504527212,18429.859976031148,18932.083988680897,18537.296688858463,18431.486336661386,19982.629879715045,20469.549410118947,20653.767766532605,18972.05528007017,19763.549410118943,19401.302345094555,19180.520701508212,20471.47459675894,18895.112697291628,16832.93478939115,19861.68164070041,18704.59551486822,18886.62422347895,19255.520701508216,18869.141405902363,19393.578118729674,19221.796475143336,18094.583774965766,17235.957414335524,13699.193166887728,12074.049623834071,13234.538097646753,17028.74471415796,14151.204906790173,14910.61291100676,14600.578546159935,15292.79690257359,14742.6303071453,14864.848663558958,16527.91173701651,15633.342793607735,17606.538097646757,17074.509389036022,16916.61291100676,18595.440231912115,16450.124437194077,17173.371502218466,17136.67032822822,16424.883028405784,16616.72208921359,17674.750797824316,17720.26798024773,17691.158802040904,17424.561150021393,18694.97481047407,18227.538097646757,18920.566806257484,19000.89434087797,19237.244927873093,19328.273636483824,19116.193166887726,19779.03222769553,19085.0035190848,19142.704693075048,18667.785162671145,19168.112697291628,19838.060936306265,19139.46328428675,19200.244927873093,18265.187510651635,20013.681640700408,18081.187510651635,18192.003519084803,18499.65293208968,17774.87128850334,18365.767766532597,16690.365418552108,14212.923049488702,12159.566806257484,12934.940445627242,14915.405867065287,13609.475024189194,13789.906080780416,13917.819954948225,14677.87737216969,15166.93478939115,15954.314084997004,15863.394554593102,16011.96349800188,15815.095728583348,16357.124437194077,16122.93478939115,15899.4750241892,15161.848663558958,17337.371502218462,17705.45762805066,16852.64161961749,18315.762110296506,17258.3197412331,17848.130093430173,17845.296688858463,18041.428919439924,17960.80821504578,17740.509389036026,18665.486336661386,19122.06093630626,19383.9230494887,18844.94610186334,18510.45762805066,20221.38847092675,19361.411523301384,19594.032227695534,19051.813871281876,19482.54375388285,19711.03222769553,18734.135749666268,18831.083988680897,17648.451971814564,18511.05528007017,18712.003519084803,17853.107041055537,18245.411523301387,16698.216219262362,18989.39412716284,17770.56637882722,14275.38281469065,12017.026571459437,13211.704693075044,14481.515045272115,13570.906080780414,13590.549837549199,14236.498076563836,13948.113124721884,14246.659015756031,14867.038311361885,16285.773850198953,16371.532441410658,15277.526785174567,15077.659015756031,16201.532441410656,16676.181854415536,16604.423263203833,16026.584202396029,16417.342793607735,16642.802558809686,15757.095728583346,17157.750797824316,17382.400210829197,16618.79690257359,18478.32539746919,17722.13009343017,18845.0035190848,18233.756454060414,19187.842579892604,19370.411523301387,18799.083988680897,19467.19316688773,19716.302345094555,19364.652932089677,19842.03222769553,19031.51504527212,18159.997862848708,19329.842579892607,18612.675984464317,18466.45762805066,19719.87694473943,18682.59551486822,18357.51504527212,18564.46328428675,18057.354106079925,18571.9287057248,18908.963070571623,17589.99177918235,14877.762110296504,11800.135749666262,12098.17619817944,13956.400210829193,13044.388898357003,13593.199250554077,15012.503732799923,14610.176198179443,14532.00960275115,14866.147489568715,17014.216219262362,14947.204906790173,16276.153145804803,15619.204906790173,15092.227959164811,15177.067019972616,15678.233615400906,16571.18185441554,16791.10138481944,16495.153145804805,16978.451971814564,16297.992206612615,17597.808215045778,16920.589858632124,17774.808215045778,18405.40586706529,18992.463284286754,18552.51504527212,18553.923049488705,19571.359762316017,18405.946101863337,19124.302345094555,18674.244927873096,19283.515045272117,19417.35410607992,19577.14140590236,18402.91739325261,19652.491992897485,17695.107041055537,17746.888684641875,18284.647275853586,19277.491992897485,17650.267980247732,17923.354106079925,18266.46894052285,19411.88260097552,17546.934361960888,14929.193166887724,10150.015258987247,11856.963498001878,13156.124437194074,13325.82561118432,13311.199250554077,13312.980894140419,14632.038311361881,13577.601598534566,14684.578546159932,14086.791246337494,15006.147489568713,15197.446315578467,16348.80821504578,16113.503732799927,15275.825611184324,15409.5554937853,16347.130093430173,15440.93478939115,16431.371502218462,15979.883028405784,16050.423263203833,16480.18185441554,16895.589858632124,16729.130093430173,17187.049623834075,17692.538097646757,17020.348449843827,18647.842579892604,18624.221875498457,18360.164458276995,18653.762110296506,17796.457628050655,19869.81952751797,18292.32539746919,17990.647275853582,18844.491992897485,18391.9230494887,18781.331053705286,17794.647275853586,18487.704693075044,18324.0035190848,18605.65293208968,16679.3197412331,18305.899997114066,17540.083988680897,16691.91739325261,16676.359762316013,13903.974810474068,10261.239271636998,11653.831267420413,12441.067019972612,12073.980894140419,12802.170541943346,13137.118780957977,13507.469367953103,13522.710776741393,14303.607254770663,13888.090072347248,14281.498076563832,13959.6303071453,13818.11878095798,14918.176198179444,15589.854319795053,15235.124437194076,15638.342793607733,15711.802558809683,16859.19316688773,15898.451971814562,16070.859976031143,16412.88868464188,16364.911737016513,17204.91739325261,16917.480680425295,17465.486336661386,17676.865632267243,17392.0839886809,17982.273636483827,17145.917393252606,17809.244927873093,17711.51504527212,18060.54375388285,18466.14140590236,17864.083988680897,18315.572462493583,18810.687296936503,18460.27929271992,18359.923049488705,17562.032227695534,17142.05528007017,17306.813871281876,17112.083988680897,17794.468940522846,15551.78516267114,14966.112697291626,11026.377158454558,9391.72774544968,10229.848663558954,10702.498076563832,11182.762537726761,11024.572889923837,11164.297116288719,11744.768193962856,14268.808215045772,12606.819954948225,13760.969154237973,14333.664671992123,14432.888684641875,13694.124437194072,14125.561150021389,14514.003519084796,13729.394554593098,14591.72774544968,14206.204906790173,15303.785162671142,14085.210563026267,15727.302345094553,14298.99220661261,15605.583774965766,14830.400210829195,16685.762110296506,16317.785162671142,15563.509389036024,15135.480680425291,15688.853892364794,15773.624223478946,16619.11269729163,15887.566806257484,16386.411523301387,15697.29668885846,16244.164458276995,15391.808215045781,16139.871288503336,15582.762110296504,15117.756454060409,15511.543753882848,14797.21621926236,16378.65858832577,14451.434575676018,14104.980466710162,15254.57811872967,12235.45197181456,10656.015258987247,8770.221875498457,14792.806932755004,16427.996580557927,18870.79519285255,19796.134467375487,20344.00223679402,17497.658160895513,17765.675129603795,24882.691670881813,22407.157519750122,21607.536815355976,20782.49113803696,20878.47374189842,25112.47897070425,21680.554211494516,21336.818672657446,22156.663389701345,22459.42198091305,22781.881746115003,21825.577263869152,23995.157519750115,26282.0135492662,26330.231905679866,25156.490710606693,25197.870006212554,26030.49636684279,22760.55421149452,22295.824328893545,25722.007893030113,24757.427637149143,28254.886974920835,24574.18057212476,26961.956132044746,26816.2493018184,25316.83564136573,29051.375448733517,24359.10010252866,26435.415469816435,19128.324542608672,24721.697754548168,30913.277582998875,30762.651222368637,28148.208853305234,18297.910882155993,16494.284521525755,17893.272781623302,15282.945247002819,12272.26712538721,22982.11578894617
8,24534.358019933232,15227.472667277916,19904.187958556424,22131.145299671123,23564.135015605498,23986.037891146465,21617.269656917022,23861.19462321204,24446.627302556273,26062.335929179186,23835.508087343187,21759.73471108094,22627.82669350716,22599.10778281863,25875.525036064435,25027.405820851345,27113.63910924471,23646.94590872024,25378.68176813001,22943.853926294025,29068.628825179076,28153.071788588943,28198.763466490596,23684.85392629403,29292.093879342992,32334.921721178976,30865.840022818385,31274.926863211796,31450.71052353967,28714.071788588946,31410.894488392118,31379.95409599866,30977.683290752804,28690.380110687278,31129.02398767083,27971.012180982398,35381.26908275261,29668.31021901511,35204.749563014964,35860.09025993298,33509.41400812976,33253.16015160515,31312.419150162572,26617.85030688401,21863.572836982545,28433.08873731018,11132.15253849115,5122.9706704259215,10034.762518032214,12740.27689573705,14451.20700406488,15451.01275514681,16004.229094818931,14519.948005507456,14322.861165114049,15462.980380327137,16813.40791763856,17383.93772144183,18270.494758031968,15576.196719999254,17538.09445350741,18868.148919081137,17072.711097704087,19427.268134294223,17280.532274884456,17226.564649704138,17714.09445350741,18945.619115277867,19909.770705310628,19279.21366872049,17905.721381769712,18581.93772144183,17579.348310032015,20067.084169441783,18232.591882491,18348.181293900816,18543.218810753304,17979.034845900864,18658.84573901561,19505.954670163068,18279.126828327084,19231.494758031968,18312.97009626151,18136.223952786117,16957.823648261558,20022.084169441783,17148.66691619598,17367.164345179575,17187.288702425474,17122.099595540218,16422.537416917272,14423.450576523865,10670.914108064979,19308.410962884154,11091.515326163219,12550.423343736999,15760.35345206483,16556.569791736947,16563.547700982897,17471.22909481893,18320.1319703599,17392.731665835337,18554.1319703599,19045.44029245824,18507.039987933676,19898.218810753307,18736.099595540218,19071.721381769712,20301.121686294275,21257.895062556527,22911.72804642532,22024.101118163017,20500.24604354017,19306.348310032015,21388.20852668768,20690.62425731068,21811.895062556527,21715.494758031968,20597.656632130358,20672.905346622152,21196.338025966394,21626.467525245105,22503.019419802426,21124.7162397369,21129.310793179528,21312.93257940902,22248.743472523765,21627.246043540174,21484.37040078607,22476.084169441783,21156.997329048376,20736.37554281888,21669.424866359797,21598.651490097545,21704.90020458934,19877.002471081185,20141.9649542287,21376.57645639256,20131.446957113847,14999.213668720493,12363.835454949984,13439.581598425371,16994.327741900765,19341.927437376202,19128.597024523813,18464.196719999254,18436.79127344188,18167.2989864911,18399.2989864911,19137.79127344188,20950.97009626151,20123.413059671373,20555.721381769712,20589.28356039266,19712.569791736947,22495.835454949985,19441.569791736947,21293.840596982798,19983.91048865497,21286.532274884463,21411.467525245105,20635.002471081185,22491.992187015563,21670.49990006478,17354.276895737046,21499.748614556578,20793.159203146766,21627.310793179528,21517.251185572986,21640.53227488446,22353.80822216312,22564.246043540174,22977.651490097545,23726.554365638513,23728.051794622108,23332.310793179528,22897.397633572935,22683.872971802477,23283.743472523765,22373.029703868055,23621.711097704087,24149.64634806473,22562.15406111395,22592.338025966394,22277.743472523765,22562.14377704832,22143.349832654814,20194.988567605546,15079.966476851492,14529.576456392557,16303.889920523712,19388.33802596639,19008.78613140907,18925.79127344188,18091.08264681898,20455.69414898285,19054.47780931073,19064.234236851746,22193.37554281888,19787.57493376976,21561.629399343492,21830.597024523813,21516.878113835286,21843.84573901561,22199.467525245105,20356.321077245153,20637.66177416317,20986.87811383529,19091.639683409117,19782.104737573034,19985.666916195984,23018.33802596639,22353.62425731068,23762.305651146715,25566.06874334334,24085.80308013031,22941.186435933632,22631.218810753307,22445.597024523813,23501.775847343444,24923.80308013031,23111.964954228697,24696.521990818834,23446.33802596639,23657.121686294275,23628.089311474596,23490.31079317953,24560.273276327036,23891.15406111395,23970.9649542287,23478.900204589343,22578.186435933632,23068.711097704087,24493.603689179425,24211.15558373675,21853.324122490743,17995.07026596614,16530.469047867897,17544.88992052371,19204.30565114671,18450.288702425474,18454.574933769763,20406.413059671373,20151.229094818933,21191.629399343496,19366.86116511405,20777.66691619598,20867.634541376305,20070.574933769763,21203.007613114,19865.142254425526,20806.164345179575,22412.062078687733,20541.915630687778,20795.164345179575,20819.07236275336,21138.1319703599,21084.223952786117,20581.758898622204,20302.948005507456,21431.91048865497,23016.68386491722,22262.629399343492,21080.60216655663,23420.21366872049,23213.09445350741,23509.15406111395,23914.246043540174,23464.402775605748,23051.780989376257,23227.872971802477,23992.029703868055,25905.705955671277,22880.31593521234,24546.246043540174,24306.80822216312,23992.9649542287,23279.343167999206,21743.002471081185,23891.051794622108,23518.240901507357,23776.04665258929,23167.16072576956,21312.76708590061,19595.21671396609,17151.334406556376,17974.85240367122,19393.365258753256,18385.072362753355,19037.293844458287,20228.1319703599,19575.764040655016,19337.731665835337,20064.98552235995,19722.92077272059,20808.634541376305,19685.99066439276,20333.699291015662,21293.321077245153,21068.47780931073,19355.142254425522,21213.818506228745,20945.229094818933,22032.44029245824,20687.22395278612,20272.326219277966,19841.76404065502,20555.47780931073,21594.380684851698,20280.948005507456,21722.721381769712,22243.97009626151,22473.283560392665,20668.60216655663,24157.775847343444,21908.09959554022,21597.69414898285,23605.619115277867,22629.780989376257,24197.056936654917,23121.00247108119,24018.27841835985,24171.55950767132,23327.19157796644,25013.959812195884,24221.365258753256,23119.90020458934,24063.01427776961,23835.312315802323,21132.734711080935,19964.99009022834,17276.86935239246,18716.441815081034,18965.86782976966,17758.66691619598,19685.196719999254,19335.169487212388,19908.510184130406,20135.169487212388,19202.612450622255,20321.69929101566,20713.104737573034,20063.358594097645,19428.861165114053,20548.261469638608,19287.077504786168,19752.077504786168,21522.505042097593,19314.142254425526,19615.92077272059,19844.012755146814,21499.942863474644,20150.196719999258,19055.672058228796,19663.418201704186,20051.47780931073,22741.111402228646,20831.19157796644,21640.223952786117,20113.666916195984,20973.850881048424,20178.699291015662,20749.445434491052,21873.31593521234,21455.66177416317,23280.21366872049,22611.09445350741,23179.09445350741,23291.06207868773,23693.029703868055,24523.246043540174,23670.121686294275,24173.673580851595,23599.651490097545,23257.74347252376,23709.95467016307,22871.35497468763,22589.567694949732,20565.422769572582,17347.523513441633,19303.842119605597,19835.392491540122,19331.380684851698,18612.201862032067,17509.27689573705,18855.73680786815,19890.326219277966,19934.515326163222,20117.515326163222,20816.418201704186,19382.1746292452,21504.413059671373,18370.58521783539,20925.634541376305,20162.69929101566,20885.510184130406,20577.542558950085,20713.60216655663,20727.47780931073,19296.104737573034,19412.229094818933,19991.104737573034,19037.82364826156,21282.87811383529,20130.883255868102,20674.380684851698,21049.256327605795,23539.419724326985,20635.099595540225,21837.44029245824,22315.748614556578,21033.694148982846,22201.159203146763,21861.629399343492,22257.19157796644,23188.62425731068,23316.564649704138,24351.181293900816,23879.80822216312,22902.121686294275,22239.970096261513,22428.121686294275,23636.171009835187,24008.84211960559,22370.973141507107,20475.288128261058,16316.750137179375,17363.322599867948,20115.549223605696,19719.159203146763,19362.321077245153,18901.515326163222,19064.86116511405,19349.423343737,20845.229094818933,20259.201862032067,20527.796415474695,21629.223952786117,19147.488093376356,19935.201862032067,19192.2989864911,20970.758898622204,19263.95314754027,21770.067220720543,19477.326219277966,19234.104737573034,18902.10987960585,18250.51532616322,20370.850881048424,20077.758898622204,20775.2563276058,19802.850881048424,19692.634541376305,21240.40791763856,20350.629399343492,21104.78613140907,20511.975238294326,18638.45057652386,20439.72652380253,23201.056936654917,20382.883255868102,20580.229094818933,21278.2563276058,23637.024561835242,23136.15406111395,23236.029703868055,22631.034845900864,22084.721381769712,22237.53227488446,23075.056936654917,23603.641206031916,23982.058459277716,21943.94590872024,20641.569217572534,17783.085692064582,17941.257850228594,19372.20852668768,18937.223952786117,19071.731665835337,18746.52046819603,19493.796415474695,20276.261469638608,20836.07236275336,19741.828790294374,21113.039987933676,20249.201862032067,19880.639683409117,20314.321077245153,19960.953147540273,20289.57493376976,20093.639683409117,20171.699291015662,18944.017897179627,20331.164345179575,19617.169487212388,21007.380684851698,18946.35859409764,23533.04665258929,20818.2563276058,20055.039987933676,19390.196719999258,19407.569791736947,19968.942863474644,19584.758898622204,20688.694148982846,19822.2563276058,19308.418201704186,20200.542558950085,21425.942863474644,21558.91048865497,22074.564649704138,22418.813364195932,22165.753756589387,23128.905346622156,21997.159203146763,21318.91048865497,23174.867829769668,23838.576456392562,24870.426388982596,22246.318980457938,20821.136538228297,16097.814886818729,17719.0091357368,19718.365258753256,18774.099595540218,19048.574933769763,20373.164345179575,18868.33136131078,20374.542558950085,20620.104737573034,18974.52046819603,21282.47780931073,20605.137112392713,19537.2989864911,19986.920772720594,21557.72652380253,20798.542558950085,21374.60216655663,21376.883255868102,19826.764040655016,20709.60216655663,18983.35859409764,20442.445434491052,19749.137112392713,19035.920772720594,21757.905346622156,19019.48295134354,20041.1319703599,19458.1319703599,19469.818506228745,19741.634541376305,20489.942863474644,19743.66691619598,19886.634541376305,21259.66177416317,21764.753756589387,21239.975238294322,22879.029703868055,22806.18643593363,22238.034845900864,21632.66177416317,22197.19157796644,22230.44029245824,22167.591882491004,23321.392491540122,23272.37706544168,21832.448479736646,20858.099021375805,17053.74499514656,17924.636063999103,19499.397633572935,19196.818506228745,19046.731665835337,18663.893539933728,19071.423343737,20388.57493376976,21344.818506228745,18869.958289573085,20691.856023081236,21219.980380327135,21054.418201704186,20471.077504786168,21621.91563068778,21645.164345179575,21182.60216655663,18763.741949900963,20225.60730858944,21104.1319703599,20996.321077245153,20756.915630687778,20152.915630687778,20376.288702425474,20298.321077245157,20790.72652380253,19892.47780931073,19510.60216655663,19315.288702425474,20277.629399343492,19923.505042097593,20079.56979173695,19750.196719999254,18912.82879029437,20236.039987933676,22025.97009626151,21582.629399343492,21020.07236275336,23056.06207868773,22307.159203146766,22978.49990006478,21492.818506228745,21146.505042097597,23044.959812195884,22508.240901507357,22423.225475408915,22905.50294531038,21503.509609965993,17205.27479894983,17909.07388537615,19982.019419802422,19045.19157796644,19008.326219277966,20256.758898622204,19803.796415474695,20480.07236275336,21220.1319703599,20922.731665835337,21041.13711239271,22123.02970386805,22079.34831003202,22867.689006950033,21262.196719999254,20648.699291015662,21198.35345206483,21679.1319703599,22622.31593521234,20834.856023081236,20802.791273441882,22187.067220720546,21745.472667277918,20571.229094818933,19884.01275514681,20518.850881048424,19934.94800550746,19063.385826884507,21816.64634806473,20461.87811383529,20727.045129966493,20527.067220720543,21225.472667277914,22097.753756589387,22459.597024523813,22100.34831003202,22476.721381769712,22351.472667277914,22617.564649704134,21704.380684851698,22306.656632130358,21441.532274884456,23536.17100983519,23110.566172326933,21636.637586621902,19793.184339146414,16240.847261638412,17689.10626019583,16929.450576523865,20006.93772144183,19903.629399343492,19075.358594097645,19811.293844458287,20281.104737573034,21091.288702425474,20534.418201704182,20993.666916195984,20690.045129966493,21225.666916195987,20117.547700982897,20592.35859409764,22270.34831003202,21019.666916195984,21830.288702425474,21967.1319703599,20901.261469638608,22017.159203146763,21176.47780931073,21954.818506228745,20432.98038032714,21951.80822216312,21503.850881048427,21315.883255868102,21040.22395278612,20523.758898622204,21878.49990006478,21510.15406111395,19967.413059671373,20764.380684851698,19077.33136131078,20945.445434491052,22587.689006950037,21003.321077245153,20697.54255895009,21661.883255868102,22188.034845900864,22231.37554281888,21941.159203146763,21840.586740458188,22425.116544261462,23322.97161888431,21331.237282097343,21167.644251277514,16736.879636458085,17842.452099146663,20309.171009835183,18804.067220720543,20149.537416917272,19785.60730858944,19001.1746292452,18994.833932327183,19658.326219277962,20390.796415474695,19903.390968917323,20475.01275514681,19391.488093376356,21053.01275514681,20628.32621927797,21385.79127344188,21141.104737573034,21568.91563068778,21889.164345179575,21864.975238294326,21455.164345179575,22194.91048865497,21732.942863474647,22299.31593521234,21548.850881048427,21592.72652380253,21158.445434491052,21279.537416917272,21641.034845900867,21600.251185572986,22905.056936654917,20818.81850622875,22306.218810753307,19029.672058228796,20964.60216655663,22481.126828327087,21213.321077245153,21306.229094818933,20839.01275514681,22042.380684851698,20915.672058228796,21332.288702425474,21784.251185572983,21689.31079317953,21629.462383212292,23268.44181508104,22369.448479736642,20470.806125375904,16828.25270819578,17472.39249154012,20584.825170884353,20989.273276327032,20220.813364195932,19753.726523802525,19951.137112392713,20071.077504786168,20594.450576523865,19199.08264681898,19958.266611671424,19873.547700982897,21042.948005507456,21376.823648261558,21766.47780931073,21966.09959554022,19029.276895737046,23101.283560392665,22623.159203146766,22048.413059671373,22360.380684851698,21182.699291015662,22058.78613140907,23041.564649704138,21745.47780931073,22172.505042097593,22184.34831003202,22607.126828327087,22600.062078687733,21698.002471081185,21680.91048865497,21940.251185572983,21826.348310032015,21999.813364195936,22365.44029245824,21724.223952786117,21507.542558950085,22658.31593521234,23133.813364195932,21867.22395278612,21367.47780931073,21325.1319703599,22279.09445350741,20716.75375658939,22883.11140222865,23451.97161888431,21811.388872130105,19100.535320130057,16225.101118163018,16884.549223605696,19826.079027408967,19460.37554281888,20859.84573901561,19341.266611671424,21847.31593521234,20110.35859409764,20496.856023081236,20671.60730858944,20724.201862032067,19892.142254425526,21467.35345206483,20230.515326163222,21244.012755146814,21215.856023081236,22753.22395278612,21656.883255868102,22707.067220720543,22862.034845900867,21819.03998793368,23227.93772144183,21786.445434491052,21854.321077245157,22985.44029245824,23383.49990006478,21569.418201704186,22753.84573901561,22941.402775605748,22826.06207868773,22703.62425731068,21969.34831003202,21370.975238294326,22044.223952786124,23247.656632130358,22424.067220720543,21590.60216655663,21463.510184130406,22073.039987933676,22242.975238294326,21347.81850622875,22194.53227488446,21801.62425731068,21504.402775605748,22523.506564720392,21466.29174767107,19237.692052195634,15876.295367081086,17470.17100983519,20272.138635015508,19614.905346622152,18913.385826884507,20467.159203146763,18771.017897179627,20538.980380327135,20153.953147540273,20000.704433048475,20455.326219277966,20494.672058228796,21216.980380327135,20977.482951343543,21816.16434517958,20979.261469638608,17883.125305704285,21398.542558950085,22309.09959554022,22252.445434491052,21761.039987933676,22436.56979173695,21231.88839790091,21820.47780931073,21880.818506228745,22272.69414898285,23351.40791763856,23465.93772144183,22868.00247108119,22959.62425731068,21638.597024523813,23490.089311474596,22877.689006950037,22267.78613140907,21495.321077245157,22617.067220720543,20186.98552235995,22804.597024523813,21878.72652380253,21553.883255868102,22269.942863474644,21436.942863474647,22340.18643593363,22927.36011672044,21719.792796064678,20990.79946072029,19322.19462321204,16414.722904392507,17071.862687736848,20119.48447396634,19490.564649704134,19760.321077245153,18579.796415474695,19292.266611671424,20667.35345206483,19650.861165114053,21362.380684851698,20528.888397900915,19081.86630714686,20600.88839790092,22395.629399343496,20713.79127344188,20798.390968917323,20822.60730858944,21123.450576523865,20940.01275514681,22454.505042097597,21992.1319703599,22065.60216655663,21535.791273441882,22235.60216655663,22805.283560392665,22596.007613114,22730.223952786124,24038.840596982798,22803.283560392665,23372.121686294275,23079.343167999206,23284.029703868055,21882.472667277918,22138.942863474644,23179.44029245824,22976.31593521234,21371.537416917272,21841.039987933676,22193.69414898285,22378.505042097597,21480.666916195984,22422.564649704138,22853.370400786072,22303.240901507357,23450.533797507254,20243.772227933427,19337.535320130053,15267.641206031913,17358.770705310628,18971.056936654917,18222.69929101566,17318.455718556677,19338.201862032067,20590.883255868102,19660.57493376976,19157.709575081288,20098.390968917323,20311.79127344188,19391.833932327183,20956.823648261558,19577.64482544193,21141.948005507456,20157.266611671424,21486.980380327135,19786.488093376356,21349.26146963861,21225.731665835337,21291.731665835337,23917.15406111395,23397.034845900867,21727.60216655663,22094.03998793368,22015.47780931073,23185.159203146766,22564.505042097597,19536.617592655064,23464.251185572986,22991.126828327084,23088.721381769712,23277.435150425426,22628.878113835293,23197.53227488446,22068.56979173695,22737.22395278612,22087.16434517958,22532.66177416317,22190.60216655663,20983.450576523865,22289.09959554022,21208.007613114,21796.813364195932,22603.521990818834,21786.106260195833,19246.593405113796,17243.03789114646,15337.327741900763,18441.571314359746,19438.430008392614,19037.002471081185,17656.76918268783,19387.639683409117,18947.2989864911,19001.76918268783,20035.234236851746,18725.05541403212,18891.709575081288,19082.304128523916,19759.488093376356,19742.98552235995,20139.547700982897,20981.948005507456,21339.385826884507,20858.95314754027,20861.607308589442,21714.35345206483,20928.201862032067,21267.012755146814,21105.418201704186,20214.67720026161,21444.731665835337,22470.694148982846,23460.28356039266,22308.16434517958,21634.03998793368,22490.007613114,23031.034845900867,22723.66177416317,23314.440292458235,23690.62425731068,22865.505042097597,23124.251185572983,22868.721381769712,23354.656632130358,21835.91563068778,20895.169487212388,21624.66691619598,21405.03998793368,22618.84573901561,21053.818506228745,21464.619115277867,21644.387349507306,20912.1776744908,17742.080550031766,15177.208526687677,17243.106260195833,18135.09445350741,17871.57493376976,18737.13711239271,19251.666916195984,17709.931056786216,19544.736807868154,18293.963431605895,18966.304128523916,19095.552843015714,19031.64482544193,19694.23937888456,19976.2989864911,19329.55284301571,20479.515326163222,19867.488093376356,20511.390968917323,20378.82879029437,20603.077504786168,20623.985522359948,19111.36887816327,22099.38582688451,21359.104737573034,22412.537416917272,23051.472667277914,22171.60216655663,19015.433627802628,22919.629399343496,22971.505042097597,22649.067220720543,22190.69414898285,22091.72652380253,22519.22395278612,22900.126828327087,22631.002471081185,22498.79127344188,21576.791273441882,21037.16948721239,21561.385826884507,21553.321077245153,21699.537416917272,20724.413059671373,22297.39763357294,21928.820028851544,20855.86935239246,15744.262992261405,15486.48447396634,16568.58159842537,17157.975238294322,16452.023039212436,17342.08264681898,17291.36887816327,16892.18491331083,17964.36887816327,18138.24452091737,18553.617592655064,18663.46086058949,19026.709575081284,19195.179771278014,19716.515326163222,19388.42848576981,19751.52046819603,19716.736807868154,20810.731665835337,20379.985522359948,19252.55284301571,21459.137112392713,21180.699291015662,21568.82364826156,21137.94800550746,21069.423343737,21757.915630687778,21377.137112392713,21287.418201704186,22865.067220720543,23456.002471081192,23564.689006950037,21635.823648261558,22697.31593521234,22321.850881048427,22079.537416917272,23658.246043540174,21753.72652380253,19334.525610228848,22717.413059671377,21420.261469638608,21690.072362753355,22263.942863474647,21446.067220720546,22258.02970386805,22105.711097704087,21005.60883121224,20251.409440261355,16483.31745783514,14178.527132851641,15342.4675252451,19310.927437376205,16072.617592655064,16913.30412852391,16359.530752261657,17392.466002622303,16705.157680523964,16918.530752261657,18640.552843015706,17963.86630714686,19994.390968917323,19587.736807868154,19161.709575081288,21131.440292458235,18837.774324720645,19553.52046819603,19579.76918268783,18782.552843015706,19244.67720026161,20263.050271999306,20490.796415474695,20464.672058228796,19918.612450622255,21378.47780931073,21036.515326163222,21664.261469638608,21614.791273441882,22063.79127344188,22161.47780931073,21899.03998793368,22502.445434491052,21977.039987933676,21940.666916195987,21440.823648261558,21836.758898622204,22617.099595540225,21834.634541376305,21937.823648261558,20811.953147540273,22795.413059671373,20802.045129966493,20885.60216655663,21093.09959554022,20463.689006950033,21251.268134294223,19505.095976130204,16741.54408157288,14412.95981219588,15157.375542818883,17097.099595540218,15541.617592655062,15693.995806425572,15768.157680523962,16487.779466753454,17306.9634316059,18107.493235409165,18030.898681966537,18145.741949900963,17998.27689573705,18692.33650334359,18449.212146097692,18263.368878163266,17517.341645376404,19655.52046819603,20303.077504786168,19278.76918268783,21121.883255868102,19903.142254425526,20303.234236851746,20470.54255895009,20747.515326163222,20659.515326163222,20359.98552235995,21549.82364826156,21987.09959554022,22058.007613114,21425.32621927797,21242.045129966493,23160.44029245824,22085.69414898285,22357.288702425474,21955.634541376305,22346.91563068778,22468.288702425474,21412.418201704186,21652.229094818933,20053.552843015714,21330.418201704186,21468.196719999254,20480.856023081236,20989.067220720543,19250.72652380253,21709.636063999103,20540.33954858919,17220.66329678597,14033.494758031966,15420.840596982795,16709.91048865497,15415.087788851793,15444.844216392808,16287.936198819032,15766.287179802677,16222.687484327234,16795.092930884606,18405.023039212436,18785.11502163866,17694.871449179678,17227.530752261657,18516.11502163866,18866.958289573085,18987.42848576981,18445.617592655064,18778.958289573085,19069.08264681898,18350.77432472064,19734.736807868154,19941.142254425526,18791.27689573705,21199.791273441882,20097.33136131078,21629.850881048424,20971.26146963861,22298.413059671373,22234.472667277914,21533.07236275336,22290.883255868102,22591.72652380253,22145.321077245157,22661.007613114,21812.980380327135,20646.358594097645,21966.321077245153,21277.293844458287,21100.63968340912,22587.872971802477,21307.574933769763,20954.666916195984,21305.413059671373,20798.694148982846,21328.80822216312,21605.60368917942,20354.939244064626,17472.014277769613,13939.462383212287,13912.418201704186,16077.666916195982,15028.871449179673,15331.249662950184,16999.898681966537,16625.995806425573,16352.563127081336,16871.341645376404,19309.60730858944,17154.77432472064,18640.99066439276,17744.244520917367,17229.341645376404,17495.7147171141,18102.89868196654,19053.20700406488,19209.893539933728,18795.52046819603,19374.612450622255,18762.488093376356,20156.76404065502,19527.547700982897,20520.29384445829,21297.229094818933,21714.288702425474,21426.196719999254,21404.1319703599,22552.126828327087,21132.82364826156,22206.1319703599,21491.510184130406,21879.07236275336,22148.883255868102,22311.34831003202,20938.60730858944,22438.413059671373,20582.137112392713,20523.48295134354,20905.731665835337,22185.380684851698,20312.980380327135,20567.067220720543,21141.619115277863,22303.538939540067,20487.690529572836,17673.41972432698,12099.975238294319,13926.661774163169,15048.077504786168,15083.898681966539,15156.811841573131,15165.033323278063,16384.092930884606,15421.346787409217,16513.779466753454,15934.033323278063,16950.5903598682,17320.995806425573,18571.35859409764,18310.833932327183,17505.05541403212,17701.33650334359,18696.1746292452,17591.493235409165,18816.331361310782,18141.396110950132,18606.23937888456,18915.612450622255,19282.515326163222,19217.985522359948,19673.482951343543,20246.41820170419,19868.293844458287,21255.472667277914,21288.099595540225,21134.537416917272,21458.629399343492,20604.699291015662,22672.44029245824,20938.54255895009,20597.574933769763,21769.66177416317,21177.818506228745,21635.223952786117,20405.326219277966,21366.883255868102,21010.72652380253,21227.81850622875,19005.326219277966,20927.62425731068,20210.402775605748,19268.33802596639,19377.198242622053,16541.88992052371,12304.218810753302,13723.721381769712,14247.736807868148,13854.622734687875,14590.530752261657,15067.374020196083,15261.968573638711,15383.314412589536,16204.309270556729,15735.59550190101,16291.18491331083,15983.24966295018,15966.779466753456,17136.055414032115,17802.86630714686,17544.99066439276,17994.017897179627,18083.20700406488,19382.31593521234,18209.455718556677,18517.266611671424,18830.920772720594,18761.86116511405,19904.385826884507,19393.764040655016,20094.666916195984,20360.007613114,20231.72652380253,20715.505042097593,19746.54255895009,20473.288702425474,20497.44543449105,20799.818506228745,21286.505042097593,20700.569791736947,21016.505042097597,21622.402775605748,21391.218810753307,20861.505042097597,20218.78613140907,19675.256327605795,20055.348310032015,19819.40791763856,20627.3005091139,18188.835454949978,17594.88992052371,13360.176151868,11207.872971802473,11941.201862032067,12282.147396458337,12764.125305704287,12500.254804982995,12781.85450045844,13501.622734687877,16258.672058228796,14437.844216392808,15631.423343737,16251.33650334359,16466.672058228796,15593.271753704235,16176.580075802573,16743.850881048424,15791.428485769811,16819.856023081236,16388.023039212436,17796.85088104842,16298.26661167142,18045.159203146766,16482.077504786168,18287.20852668768,17230.92077272059,19215.002471081185,18786.131970359897,17996.137112392713,17358.234236851742,18437.86782976966,18349.164345179575,19136.91048865497,18375.82364826156,18952.15920314676,18267.94800550746,18860.850881048424,17801.293844458283,18766.19157796644,18118.19157796644,17580.79127344188,18016.131970359897,17307.47780931073,18960.467525245105,16979.78613140907,16760.554365638513,17795.673580851595,14623.591882491,12830.624257310676,10891.036368523659,17123.044555802073,18798.114447474243,21595.758324457784,22417.022465048023,22802.238804720142,19468.944386097442,20344.145299671123,27862.974664129913,25528.02760708084,24625.99523226116,23513.421246949787,23734.692052195634,28337.001896916772,24755.00551632679,24235.32412249075,25257.816409441533,25711.908391867757,25937.75165980218,24759.259372851393,27014.027607080843,29528.039413769264,29678.97466412991,28399.04969783489,28715.298412326687,29752.73109167093,25913.286605638263,25378.005516326786,29300.358019933232,27980.746517769363,31938.218236588895,27459.7192849825,30377.293270293874,30152.70385888406,28609.80612537591,32780.872397638064,27766.843642228396,30391.7649891134,22122.550746228495,28007.46542845789,34826.705381506865,34538.991612851154,31887.282986228245,21067.09083409739,19408.658154753153,20908.767085900614,18075.864210359643,14850.366781376051,26552.865158818036
9,24607.774106813107,15407.33868661133,20163.415855712647,22456.024554815394,24000.71408640097,24472.471588952485,22148.69265053949,24084.22051715941,24915.731235090145,26770.0037427447,24560.718373573265,22786.284200953058,23380.87146419433,23494.288488125352,26756.833503434453,25925.820641917566,27868.191130744126,24368.884325711217,26221.58243164138,23869.29706246994,29923.880662329702,29077.701848674864,29063.85922646822,24409.29706246994,30196.47221274327,33160.7575819147,31573.480787087865,32194.412816121912,32248.15745715655,29471.701848674868,32317.331983639087,32358.838414397527,32073.73185888094,29603.544470881505,32134.6553135704,28959.19541791642,36376.48569805094,30564.727571708638,35961.04295108614,36718.966405775616,34284.77473060389,33942.783304948476,31889.429964811097,27409.79125550229,22051.880038538922,28291.816978536055,11134.036168750714,5122.218021996279,10144.916751717228,13280.704264474809,14884.887365301942,15975.40237040498,16767.074753301375,15400.65772937035,14924.891652474236,16127.155585784203,17562.5940455767,18055.764284886947,19070.69202674871,16388.244992611617,18478.347260955925,19498.615481438177,18104.7006010933,20417.37727116199,18114.9302370249,17960.5940455767,18451.764284886947,19650.530361783058,20665.12191219662,20133.445242127935,18926.091901990556,19370.01535668002,18415.92166268031,20908.121912196624,19128.768572059245,19190.696313921006,19173.01535668002,18709.17273447338,19380.17702164568,20437.713462610183,19146.5940455767,20086.27500281769,19175.679165231824,18856.41951909416,17761.572609715222,20505.202744679453,17838.908801163423,18042.164160128792,17835.581184059818,17935.751423370064,16969.500351576986,14946.568322542927,11095.01044571694,19476.475876124783,11570.147011439609,12971.147011439607,16246.993920818542,17278.415231921863,17086.64486785346,17903.07475330137,18981.415231921863,17959.819394336002,19212.415231921863,19990.50892592158,19242.24499261162,20657.764284886947,19443.334399439038,19977.091901990556,21231.77285923154,22181.538936127647,23991.313587368342,23226.317874540633,21439.440954955637,20144.67059088723,22333.20274467945,21404.266428473096,22637.875127575844,22672.36012247281,21351.764284886947,21451.35154812822,22004.445242127935,22466.934524197197,23444.458103644818,21875.27071564539,21984.01964385232,22124.69202674871,22970.445242127935,22384.023931024614,22172.023931024614,23381.87084040355,21991.85369171437,21575.513213093873,22671.62405578277,22354.52607461076,22434.777146403838,20646.50892592158,21118.355835300517,22213.053941230675,20980.645491644245,15690.94738571408,13102.615481438177,14097.215606196336,17787.81573095449,19993.287864334572,19845.9259498526,19068.57689688752,19123.74284902547,18691.05760461219,18993.474628543212,19920.491777232397,21477.42809343875,20727.83225585289,21314.508925921582,21437.342973783627,20518.99820799084,23417.61548143818,20333.581184059818,22272.189883162566,20956.92166268031,22154.347260955925,22369.76857205924,21502.091901990556,23522.449529300233,22566.096189162854,18121.121288405837,22540.351548128223,21689.006782335433,22628.602619921294,22500.262141300802,22620.845117369776,23192.77285923154,23358.93881136949,23834.526074610763,24364.61548143818,24701.538936127647,23881.35154812822,23810.44952930023,23695.768572059245,24140.445242127935,23212.51750026617,24586.947385714084,24851.202744679453,23457.185595990268,23347.777146403838,23186.947385714084,23561.37727116199,23301.65406598883,21251.69693771179,16197.186219781048,15457.662640333428,17299.05394123068,20099.364409645103,19618.836543025187,19666.491777232397,18474.219269577843,21074.66630371494,19859.993920818546,19890.312963577562,22796.096189162854,20556.236418267028,22143.087614818258,22531.006782335433,22354.42380626646,22567.34297378363,23158.51750026617,21405.07904047367,21637.41951909416,21915.257854128504,20023.564035370633,20823.989633646248,21062.240705439326,24118.02821819691,23470.2664284731,24931.947385714084,26655.488113850883,25163.368696817404,23947.51750026617,23700.598332749,23421.508925921582,24555.943098541786,25782.368696817404,24074.104763507443,25866.368696817404,24517.36012247281,24504.104763507443,24637.023931024614,24460.934524197197,25356.36440964511,24696.602619921294,24869.189883162566,24394.36012247281,23360.68345240412,23904.781433576132,25618.645491644245,25387.917999298792,22822.539559918427,19026.382182125068,17530.854315505152,18481.649778816536,20044.11333785203,19173.581184059818,19058.236418267028,20928.83225585289,20677.908801163423,21768.087614818258,20074.72570033629,21320.8236815083,21835.74284902547,21048.07046612908,21964.74713619777,20604.142724267316,21674.91308833572,23238.01535668002,21719.74284902547,21667.07904047367,21870.159872956498,22191.83225585289,22186.58547123211,21794.24499261162,21333.657729370352,22639.338686611336,24127.93881136949,23096.172734473384,22015.662016542647,24734.692026748715,24205.09618916285,24538.76857205924,25100.77285923154,24538.52178743847,24221.181308817977,24408.35154812822,24920.100476335145,26951.126199368915,23622.42380626646,25491.355835300514,25223.60690709359,25188.355835300514,24218.01535668002,22775.091901990556,25048.287864334576,24261.283577162278,24961.04965405838,24270.573233506006,22614.862889849737,21108.10172391671,18125.454440263304,18847.492401023177,20303.036792541498,19314.32582509445,19608.819394336002,20681.415231921863,20014.066178956782,20055.985346473957,20658.97677212936,20439.81510716371,21530.74284902547,20258.63200633658,21109.32153792215,22287.24499261162,22056.993920818546,20192.55974819834,22210.334399439038,21760.65772937035,23109.840830197485,21811.41951909416,21337.73427468088,20940.900226818834,21631.993920818546,22700.917375508012,21387.406657577274,23107.67487805953,23457.845117369776,23553.594045576705,21738.662016542643,25333.943098541786,22894.917375508016,22739.249279783915,24810.777146403838,23875.01535668002,25271.36012247281,24080.09190199056,24937.104763507443,25279.687739576417,23992.92166268031,26133.3686968174,25173.785720748427,24003.611194265886,25154.71774978248,25014.998831781624,22277.53955991843,21321.339934192896,18440.041703504576,19488.82859247138,19899.78143357613,18421.8236815083,20326.410944749572,20015.151298611905,20416.07475330137,20810.56832254293,19775.806532819115,20957.90451399113,21522.406657577274,20882.398083232685,20433.72570033629,21477.738561853177,20266.98105930166,20764.564035370633,22597.836543025187,20300.55974819834,20775.398083232685,20992.236418267028,22751.253566956213,21297.410944749572,20109.564035370633,20715.07046612908,21338.57689688752,23915.62834295506,22158.338686611336,22894.16844730109,21246.406657577274,22227.998207990844,21389.90451399113,21933.91308833572,23102.589758404407,22681.002495163135,24374.857978886663,23558.679165231828,24003.262141300802,24373.181308817977,24652.100476335145,25434.77285923154,24803.93881136949,25160.045366886086,24553.692026748715,24237.445242127935,24621.045366886086,24017.143348058096,23834.646115435025,21926.948633295644,18482.1225359874,20264.262765091582,20758.045366886086,19960.334399439038,19258.649155025756,17864.704264474814,19559.640580681167,20641.90022681883,20553.98105930166,20861.729987508585,21614.487490060103,20120.806532819115,22431.832255852893,19109.546886681455,21824.74284902547,21187.90451399113,21926.159872956498,21719.155585784203,21827.07904047367,21824.410944749572,20589.406657577274,20602.240705439326,21312.074753301375,20511.572609715222,22563.67487805953,21369.496064404695,21840.16844730109,22181.66630371494,25023.63691729965,21974.917375508016,22989.925949852608,23574.100476335145,22159.249279783915,23550.42380626646,22908.08761481826,23466.92166268031,24174.849404542074,24371.925949852608,25413.19417033486,24765.60690709359,24204.104763507443,23272.845117369776,23611.93881136949,24457.55179764453,25133.17335826416,23683.641828262727,21880.701848674864,17342.952296677155,18446.322161712935,20936.21131902404,20340.840830197478,19977.662016542647,19696.729987508585,19682.72570033629,19882.142724267313,21481.65772937035,21027.232131094734,21179.564035370633,22511.41951909416,19950.721413163996,20820.232131094734,20106.474628543216,21831.159872956498,20092.14701143961,22841.67059088724,20474.317250749857,20652.98963364625,20098.061891784488,19651.729987508585,21554.581184059814,21300.07904047367,22222.917375508012,21154.99820799084,20835.159872956498,22393.17702164568,21598.504638749288,22398.253566956213,21852.83225585289,20122.151298611905,21669.581184059818,24587.194170334864,21542.496064404695,21705.491777232397,22495.249279783915,24727.279289989983,24418.76857205924,24272.51750026617,23677.17273447338,23276.674878059534,23151.594045576705,24201.19417033486,24784.13048654121,25094.092525781332,23428.38218212507,22020.455064054084,18886.790631711505,18862.994544609326,20248.790007920717,19669.00249516314,19700.985346473954,19151.3852217158,20114.147011439607,20985.738561853177,21549.74284902547,20418.061891784488,21819.827968680598,21010.232131094734,20812.398083232685,21307.24499261162,20768.895939646536,21144.236418267028,21226.398083232685,21088.32153792215,20032.474628543212,21578.330112266744,20910.734274680883,22263.58547123211,20171.98105930166,25146.04965405838,22176.50035157699,21244.410944749572,20834.410944749572,20792.998207990844,21459.585471232112,20903.827968680598,22092.249279783915,21139.917375508016,20528.07046612908,21452.155585784203,22612.16844730109,22610.504638749284,23335.925949852608,23464.262141300802,23157.172734473384,24094.849404542074,23108.840830197485,22369.504638749284,24162.530361783058,24968.053941230675,26136.275626608465,23560.139684676582,22339.61244184745,17195.688363367197,18779.241329230106,20410.87084040355,19475.334399439038,19507.07046612908,20899.496064404695,19417.555461026044,21163.155585784203,21182.406657577274,19602.3852217158,22117.993920818546,21352.487490060103,20325.47462854322,20679.232131094734,22487.330112266744,21696.572609715226,22499.330112266744,22427.07904047367,20902.73427468088,21844.496064404695,20198.98105930166,21607.496064404695,21035.572609715226,20209.483202887808,23009.934524197197,20097.649155025756,21357.415231921863,20953.66630371494,20892.500351576986,20946.74284902547,21913.585471232112,21095.65772937035,21185.32582509445,22567.16844730109,22963.172734473384,22346.249279783915,24086.100476335145,24080.849404542074,23333.17273447338,22652.16844730109,23195.338686611336,23085.257854128507,23210.35154812822,24393.794295093016,24325.66264033342,23258.050277849165,22408.62101619204,18137.292775297647,18868.07537709216,20309.202744679453,19864.917375508012,19625.985346473954,19341.38950888809,19651.142724267313,20894.236418267028,22282.334399439038,19651.802245646824,21333.07046612908,21770.572609715226,21857.90451399113,21205.564035370633,22596.993920818546,22499.91308833572,22112.24499261162,19633.29581488838,21217.73427468088,22431.083327645967,22079.827968680598,21925.159872956498,21179.827968680598,21761.164160128792,21565.581184059818,21929.164160128792,20924.159872956498,20893.662016542647,20594.747136197766,21735.504638749284,21389.585471232112,21315.164160128792,21044.993920818546,20186.810819991413,21439.662016542647,23306.428093438753,22539.92166268031,22138.32582509445,24187.598332749,23308.257854128507,23940.76428488695,22512.334399439038,22064.41951909416,23971.700601093304,23622.283577162278,23585.985970264734,24164.982306883223,23040.86780081282,18253.539559918427,18988.241329230106,20832.794295093016,19917.338686611332,19597.900226818834,20879.410944749572,20372.14701143961,21145.32582509445,21915.832255852893,21630.40237040498,21770.07046612908,23040.185595990268,22873.087614818258,23594.594045576705,22187.410944749572,21617.32153792215,22175.74284902547,22891.83225585289,23598.006782335433,21636.487490060103,21856.32582509445,23272.17273447338,22863.92166268031,21718.908801163423,21078.151298611905,21675.998207990844,21249.32582509445,20502.8236815083,23323.3686968174,21834.42380626646,21696.90022681883,21974.002495163135,22288.504638749284,23208.755710542362,23488.589758404407,23210.087614818258,23744.674878059534,23532.338686611336,23619.925949852608,22877.16844730109,23460.347260955925,22780.262141300802,24836.134773713507,24292.5775206783,22932.297062469945,21422.331359848307,17355.347884746705,18710.241329230106,17752.985346473954,20702.764284886947,20706.087614818258,19596.98105930166,20226.819394336002,20813.989633646248,21751.164160128792,21108.90451399113,21740.8236815083,21329.483202887808,22034.65772937035,20909.644867853465,21396.81510716371,22935.670590887235,21903.240705439326,22668.415231921867,22786.415231921867,21886.738561853177,23081.257854128504,22201.410944749572,23063.334399439038,21402.155585784203,23224.606907093592,22571.998207990844,22381.24499261162,22363.16844730109,21549.24499261162,23174.598332749,22731.185595990268,21370.66630371494,21869.751423370064,19990.555461026044,22003.330112266744,23723.594045576705,22289.24499261162,21724.406657577274,22639.07904047367,23220.17273447338,23302.096189162854,22870.840830197485,22815.862266058957,23677.700601093304,24614.5775206783,22661.284200953058,22525.43362819261,17773.356459091297,18821.820018126782,21118.968821575552,19592.087614818258,20543.50035157699,20312.317250749857,19489.22355675014,19586.88307812965,20127.90022681883,20873.14701143961,20561.061891784488,21154.40237040498,20144.138437095018,21862.236418267028,21541.73427468088,22171.491777232397,21952.98963364625,22477.159872956498,22664.74713619777,22848.500351576993,22386.91308833572,23131.08761481826,22724.585471232112,23392.257854128507,22668.249279783915,22633.496064404695,22136.330112266744,22425.917375508012,22943.75571054236,22815.011069507727,23982.36012247281,22022.751423370064,23527.9302370249,20434.061891784488,22084.24499261162,23548.759997714653,22248.24499261162,22308.65772937035,21935.819394336002,23098.751423370064,21745.895939646536,22316.164160128792,22782.42809343875,22611.35154812822,22950.69631392101,24644.82430529908,23593.633253918142,21949.16969488265,17976.190506953346,18217.645491644245,21435.72203695478,21686.781433576132,20734.2621413008,20346.330112266744,20542.070466129077,20440.564035370633,21192.56832254293,19690.219269577843,20555.393796060387,20539.22784392244,21821.240705439326,22026.572609715226,22479.993920818546,22625.002495163135,19584.12128840584,23973.34297378363,23466.84083019748,22854.917375508012,23203.16844730109,22174.989633646248,23136.253566956213,23859.34297378363,22765.827968680598,23063.670590887235,23017.08761481826,23519.342973783627,23851.01535668002,22728.67487805953,22863.08761481826,22982.428093438753,23022.253566956213,23037.679165231828,23575.67487805953,22800.41951909416,22605.738561853177,23693.58975840441,24021.262141300802,22742.00249516314,22403.993920818546,22279.99820799084,23252.845117369776,21651.92166268031,24099.794295093016,24738.07966426445,23111.965158194045,20380.471588952485,17387.513836884656,17936.151922402685,20778.63263012736,20239.9302370249,21291.342973783627,19768.393796060387,22403.589758404407,20619.98105930166,21302.653442198054,21327.317250749857,21327.649155025756,20536.72570033629,22125.159872956498,20904.14701143961,21877.90451399113,21897.653442198054,23522.41951909416,22400.496064404695,23528.67059088724,23656.338686611336,22652.07904047367,23993.76428488695,22591.07904047367,22888.410944749572,23789.257854128507,24359.432380611048,22575.904513991125,23943.759997714653,24134.104763507443,23829.598332749,23666.849404542074,22908.253566956213,22373.66630371494,22933.002495163135,24245.513213093876,23438.253566956213,22579.662016542643,22419.074753301375,22973.24499261162,23110.66630371494,22259.917375508012,23114.262141300802,22851.432380611048,22655.27071564539,23925.905137781905,22917.965158194038,20715.233378676297,16884.08823860904,18451.15192240268,21038.390132678873,20377.266428473096,19519.406657577274,20946.840830197478,19149.05760461219,21043.32153792215,20587.895939646536,20588.55974819834,20947.90022681883,21247.47891571551,21778.32153792215,21645.64915502576,22556.496064404695,21613.738561853177,18310.6105704751,21931.155585784203,22954.58547123211,22926.91308833572,22599.24499261162,23141.330112266747,21981.73427468088,22760.827968680598,22709.751423370064,23128.083327645967,24154.594045576705,24490.9302370249,23884.508925921582,24092.849404542074,22754.17273447338,24729.857978886663,23844.594045576705,23119.00249516314,22496.24499261162,23504.67059088724,20875.976772129365,23722.006782335433,22888.330112266744,22627.07904047367,23201.585471232112,22346.16844730109,23314.266428473096,24141.296438679165,22835.309300196044,22229.777770194618,20731.960871021747,17501.015980470802,18039.81573095449,20866.134773713507,19857.9259498526,20268.24499261162,19021.147011439607,19735.393796060387,21083.32582509445,20162.308676405264,21912.751423370064,21172.73427468088,19630.3809345435,21315.73427468088,22962.087614818258,21455.908801163423,21362.061891784488,21522.900226818834,21927.56832254293,21687.819394336002,23283.41951909416,22825.249279783915,22891.662016542643,22318.908801163423,23091.581184059818,23854.34297378363,23378.500351576993,23712.836543025187,24940.521787438465,23873.925949852608,24597.104763507443,24074.683452404122,24237.51750026617,22886.755710542362,23193.41951909416,24042.67487805953,23865.172734473384,22324.50035157699,22666.827968680598,23239.249279783915,23337.41951909416,22416.8236815083,23294.091901990556,24022.023931024618,23537.785720748427,24843.82859247137,21767.78205736691,20822.995168400106,16308.909424954205,18271.807156609902,19730.02821819691,18735.904513991125,17908.22355675014,19754.23213109473,20997.07904047367,20110.236418267028,19737.214982405552,20616.061891784484,20926.491777232397,20027.88307812965,21687.572609715226,20192.053317439895,21784.240705439326,20907.810819991413,22078.32153792215,20587.304389232966,21895.989633646248,21967.56832254293,21902.56832254293,24768.602619921294,24096.172734473384,22486.07904047367,22879.662016542643,22774.827968680598,24122.091901990556,23494.41951909416,20350.62771916428,24396.096189162854,23896.17702164568,23926.091901990556,24317.01964385232,23622.42380626646,24299.428093438753,23171.581184059818,23737.00249516314,22850.496064404695,23484.16844730109,23042.662016542643,21793.56832254293,23218.334399439038,22182.74713619777,22703.262141300802,23537.368696817404,22942.641204471947,20635.59038219519,18844.46730178019,16560.998831781624,19402.500975367773,20274.198457507155,19609.342973783627,18258.721413163992,19805.398083232685,19453.474628543212,19481.721413163992,20491.312963577562,19134.79367130223,19591.214982405552,19639.12986275043,20334.304389232973,20408.97677212936,20719.810819991413,21729.240705439326,21953.406657577274,21409.564035370633,21723.56832254293,22401.159872956498,21602.232131094734,22110.653442198054,22054.32153792215,20998.551173853746,22284.653442198054,23271.83225585289,24119.508925921582,23019.496064404695,22608.244992611617,23104.74713619777,23936.17273447338,23680.16844730109,24153.25785412851,24530.849404542074,23684.08761481826,24094.845117369776,24012.674878059534,24412.51321309388,22615.159872956498,21792.56832254293,22533.240705439326,22468.827968680598,23672.34297378363,22005.917375508012,22493.526074610763,22935.89227626502,22172.194794125637,19227.86288984974,16221.734898471663,18269.488113850886,18930.764284886947,18532.819394336002,19233.07046612908,19736.8236815083,18267.12557557813,19927.640580681167,18726.623431991986,19521.12986275043,19550.300102060675,19597.053317439895,20175.802245646824,20538.891652474238,19933.466054198623,21047.729987508585,20389.138437095018,21197.895939646536,20956.895939646536,21364.066178956782,21390.22784392244,19773.125575578135,22792.8236815083,22194.57260971523,23168.500351576993,23861.17273447338,23011.662016542643,19773.45319268174,23779.92166268031,23896.585471232112,23634.836543025187,23250.083327645967,22917.330112266744,23449.00249516314,23785.759997714653,23609.67487805953,23254.491777232397,22368.491777232397,21929.151298611905,22375.406657577274,22504.24499261162,22647.083327645963,21728.415231921867,23407.28357716228,23091.151922402685,21956.02455481539,17212.23704205781,16487.411568540352,17444.556084816828,17797.751423370064,16900.7128388194,17871.219269577843,17682.29152771608,17351.117001233542,18413.29152771608,18520.623431991986,19134.62771916428,19155.878790957355,19501.214982405552,19583.461767026332,20268.729987508585,19877.214982405552,20432.3852217158,20490.47462854322,21589.40237040498,21054.97677212936,19896.466054198623,21928.738561853177,21762.32153792215,22414.98963364625,21952.8236815083,21790.55974819834,22530.57689688752,22014.738561853177,22157.487490060106,23722.92166268031,24308.508925921582,24500.594045576705,22563.572609715226,23540.006782335433,23133.581184059818,23092.50035157699,24613.355835300517,22590.330112266744,20059.040455923012,23455.249279783915,22148.738561853177,22537.908801163423,22981.585471232112,22260.253566956213,23229.100476335145,23034.36440964511,22086.38584550658,21398.34788474671,17852.083951436747,15165.977395920147,16231.951672886375,19961.453816472524,16533.627719164277,17400.129862750426,16793.695690130222,17801.53402516457,17254.691402957927,17429.695690130222,19376.466054198623,18471.963910612474,20414.061891784488,20000.891652474238,19701.214982405552,22003.257854128504,19344.37664737121,20187.802245646824,20222.721413163992,19475.049030267597,19790.3852217158,20953.38950888809,21111.564035370633,21191.312963577562,20579.80653281912,22344.827968680598,21880.72998750859,22420.155585784203,22377.32582509445,22810.74284902547,23002.410944749572,22588.24499261162,23250.164160128792,22747.410944749572,22709.074753301375,22302.572609715226,22728.993920818546,23373.334399439038,22744.74284902547,22714.572609715226,21504.895939646536,23545.832255852893,21684.317250749857,21890.24499261162,21957.917375508016,21376.845117369776,22222.628342955064,20732.003118953915,18002.926573643388,15513.730611299368,16025.355835300512,17801.00249516314,16050.627719164277,16085.28724054379,16164.691402957926,17117.03188157842,17753.20640806096,18667.95962344018,18388.044743095306,18597.295814888377,18503.704264474814,19158.210695233254,19044.12557557813,18949.708551647105,18128.865929440468,20368.802245646824,20914.398083232685,20093.721413163996,21830.747136197766,20728.142724267313,21168.312963577562,21328.989633646248,21449.14701143961,21475.14701143961,21109.97677212936,22330.989633646248,22776.585471232112,23012.998207990844,21926.317250749857,22075.900226818834,23930.674878059534,22930.249279783915,23171.164160128792,22772.742849025475,23025.57689688752,23317.164160128792,22207.487490060103,22403.65772937035,20714.466054198627,22128.487490060103,22142.57689688752,21060.236418267028,21853.087614818258,20175.330112266744,22727.811443782193,21704.450153091006,18535.845741160556,15096.058228402973,16251.870840403551,17206.33868661133,15867.874503785059,15808.193546544071,16535.780809785345,15959.014732889234,16732.444618337147,17227.52973799227,18956.712838819403,19240.30010206067,18116.202120888665,17830.112714061244,19139.717125991698,19705.3852217158,19704.797958474526,19165.62771916428,19495.80224564682,19821.63629350887,18885.79367130223,20353.05760461219,20762.976772129365,19438.623431991986,22088.908801163423,20737.555461026044,22598.415231921867,21858.738561853177,23105.83225585289,23227.172734473384,22360.993920818546,23157.662016542647,23493.330112266747,23052.07904047367,23455.998207990844,22670.738561853177,21432.98105930166,23003.662016542643,22167.236418267028,21935.398083232685,23619.185595990268,22220.653442198054,21785.65772937035,22050.832255852893,21648.66630371494,22272.440954955637,22916.398707023465,21592.850028332847,18864.586095022893,14833.560371989122,14685.168447301086,16633.908801163423,15332.03616875071,15743.278666199198,17309.044743095303,16889.28724054379,16884.77652261305,17250.865929440468,19862.317250749857,17725.793671302228,19071.632006336575,18340.623431991986,17691.865929440468,17965.870216612762,18662.878790957355,19640.887365301944,19872.22355675014,19503.80224564682,20183.22355675014,19568.555461026044,20886.317250749857,20274.061891784484,21249.402370404983,21977.74284902547,22539.249279783915,22352.827968680594,22249.500351576986,23394.594045576705,22059.989633646248,22809.83225585289,22269.074753301375,22702.32582509445,22980.662016542647,23104.087614818258,21886.985346473957,23288.249279783915,21494.487490060103,21384.649155025756,21647.40237040498,22850.168447301086,21056.155585784203,21523.253566956213,22076.611194265886,23400.994544609326,21497.186219781048,18896.594669367485,12824.772859231542,14721.096189162849,15624.815107163708,15583.461767026327,15453.112714061246,15397.023307233827,16663.52973799227,15917.52116364768,17144.03188157842,16452.023307233827,17509.202120888665,17855.28724054379,19177.98105930166,18899.88307812965,18178.210695233254,18304.044743095303,19279.891652474238,18231.793671302228,19530.972484957067,18987.802245646824,19226.219269577847,19646.640580681167,19833.564035370633,20072.895939646536,20476.985346473954,21119.155585784203,20894.155585784203,22149.42380626646,22109.917375508012,22049.917375508016,22264.836543025187,21433.155585784203,23710.508925921582,21760.65772937035,21420.487490060103,22649.168447301086,22016.58547123211,22405.253566956213,21276.40237040498,22118.496064404695,21854.74713619777,22128.33439943904,20045.317250749857,21806.432380611048,21161.023931024614,20234.032505369203,20521.99883178162,17817.82859247138,13084.543223299941,14344.18988316256,14657.725700336287,14119.28295337149,14860.695690130222,15414.946761923295,15606.861642268172,15744.440331164853,16680.78509695764,16000.857355095879,16810.699977302516,16404.695690130222,16385.448905509445,17644.210695233254,18303.963910612474,18086.717125991698,18628.891652474238,18707.55546102604,20172.177021645675,18983.474628543216,19134.061891784484,19622.317250749857,19523.810819991413,20734.742849025475,20122.56832254293,20679.908801163423,21161.415231921863,20915.164160128792,21510.504638749284,20479.491777232397,21327.415231921863,21136.747136197766,21399.334399439038,21990.253566956213,21445.581184059818,21599.67059088723,22631.93881136949,22211.598332748996,21631.253566956206,21153.41951909416,20475.500351576986,20850.25356695621,20633.096189162847,21535.87512757584,19237.543223299937,18637.739185643957,14690.820018126786,11875.364409645104,12551.487490060099,12914.049030267597,13209.610570475097,12846.93390040641,13184.504014958497,13803.28295337149,16560.47891571551,14885.193546544075,16172.142724267314,16701.210695233254,17025.47891571551,16258.466054198623,16837.891652474238,17542.83225585289,16365.0490302676,17511.32153792215,16879.3809345435,18431.66630371494,17009.810819991413,18877.759997714653,17305.232131094734,19277.28786433457,17905.985346473954,19868.9259498526,19560.083327645963,18793.074753301375,18192.232131094734,19447.279289989983,19171.99820799084,19907.589758404407,19068.989633646248,19903.50892592158,19286.491777232397,19620.66630371494,18818.738561853177,19642.921662680306,19072.338686611332,18528.74284902547,18792.083327645963,18282.662016542643,19870.266428473096,18088.67059088723,17674.86655323125,18927.96453440326,15890.947385714077,13919.44952930023,11982.568946333717,17819.4464897095,19312.676125641097,22331.62101619204,23045.50588633085,23324.761245296217,19757.734898471666,20608.024554815394,28192.459351226382,26043.16112053806,25325.080288055233,24057.786344539207,24354.892900055802,29076.884949501997,25350.390756469656,24797.54384709072,25894.5609957799,26489.148259021174,26715.233378676297,25539.38218212506,27608.161120538058,30430.62101619204,30515.459351226382,29061.34850853749,29437.26767605466,30513.778393985394,26704.807780400683,26284.39075646966,29952.774106813096,28596.74409660704,32877.140308467366,28473.31849833142,31110.612441847443,30881.35279570978,29302.25052736548,33748.56161957069,28541.98659405552,31493.00865370778,22920.109674470517,28853.32707267601,35526.50222294933,35088.57448108758,32598.301973433023,22069.17335826416,20325.662640333427,21956.365033435886,19081.607530884372,15781.352171919003,27773.052149221512
10,25459.683908206225,15908.251768902186,21014.32179219635,23426.571660964342,25384.740556755216,25760.98347568659,23638.332216951272,25542.66305869639,26323.867228598356,28239.59598539249,26062.022224715998,24155.455413876112,24832.29694284017,25053.7370818369,28186.194595425164,27533.349591542807,29530.12404720296,25855.141946722535,27771.434039438238,25162.300417758473,31465.292942993827,30694.328217104932,30626.884603189887,26025.300417758473,31700.41613991867,34840.98990059517,33225.97947584024,33805.905452699735,34177.303367748755,31298.328217104932,34048.98642567686,34096.908927618046,33743.299892830444,31317.771831019974,33846.66253376836,30507.405715163746,38328.69380803312,32222.018224869655,37600.56366127166,38460.92630220958,36101.11657243832,35387.67990835989,33518.03212454288,28799.81058004938,23025.860278761742,29617.500587814106,11680.551336382541,5436.932401768062,11071.097297712582,14311.192170362934,16114.558286219153,17191.044124081913,17941.086348029625,16644.646209032893,16230.720232173408,17445.0053750525,18973.293992849904,19494.255243820495,20460.77983071266,17697.04759900022,19852.695382817226,21022.70233265384,19777.78330563097,21835.5473365362,19656.815104823763,19443.853853853172,19844.135521813958,21174.061498673447,22221.064973591754,21596.420664693054,20267.093297866246,20822.776355794354,19807.572185892386,22416.064973591754,20495.85732877148,20676.06149867345,20818.45593880416,20039.45246388585,20777.41371485644,22021.188170516594,20507.17427084337,21553.01927472573,20505.6144098401,20127.170795925063,19190.765931039434,21991.103722621167,19213.966626023095,19390.568710974076,19026.889127964278,19166.730656928332,18213.209544954472,15965.044124081911,11759.861328617819,20456.265143647375,12358.442039130925,13956.561761137462,17364.047599000216,18562.889127964278,18569.241344147267,19248.6462090329,20371.32926696101,19312.484263078648,20726.889127964278,21335.65315886951,20618.047599000223,22050.255243820495,21067.85037893487,21281.21301987278,22743.818579742074,23822.505112588486,25813.754981356473,24983.276093330333,22945.698857735537,21582.371490908725,23829.74455660156,22950.216494791086,24011.14594656888,24052.10024770286,22861.13552181396,23021.09677278455,23614.741081683256,23921.216494791086,25027.26566857542,23532.177745761677,23478.177745761677,23607.33969171593,24406.420664693058,24014.698857735537,23855.019274725735,24940.74455660156,23372.177745761677,23135.815104823763,24276.906502555812,23772.779830712665,23969.54038669959,22102.093297866246,22463.698857735537,23852.67053346104,22475.754981356473,16970.78330563096,14271.702332653836,15579.990950451238,19231.67400837935,21520.42413961136,21146.533436862977,20487.287043013293,20484.84690401656,20136.399815183213,20454.399815183213,21390.526487026364,23075.73413184664,22425.889127964278,23050.653158869514,22903.533436862977,22087.448988967546,25243.58261064731,22013.32926696101,24040.698857735537,22610.811629905456,23680.815104823763,23872.536911781288,23172.653158869514,25079.022749644042,24181.01579980743,19344.752031366206,24135.65663378782,23229.332741879316,24181.536911781284,23947.054548836837,24134.49468783357,24919.698857735537,24972.818579742074,25506.33969171593,26094.14247165058,26249.624834595023,25663.536911781288,25510.58261064731,25013.096772784556,25721.420664693058,24746.21649479109,26058.501637670182,26435.10372262117,25118.977050778016,24767.10024770286,24612.941776666914,25467.786780549275,24968.117622294387,22859.096247856505,17664.17027099702,17086.88165319962,18890.913452392415,21511.501637670182,21078.610934921795,20968.526487026364,19850.79773023223,22459.209544954472,21276.72718201002,21246.56176113747,24405.49468783357,21978.92440207538,23802.931351911993,24026.45246388585,23983.45246388585,24036.213019872783,24825.21649479109,22968.927876993686,23469.610934921795,23797.653158869514,21531.20259511786,22525.88565304597,22618.6462090329,25771.420664693054,25110.776355794358,26561.62135967672,28388.997900287854,26804.2234446277,25598.776355794354,25184.2552438205,25312.213019872783,26216.219969709397,27529.2234446277,25669.378440745342,27489.663583624435,26253.54038669959,26215.49816275188,26206.13899673227,26004.096772784556,26982.82205466038,26325.41718977475,26513.698857735537,25874.540386699595,24842.336216797623,25721.381915663645,27367.353591389154,27170.283043166946,24601.057498827096,20949.265143647375,19260.895552872847,20017.233869382617,21454.621359676716,20416.00884997081,20349.92440207538,22385.32926696101,22053.966626023095,23288.491212915258,21502.720232173415,22901.765931039437,23172.846904016562,22522.804680068846,23501.56871097408,22217.600510166878,23509.80815498715,24987.575660810697,23388.287043013293,23470.80815498715,23594.72718201003,23780.76940595774,24083.170795925063,23435.80815498715,23154.6462090329,24387.931351911997,25931.938301748607,24845.01232488912,23672.24829398388,26432.899552719202,25975.9348268303,26042.97705077802,26723.818579742074,26152.93830174861,25906.695382817234,26067.536911781288,26601.21649479109,28736.466363559077,25469.452463885857,27076.818579742074,26857.13899673227,26846.378440745342,25804.575660810697,24311.213019872783,26664.74455660156,26182.903027637505,26800.38886550026,25844.878178281317,24367.215969863046,23078.120572284657,20003.94125173887,20421.959151258437,21663.543861617898,20545.406765019827,20946.484263078648,22166.889127964278,21447.523012108057,21532.60398508518,22018.04064916361,21862.20259511786,23105.84690401656,21614.956201268178,22752.12509705904,23887.487737996955,23786.487737996955,21796.04064916361,23980.529961944674,23644.6462090329,24897.33274187932,23646.170795925063,22985.723707091718,22635.283568094987,23432.72718201003,24485.410239938137,23281.005375052504,24727.653158869514,25237.174270843374,25479.29399284991,23561.487737996955,27127.660108706128,24544.970100941406,24323.769405957744,26513.10024770286,25556.575660810697,26903.660108706128,25750.213019872783,26746.058023755148,26794.177745761677,25653.81162990546,27771.2234446277,26869.103722621167,25451.980525696326,26894.149421487182,26766.761931193087,24188.976525849976,23304.437514356545,20081.339166787882,21150.599985238834,21222.941776666914,19777.765931039434,21571.607460003488,21406.723707091718,21932.086348029632,22126.16384608845,21316.639259196287,22384.68495806231,23001.325792042706,22366.762456121127,21729.720232173415,23047.565236055772,21760.322317124395,22374.322317124395,24340.6109349218,21924.600510166878,22553.20259511786,22710.92440207538,24457.931351911997,23112.607460003488,22096.882178127664,22601.12509705904,23046.167321006757,25951.90650255581,23972.691907898923,24763.730656928332,22956.765931039437,23940.32926696101,23077.68495806231,23825.248293983885,24705.012324889125,24252.730656928332,26182.899552719202,25313.054548836837,25681.054548836837,26082.135521813965,26299.65663378782,27225.818579742074,26388.93830174861,26994.5473365362,26280.45941372247,25838.30094268652,26258.547336536205,25701.59303540222,25715.986950604893,24038.726132153948,20117.339166787886,21859.846379088518,22200.427614529668,21405.970100941402,20588.082873111325,19087.311892369475,20796.51953718975,21952.403290101523,21992.322317124395,22192.0019001342,23055.244819065578,21557.639259196287,23923.32926696101,20662.755506284513,23489.84690401656,22786.244819065578,23614.287043013293,23534.005375052508,23559.80815498715,23776.047599000223,22506.765931039437,22369.086348029632,22958.086348029632,22388.885653045967,24375.213019872783,23105.368015990418,23602.85037893487,24141.76940595774,26807.55081145451,23725.089822947943,24757.653158869514,25430.776355794358,23893.76940595774,24988.33274187932,24649.37149090873,25245.81162990546,25821.89607780089,25944.09329786625,27194.980525696326,26499.258718738805,25841.058023755144,24901.174270843374,25190.378440745342,26435.02969948065,26987.36401614407,25621.94472665718,23845.046549144143,19142.934301902256,20032.79720530419,22279.427614529664,21682.89260288258,21335.927876993686,20917.001900134197,21001.72023217341,21393.160371170146,23024.6462090329,22490.642734114594,22495.882178127664,24059.170795925063,21559.31884220609,22461.642734114594,21694.839954179948,23601.60746000349,21861.442039130932,24479.491212915265,22042.843429098255,22402.44551404924,21893.80120515054,21366.0019001342,23532.889127964278,23225.368015990418,23966.970100941402,22955.76940595774,22678.727182010025,24223.41371485644,23439.371490908725,24086.49121291526,23454.76940595774,21734.60398508518,23614.448988967546,26378.660108706128,23499.128571977348,23401.526487026364,24169.649683951207,26594.181220679988,26240.41718977475,26088.21649479109,25362.13204689566,24829.77288087605,24949.174270843374,25755.54038669959,26424.508587506793,26826.205545108125,25264.90250270946,23954.52891208859,20582.184170670247,20531.399290255173,21687.94525158522,21049.2905179316,21027.60398508518,20346.917452238766,21488.442039130932,22374.565236055772,22888.84690401656,21693.24134414727,23211.047599000223,22414.642734114594,22258.762456121127,22866.487737996955,22365.121622140738,22652.92440207538,22925.762456121127,22924.12509705904,21828.399815183213,23368.688432980616,22639.60398508518,24122.2905179316,21963.20259511786,27215.06844851006,23917.649683951207,23056.727182010025,22654.60746000349,22735.12857197735,23265.85037893487,22769.047599000223,23818.649683951207,22766.52996194467,22188.244819065578,23072.005375052508,24501.85037893487,24340.931351911993,24953.09329786625,25241.614409840106,24823.57218589239,25771.45593880416,24830.892602882588,24081.37149090873,25894.181220679988,26557.67053346104,27585.131521967614,25457.624309666982,24342.969051085325,18976.61040999375,20473.71970724537,22006.864278608096,20871.970100941402,20968.804680068846,22314.80815498715,20739.31884220609,22385.005375052508,22724.325792042706,21104.917452238766,23620.16732100676,22952.244819065578,21916.399815183213,22327.642734114594,24089.688432980616,23398.44551404924,24032.688432980616,24211.368015990418,22621.283568094987,23548.80815498715,21925.322317124395,23425.80815498715,22710.44551404924,22220.843429098255,24932.656633787825,22040.082873111325,23371.32926696101,22670.889127964278,22741.970100941402,22947.287043013293,23758.730656928332,22981.6462090329,23190.406765019827,24320.85037893487,24568.132046895655,24042.209544954476,25927.21649479109,26009.45593880416,25106.13204689566,24351.85037893487,24881.25176890219,24767.33274187932,25030.096772784556,26056.78678054927,26088.920402229032,25222.022224715995,24603.088773091855,19950.42013976501,20416.438039284585,21829.66358362443,21261.52996194467,20874.60398508518,20663.199120199555,20942.160371170143,22429.92440207538,23708.970100941402,21016.3575912355,22774.804680068846,23396.44551404924,23459.68495806231,22814.882178127664,24243.16732100676,24193.128571977348,23725.368015990418,21065.43508929432,22811.283568094987,24184.649683951207,23957.487737996955,23779.72718201003,22973.047599000223,23414.008849970814,23370.00884997081,23829.008849970814,22819.167321006757,22840.927876993686,22582.56871097408,23564.37149090873,23387.170795925063,23169.56871097408,22894.167321006757,21807.361066153808,23250.487737996955,25111.73413184664,24350.81162990546,23841.846904016562,25893.135521813965,25133.33274187932,25455.2552438205,24339.970100941406,23737.170795925063,25641.462888640774,25248.903027637505,25433.596510320527,26294.86722859836,25185.926827137606,20032.860278761742,20414.078873264974,22471.5473365362,21312.251768902188,20934.403290101523,22171.607460003488,21848.442039130932,22619.406765019827,23502.32926696101,23058.044124081913,23138.804680068846,24497.97705077802,24450.931351911997,25288.85385385318,23774.60746000349,23162.12509705904,23918.846904016562,24453.32926696101,25279.33274187932,23381.244819065578,23517.966626023095,25014.691907898927,24679.01232488912,23479.526487026364,22785.044124081913,23515.568710974083,22983.84690401656,22244.88565304597,25410.103722621167,23682.892602882588,23502.403290101523,23833.491212915265,24168.25176890219,24957.691907898923,25365.012324889125,24888.931351911997,25322.77288087605,25059.81162990546,25387.09329786625,24407.410239938137,25042.37496582703,24230.614409840106,26538.469838477384,26258.27956824864,24879.42013976501,23153.152371477452,19104.49068798722,20458.638734268243,18830.60398508518,22115.255243820495,21996.93135191199,20940.322317124395,21674.484263078648,22311.885653045967,23204.56871097408,22635.68495806231,23117.765931039437,22722.963151104792,23571.6462090329,22319.24134414727,22920.20259511786,24560.491212915265,23363.20607003617,24305.448988967546,24240.32926696101,23506.44551404924,24763.892602882588,23788.60746000349,24742.970100941406,23150.88565304597,25155.13899673227,24258.32926696101,24002.80815498715,24160.2905179316,23379.487737996955,24851.01579980743,24525.857328771483,23078.209544954472,23737.410239938137,21627.318842206092,23836.248293983885,25465.85385385318,23883.487737996955,23447.765931039437,24362.368015990418,24853.132046895655,24983.49468783357,24618.892602882588,24555.181220679988,25345.022749644042,26606.71970724537,24629.05402390879,24687.007800114734,19503.494162905525,20340.67748329765,22654.23039446431,20956.93135191199,22046.08982294794,21481.843429098255,20843.07939819302,20941.276618258373,21506.403290101523,22419.442039130932,21976.24134414727,22646.044124081913,21489.878703209357,23188.92440207538,22854.283568094987,23671.526487026364,23418.765931039437,23925.287043013293,24420.12857197735,24549.08982294794,24020.688432980616,24829.37149090873,24423.85037893487,24980.213019872783,24319.209544954472,24215.68843298062,23951.688432980616,24130.52996194467,24609.572185892386,24601.054548836837,26164.660108706128,23872.85037893487,25195.815104823767,22008.56176113747,23701.927876993686,25380.97357585971,23849.487737996955,23885.6462090329,23340.484263078648,24834.410239938137,23285.121622140738,23955.56871097408,24422.73413184664,24387.096772784556,24506.741081683256,26110.959151258445,25588.701807725796,24230.35654137942,19635.13499688592,19917.11414737608,22903.751506438166,23079.82205466038,21985.614409840102,21590.688432980613,21731.804680068846,21702.882178127664,22512.16384608845,21002.79773023223,21855.48078816034,21954.801205150536,23431.20607003617,23504.44551404924,23779.16732100676,24113.730656928332,20872.752031366206,25446.97357585971,24937.33274187932,24371.529961944674,24586.85037893487,23604.88565304597,24688.05107391853,25431.53343686298,24242.047599000223,24659.491212915265,24987.931351911997,25472.413714856444,25472.575660810697,24619.653158869514,24646.37149090873,24951.73413184664,24703.491212915265,24884.054548836837,25085.77288087605,24451.6109349218,24248.005375052508,25378.572185892393,25840.614409840106,24568.730656928332,23931.16732100676,23911.889127964278,24890.054548836837,23438.691907898923,25897.66705854274,26609.078873264978,24940.899027791158,22669.9904255232,19035.772355948007,19555.27609333033,22310.388865500256,21682.9348268303,22664.533436862977,21095.48078816034,23777.57218589239,22032.322317124395,22741.364541072115,22610.843429098255,22636.082873111325,22038.72023217341,23799.28704301329,22393.442039130932,23310.68495806231,23477.364541072115,24939.170795925063,23964.80815498715,25003.491212915265,25304.012324889125,24168.368015990418,25745.255243820502,24128.24829398388,24343.368015990418,25386.77288087605,26015.575660810697,23948.68495806231,25345.853853853176,25988.49816275188,25703.135521813965,25440.45593880416,24686.931351911997,24070.209544954476,24694.730656928332,25843.9348268303,25107.05107391853,24057.368015990418,24087.086348029632,24581.487737996955,24600.209544954476,23898.52996194467,24535.614409840106,24409.01579980743,24308.058023755144,25717.91692731073,24711.060973745407,22797.789730539538,18629.04707407218,20015.635259349936,22605.631784431633,21660.45593880416,20797.3257920427,22259.89260288258,20507.95967618648,22309.12509705904,21831.121622140738,21808.600510166878,22500.403290101523,22545.681483144006,23200.12509705904,22985.082873111325,23980.808154987153,23119.565236055772,19602.54786146424,23545.44551404924,24634.85037893487,24506.248293983885,24128.487737996955,24632.008849970814,23729.283568094987,24307.047599000223,24474.410239938137,24671.209544954476,25849.85385385318,26063.934826830304,25602.093297866246,25894.45593880416,24576.572185892386,26504.019274725735,25630.85385385318,24819.6109349218,24203.927876993686,25082.491212915265,22321.04064916361,25447.01232488912,24435.68843298062,24248.368015990418,24610.2905179316,23930.2905179316,24940.89607780089,25903.30789252313,24531.473313395687,23952.251243974144,22762.265143647375,19255.930826983953,19608.635259349936,22457.90997747411,21402.093297866242,21416.487737996955,20381.44203913093,21001.48078816034,22239.406765019827,21429.28009317668,23310.410239938137,22365.283568094987,20993.635784277976,22649.283568094987,24481.931351911997,22894.9666260231,22760.24134414727,22896.843429098255,23363.16384608845,23126.484263078648,24893.170795925063,24363.769405957744,24349.927876993686,23770.406765019827,24553.448988967546,25388.53343686298,24905.089822947943,25381.6109349218,26579.49816275188,25609.53343686298,26245.058023755144,25756.336216797627,26091.336216797623,24562.25176890219,24805.170795925063,25858.77288087605,25570.012324889125,24114.08982294794,24249.047599000223,24843.769405957744,24808.170795925067,23952.765931039437,24982.09329786625,25410.579135729004,25201.66358362443,26572.040124235566,23602.4131899284,22743.550286526468,17845.84290417021,19825.15289640549,21155.420664693054,19837.68495806231,18985.07939819302,21025.642734114594,22184.368015990418,21498.92440207538,20891.516062271443,21974.24134414727,22490.526487026364,21264.276618258373,22998.44551404924,21434.678008225696,23176.20607003617,22285.920927157073,23549.12509705904,21914.998425215894,23265.88565304597,23564.044124081913,23368.044124081913,26289.41718977475,25711.57218589239,23933.368015990418,24540.368015990418,24323.047599000223,25627.213019872783,25061.170795925063,21696.674533307392,25828.49468783357,25455.97357585971,25524.213019872783,25914.857328771483,25412.452463885857,25773.174270843374,24493.008849970814,25301.730656928332,24538.80815498715,25043.85037893487,24594.927876993686,23229.16384608845,24726.970100941406,23742.128571977348,24242.17427084337,25416.663583624435,24639.832479415294,22396.124572130997,20726.663058696387,18292.966101095055,21017.962626176748,21806.262193657112,20768.533436862977,19353.43856421262,21035.762456121127,20665.399815183213,20694.43856421262,21777.56176113747,20371.794255313922,20757.516062271443,20839.31536728778,21658.99842521589,21698.04064916361,22189.920927157076,23157.20607003617,23415.325792042706,22792.882178127664,23170.16384608845,24015.287043013293,23179.642734114594,23504.804680068846,23399.12509705904,22333.037174245306,23796.804680068846,24779.769405957744,25685.653158869518,24631.80815498715,24112.927876993686,24668.128571977348,25484.13204689566,25272.85037893487,25782.33274187932,26107.45593880416,25337.931351911997,25818.174270843374,25541.33274187932,26047.934826830304,24038.287043013293,23475.723707091718,24093.20607003617,23896.047599000223,25204.533436862977,23482.52996194467,24033.10024770286,24603.272618412026,23939.293467921856,21086.177220833633,17822.561236209425,19776.19859527151,19957.135521813958,19699.92440207538,20309.804680068843,20906.765931039434,19263.033699326996,21191.51953718975,19898.3928653466,20595.31536728778,20885.716757255104,20909.678008225696,21551.357591235497,21912.839954179948,21141.836479261638,22403.0019001342,21664.878703209357,22409.121622140738,22462.121622140738,22628.963151104792,22671.36106615381,21105.033699326996,24177.765931039437,23602.325792042706,24832.089822947943,25403.132046895655,24528.927876993686,21202.991475379276,25328.81162990546,25262.170795925067,25120.6109349218,24666.649683951207,24572.68843298062,25020.730656928332,25617.97357585971,25176.213019872783,24636.526487026367,23722.526487026367,23300.723707091718,24015.325792042706,23936.487737996955,24101.08982294794,23226.32926696101,24955.58261064731,24767.79720530419,24006.0927729382,18992.804155140802,18214.36401614407,18932.712757408757,19111.410239938134,18026.87522829105,19086.79773023223,18772.15342133353,18410.470363405417,19740.15342133353,19849.3928653466,20285.67453330739,20477.994950297587,20762.51606227144,20916.994950297587,21653.0019001342,21178.516062271443,21777.917452238766,21819.399815183217,22806.044124081913,22354.04064916361,21221.836479261638,23413.12509705904,23464.44551404924,23960.20607003617,23574.6462090329,23114.600510166878,24155.72718201003,23641.005375052508,23545.12509705904,25205.81162990546,25908.653158869518,25996.413714856448,23918.44551404924,25206.012324889125,24685.448988967546,24822.089822947943,26253.818579742074,24299.68843298062,21227.83300434333,25013.769405957744,23605.565236055776,23921.526487026364,24474.2905179316,23853.05107391853,24850.21649479109,24712.941776666914,23767.67053346104,23153.244294137534,19612.448464039502,16898.59303540222,17662.94177666691,21439.424139611365,17646.674533307385,18508.31536728778,17806.7485564479,18829.91050240215,18404.466888487113,18537.7485564479,20429.836479261638,19747.195645281245,21794.24134414727,21311.839954179948,20912.516062271443,23374.332741879316,20741.35411631719,21412.357591235497,21575.438564212625,20829.276618258373,21332.917452238766,22445.199120199555,22717.882178127664,22656.0019001342,22019.639259196287,23988.487737996955,23206.882178127664,23887.005375052508,24082.406765019827,24415.287043013297,24539.60746000349,24238.487737996955,24799.448988967546,24313.047599000223,24289.086348029632,23902.44551404924,24165.60746000349,25035.970100941406,24298.846904016562,24205.44551404924,22865.121622140738,25058.329266961013,23159.843429098255,23213.927876993686,23467.970100941406,22883.614409840102,23874.987475532933,22510.761931193083,20047.730132000288,17051.754981356473,17429.698857735533,19027.730656928332,17188.674533307385,17060.87175337274,17132.466888487113,18093.269668421755,18901.952726349868,19688.91397732046,19647.114672304117,19931.43508929432,19633.311892369475,20450.234394310657,20458.473838323727,20075.033699326996,19447.149946415222,21660.357591235497,22386.762456121127,21531.438564212625,23383.12857197735,21975.160371170146,22468.56176113747,22792.88565304597,22847.882178127664,22906.882178127664,22803.48078816034,23730.88565304597,24429.2905179316,24506.448988967546,23399.843429098255,23666.283568094987,25766.77288087605,24542.76940595774,24689.568710974083,24218.287043013297,24680.72718201003,25024.568710974083,23845.244819065578,23989.6462090329,21857.83647926164,23474.244819065578,23752.727182010025,22640.364541072115,23195.931351911993,21542.24829398388,24470.67400837935,23449.21249494473,20379.367491062374,16602.59303540222,17645.744556601552,18484.69190789892,16990.713282336797,16798.107722467503,17484.949251431557,16901.14299657861,17690.428139457705,18622.628834441366,20152.87522829105,20435.716757255104,19288.111197385813,19018.18869544463,20442.156896251836,20821.917452238766,21022.075923274708,20425.67453330739,20913.3575912355,21275.237869228964,20291.794255313922,21672.95967618648,22087.04064916361,20777.3928653466,23605.966626023095,22164.318842206092,24113.32926696101,23339.005375052508,24671.209544954476,24999.132046895655,23986.16732100676,24668.368015990418,25001.568710974083,24631.368015990418,25127.448988967546,24219.565236055776,22919.882178127664,24265.487737996955,23804.92440207538,23490.762456121127,25161.97705077802,23687.924402075383,23304.6462090329,23483.32926696101,23060.209544954476,23707.459413722467,24364.75498135647,23370.328742032965,20649.328742032965,16415.515537343403,16066.850378934862,17838.96662602309,16523.551336382545,16701.308417451168,18372.114672304117,17820.87175337274,17976.667583470775,18478.149946415222,21005.843429098255,18991.794255313922,20452.95620126817,19776.3928653466,19024.149946415222,19199.431614376008,20102.994950297587,21089.55828621916,21335.07939819302,20793.237869228964,21625.07939819302,21207.31884220609,22317.843429098255,21800.121622140734,22600.364541072115,23598.28704301329,24215.209544954476,23873.60746000349,23870.410239938137,25040.174270843374,23634.88565304597,24283.76940595774,23941.086348029632,24277.406765019827,24628.368015990418,24730.931351911997,23332.60398508518,24899.76940595774,23039.804680068846,22845.642734114594,23316.044124081913,24358.85037893487,22636.44551404924,23023.491212915258,23795.420664693054,25111.839429251908,23422.367491062374,20943.04707407218,14364.304417604822,15939.177745761674,16795.523012108053,16554.554811300848,16437.18869544463,16517.70633250018,17710.628834441362,16866.065498519787,18118.269668421755,17409.70633250018,18683.671058389078,19126.87175337274,20450.322317124395,20163.27661825837,19329.234394310653,19695.114672304117,20634.72023217341,19485.794255313922,20810.758981202824,20277.357591235494,20680.357591235497,21033.28009317668,21313.322317124395,21255.121622140738,21902.60398508518,22358.885653045967,22319.005375052504,23838.452463885853,23581.970100941402,23481.2905179316,24001.491212915258,22987.005375052504,25279.09329786625,23294.765931039434,23137.244819065578,24203.2905179316,23620.730656928332,23947.051073918527,22671.484263078648,23653.80815498715,23493.128571977348,23525.85037893487,21495.283568094987,23361.336216797623,22769.698857735537,21745.103722621163,22274.923877147336,19575.36401614407,14497.670533461041,15623.058023755138,15728.280093176676,15120.590085411952,16045.748556447897,16242.068973438094,16564.868278454436,16677.146471496915,17779.230919392347,16968.586610493647,17696.91050240215,17608.7485564479,17572.70980741849,18866.234394310653,19560.195645281245,19391.156896251836,19891.280093176676,20015.31884220609,21759.853853853172,20289.399815183213,20452.681483144,20920.843429098255,20789.920927157073,22163.727182010025,21580.16384608845,22170.966626023095,22429.52996194467,22310.008849970814,23013.25176890219,21976.966626023095,22808.32926696101,22698.448988967546,22966.730656928332,23513.05107391853,22984.00884997081,23332.05107391853,24170.378440745342,23681.2552438205,23025.37149090873,22491.610934921795,21963.52996194467,22141.491212915258,22184.37496582703,23155.466363559077,20813.867753526392,20204.040124235566,16260.557761291115,13091.34316663423,13720.684958062302,13940.95620126817,14059.107722467503,13808.223969555731,13941.938826676636,14838.590085411952,17710.681483144,15755.107722467505,17297.16037117014,17772.234394310653,18183.681483144,17340.836479261638,18000.839954179944,18844.76940595774,17622.836479261638,18923.12509705904,18262.635784277976,19867.649683951204,18350.361066153804,20051.293992849904,18490.64273411459,21005.505112588486,19350.484263078648,21559.853853853172,20911.52996194467,20166.966626023095,19697.08287311132,20902.381915663645,20648.008849970814,21373.332741879312,20454.6462090329,21521.21301987278,20650.406765019827,21034.08982294794,19990.565236055772,21056.132046895655,20402.132046895655,19816.28704301329,20248.970100941402,19596.487737996955,21337.656633787818,19495.37149090872,19329.462888640774,20479.67053346104,17508.262193657105,15505.262193657105,13547.519012261708,19295.486688140874,20779.638209340203,23760.409190082053,24296.236819372883,24629.838904323864,20813.716232327064,21791.571660964342,29583.571136036306,27501.152371477452,26917.233344454577,25285.096247856505,25812.705282644107,30717.574610954616,26681.06444866371,26227.339166787886,27357.465838631037,27876.30736759509,28157.508062578752,27003.501112742135,28930.152371477452,31864.409190082057,32016.571136036302,30538.68043328792,31030.76140626505,32123.965576167022,28245.504587660445,27781.064448663714,31627.68390820623,30250.712232480713,34389.1766959056,29993.70875756241,32750.845854160478,32461.96210124871,30705.634734421892,35286.89850286312,29983.469313549343,33456.31031758536,24488.772355948,30314.272093483985,37228.38781564418,36495.74350674548,34089.014749951355,23376.56471112773,21801.36054122576,23561.374440898988,20520.13152196761,17227.529437016627,29599.239244435117
11,27353.426484042928,16965.022022408113,22346.710584475783,24805.686917377658,26808.89093576808,27533.207879302427,24996.699668527057,27071.44831594038,27981.043949560888,29799.99478016396,27630.92918921628,25773.522987636115,26442.30805329697,26572.561241084313,29865.46290229046,29518.348141945844,31524.67967183028,27719.422813641577,29651.703338928408,27051.637747980723,33425.8836902207,32632.275305450792,32654.692422979686,27864.637747980727,34008.70700932976,36983.77260027744,35437.78351622616,36089.67059108223,36166.87277427197,33270.27530545079,36093.44290559368,36400.000285765986,35809.54307958821,33285.8581879219,35646.353647547876,32431.71792527849,40193.3208997017,34216.504826140015,39741.83819122512,40593.64875918478,38074.925614070264,37616.002120966674,35598.82360487504,30404.579497835748,24168.384560193375,31189.809018524968,12376.803417667612,5695.4517958310735,11751.23145114523,15484.322544391713,17081.462807035132,18588.096694103842,19221.147698701447,17946.8945109141,17536.007436058033,18735.628571977344,20437.073027005717,20960.35171709187,22064.70691407443,19177.9327643623,21464.351717091868,22839.770669821435,21489.289796545538,23475.125866803995,21239.845341517168,20976.819839218362,21355.11128045392,22897.251543097336,23804.581237781094,23239.479228585882,21944.060275856315,22489.12403160332,21449.78158577016,24085.07486220639,22150.149533902128,22263.745167522633,22369.617656028622,21832.034773557512,22326.566651431014,23652.898181315446,22101.83259036777,23232.45372628708,22102.085778155117,21658.502895684007,20630.388135339395,23706.796172120237,20605.16044985085,20859.451891086403,20450.211454448454,20526.996520109307,19615.983768959904,17283.096694103842,12619.573896978389,21888.246132750635,13543.298877293586,15347.05844065564,18817.4263887876,19888.211454448454,19924.03293835684,20569.147698701447,21829.464642235806,20666.349881891194,22189.211454448454,22789.55390028161,22152.67957657495,23785.35171709187,22632.490144534604,23052.55390028161,24544.428223988278,25571.834425568442,27722.304382895618,26998.583072981768,24687.44097513768,23339.27521019546,25676.31529884434,24689.883594965373,25861.35355229254,26107.46647743648,24816.858092666567,24617.389970540076,25254.98560416058,25592.883594965373,26810.593988930494,25325.909097264175,25153.655909476824,25388.20053849973,26340.98560416058,25558.18778735033,25495.69416292503,26773.31529884434,25249.402721689476,24679.098529304516,26075.859927867245,25538.45372628708,25639.71966522383,23757.060275856315,24251.68141177563,25688.202373700406,24371.557570682966,18504.036608758186,15739.264294246736,17033.25337829801,20932.583072981768,23109.31529884434,22639.060275856315,21990.66682542555,21979.16044985085,21366.24787269598,21756.24787269598,22900.4008864888,24663.326214793065,24129.464642235806,24543.55390028161,24764.060275856315,23659.211454448454,26936.770669821435,23743.717830023154,25978.934599562977,24522.02202240811,25668.35171709187,25684.643158327424,24819.060275856315,27044.277045396135,25866.36446824127,20892.069356604363,26061.389970540076,25095.04752470691,26002.896346114772,25789.33896594247,26082.59215372982,26953.934599562977,26869.428223988278,27187.70691407443,27899.517482034084,28179.821674419043,27423.389970540076,27359.770669821435,26996.136782752725,27592.479228585882,26650.124031603318,27979.251543097336,28328.289796545538,26928.896346114776,26755.21328964913,26638.99835530998,27109.125866803995,26818.60857528057,24892.83993117047,19493.712419676456,18885.14228835475,20592.304382895618,23188.264294246736,22682.502895684007,22481.4008864888,21116.450055885725,24061.9710178105,22920.920013212897,22920.79250171889,26091.338965942465,23700.603069678546,25598.26245904606,25850.28796134486,25742.28796134486,26101.06027585632,26682.63040717802,24832.18595214965,25263.502895684007,25617.55390028161,23381.31162844299,24151.881759764696,24452.388135339395,27733.732416373234,27050.37721939067,28579.998355309985,30778.87451421732,28649.289796545538,27390.883594965373,26941.85809266657,27077.553900281615,28228.960101861783,29651.289796545538,27508.175036200926,29558.54298433289,27949.71966522383,28297.668660626226,28423.18778735033,27752.136782752725,29064.757918672036,28095.896346114776,28356.934599562977,27882.972853011182,26759.377219390673,27570.504730884684,29519.519317234757,29203.482898987233,26991.131372406024,23185.6395831814,21188.156874704826,21787.051195108266,23171.998355309985,21871.705078873754,21757.603069678546,24126.464642235806,23601.65407427615,24695.26245904606,22953.007436058033,24544.388135339395,25014.16044985085,24151.10944525324,25077.451891086403,23824.513811632736,25194.69232772435,26919.111280453923,25229.4136376382,25284.439139937,25434.66682542555,25702.717830023154,25808.249707896655,25326.69232772435,24950.4008864888,26224.52839798281,27949.428223988278,26975.034773557512,25623.69232772435,28457.200538499732,27864.84534151717,28211.643158327424,28842.175036200926,28342.921848413578,27689.85809266657,28147.389970540076,28631.630407178025,30622.606740079893,27265.794336919564,29082.428223988278,28731.18778735033,28817.175036200926,27516.111280453923,26055.300712494267,28340.062111056992,28112.530233183486,28590.41730803955,28126.380889792024,26486.282550998167,25308.275305450792,21939.246132750635,22211.92551881493,23441.30254769494,22144.907262063498,22389.349881891194,23784.211454448454,22853.07119180504,23073.843506316494,23515.766999420084,23620.31162844299,24868.16044985085,23139.664990224876,24435.869008615293,25539.67957657495,25602.67957657495,23684.766999420084,25888.983768959904,25449.8945109141,26736.794336919564,25420.249707896655,24917.33713074179,24594.083942954443,25355.17320100025,26526.236956747256,25026.641323126747,26803.553900281615,27442.08577815512,27476.073027005717,25576.9327643623,29313.21328964913,26481.983768959904,26340.717830023154,28589.46647743648,27700.111280453923,29047.21328964913,27554.300712494267,28668.415472838875,28861.162285051527,27524.768834620758,29883.289796545538,28836.54298433289,27415.972853011182,28990.189622551,28960.976523412533,26451.57399223372,25838.768929876092,22182.348141945848,23125.951021113728,22953.504730884684,21202.388135339395,23140.17320100025,22927.33713074179,23540.147698701447,23837.590318529143,22796.235121546582,24182.615820827945,24741.134947552047,24028.058440655637,23508.007436058033,24888.122196402644,23606.80525286829,24139.80525286829,26232.502895684007,23776.260623845385,24328.31162844299,24656.603069678546,26548.00927125871,25147.4263887876,23854.55206508094,24461.122196402644,25022.17320100025,28393.379054591343,25916.27521019546,26733.996520109307,24891.388135339395,26011.211454448458,25090.869008615293,25813.19870329905,26729.034773557512,26364.996520109307,28293.200538499732,27375.08577815512,27709.08577815512,28066.85809266657,28279.883594965373,29315.428223988278,28310.921848413578,29161.379054591343,28337.200538499732,27728.732416373234,28519.379054591343,27691.506566085358,27968.284386198837,26490.339061197803,22154.55032513559,23787.610410481248,23910.885430166047,22890.236956747256,22121.81800401769,20323.81616881701,22448.741497121286,23382.57756737974,23511.80525286829,23755.045689506238,24788.362633040593,23313.235121546582,25712.464642235806,22399.39905128812,25298.16044985085,24434.615820827945,25557.4136376382,25305.375384189996,25528.439139937,25658.173201000252,24528.134947552047,24262.147698701447,24864.147698701447,24184.134947552047,26514.300712494267,25221.69232772435,25584.490144534608,26218.477393385205,29212.7087492751,25884.983768959904,26864.807088068963,27494.377219390673,25740.717830023154,27103.794336919564,26488.51564683341,27090.768834620758,27923.870843815974,28056.807088068963,29194.972853011182,28551.934599562977,27513.415472838875,26883.57940258042,27072.921848413578,28317.189622551,29072.77434022279,27857.297137348243,26536.61775128395,21121.701503727734,21699.887265366728,24070.885430166047,23287.541149132212,22874.9327643623,22348.045689506238,22543.007436058033,22878.260623845385,24650.8945109141,24127.56481623034,24180.55206508094,25795.249707896655,23109.47555818453,24184.56481623034,23594.501060483333,25293.17320100025,23685.29887729359,26599.009271258707,23797.83075516709,24269.881759764696,23671.03293835684,23188.045689506238,25398.211454448454,25084.18595214965,26090.983768959908,25008.9710178105,24815.920013212897,26301.566651431018,25761.768834620758,26297.009271258707,25456.717830023154,23594.843506316494,25521.958266661102,28679.972853011182,25307.19870329905,25301.4008864888,26154.224205597853,28803.238791947933,28287.896346114776,28101.630407178025,27270.52839798281,26498.04752470691,26714.579402580417,27691.21328964913,28302.657744677494,29026.280715797493,27689.714254877137,26500.011201714708,22707.816264072342,22288.697833326383,23392.58123778109,22829.996520109307,22528.843506316494,21763.94368031103,22924.29887729359,23954.122196402644,24551.16044985085,23207.03293835684,24885.4263887876,24071.56481623034,23799.058440655637,24773.67957657495,23992.53931393154,24521.603069678546,24574.058440655637,24662.869008615293,23712.24787269598,25245.945515511703,24634.843506316494,26151.743332321956,23761.31162844299,29610.6704958269,26057.477393385205,25194.4263887876,24652.17320100025,24648.958266661102,25352.743332321956,24847.67957657495,25947.224205597857,24960.730581172553,24155.362633040593,24978.628571977344,26417.743332321956,26328.262459046062,27121.807088068963,27349.83259036777,26983.78158577016,27857.617656028622,26691.541149132212,25894.51564683341,27679.745167522633,28568.455561487754,29740.43372959031,27699.018447262093,26967.66875588155,20836.83993117047,22346.45739668843,23566.80892326964,22478.730581172553,22430.10944525324,23699.439139937,22160.47555818453,24127.375384189996,24365.134947552047,22671.94368031103,25426.920013212897,24580.362633040593,23446.24787269598,24025.56481623034,25885.945515511703,25040.628571977344,25827.945515511703,25939.18595214965,24464.083942954443,25698.439139937,23865.80525286829,25548.69232772435,24712.628571977344,23884.83075516709,27009.883594965373,23927.81800401769,25348.464642235806,24807.9710178105,24919.477393385205,24882.66682542555,25825.996520109307,24883.8945109141,25043.16044985085,26140.490144534604,26643.52839798281,26080.9710178105,28082.630407178025,27882.870843815974,27019.52839798281,26313.490144534604,26778.022022408113,26580.794336919564,26815.136782752725,28090.379054591343,28210.925518814925,27573.410062492178,27094.530328438814,22215.79076177354,22282.43189438963,23458.796172120237,22661.730581172553,22249.843506316494,22021.981933759234,22313.260623845385,24040.603069678546,25337.983768959904,22613.196868098377,24491.10944525324,24986.628571977344,24971.615820827945,24383.55206508094,25983.920013212897,25865.19870329905,25480.18595214965,22623.63948792607,24586.083942954443,25893.224205597853,25706.67957657495,25597.66682542555,24987.4263887876,25269.705078873754,25258.705078873754,25671.705078873754,24743.66682542555,24873.9327643623,24630.705078873754,25773.51564683341,25437.996520109307,25053.705078873754,24935.920013212897,23715.526562782135,25284.9327643623,27086.32621479307,26136.768834620758,25901.16044985085,28034.85809266657,27061.794336919564,27542.35171709187,26144.983768959908,25509.249707896655,27792.277045396135,27416.530233183486,27569.595824131167,28529.601329733196,27797.78351622616,22291.77801062414,22273.963772263127,24060.379054591343,22785.02202240811,22281.57756737974,23874.17320100025,23202.29887729359,24161.907262063498,25249.464642235806,24742.096694103842,24765.10944525324,26292.643158327424,25992.262459046062,26818.819839218366,25411.17320100025,24877.869008615293,25559.907262063498,26198.464642235806,27340.794336919564,25082.362633040593,25316.907262063498,26961.52839798281,26526.034773557512,25362.65407427615,24748.096694103842,25422.705078873754,24995.907262063498,24148.641323126747,27632.796172120237,25928.541149132212,25095.57756737974,25787.262459046062,26276.02202240811,26930.27521019546,27318.034773557512,26743.262459046062,27322.04752470691,26944.022022408113,27097.807088068963,26373.490144534608,26921.09852930452,26183.83259036777,28536.93643476365,28329.92551881493,27198.42281364158,25869.869103870624,21184.359057894573,22286.178706602284,20069.843506316494,23657.35171709187,23441.26245904606,22480.80525286829,23135.349881891194,23730.881759764696,24726.451891086403,24231.615820827945,24733.388135339395,24428.32437959239,25178.8945109141,23968.03293835684,24473.31162844299,26295.009271258707,25273.641323126747,26075.211454448454,26101.464642235806,25358.628571977344,26674.794336919564,25693.17320100025,26792.983768959908,24879.134947552047,27526.18778735033,26074.464642235806,25977.439139937003,26072.996520109307,25421.18595214965,27182.36446824127,26783.149533902128,25187.9710178105,25687.490144534604,23334.47555818453,25612.945515511703,27498.81983921837,25691.67957657495,25343.388135339395,26264.18595214965,26716.52839798281,26829.33896594247,26286.541149132212,26502.98560416058,27287.277045396135,28719.178706602273,26775.52298763611,27374.377314646,21429.131372406024,22093.887265366724,24424.455561487754,22498.26245904606,23465.477393385205,23074.83075516709,22054.488309333934,22351.424553586927,22918.57756737974,24028.29887729359,23529.03293835684,24087.096694103842,22910.22237039718,24809.603069678546,24471.083942954443,25260.4008864888,25150.388135339395,25557.4136376382,25980.451891086403,26140.477393385205,25922.945515511703,26686.51564683341,26223.743332321956,26970.300712494267,26069.971017810505,26195.945515511703,25717.19870329905,25954.730581172553,26729.034773557512,26615.085778155117,28187.21328964913,25810.490144534604,27365.098529304523,23957.79250171889,25496.18595214965,27302.313463643666,25865.67957657495,25754.8945109141,25448.349881891194,26724.983768959908,25082.53931393154,25755.451891086403,26237.326214793065,26256.136782752725,26562.491979735285,28247.153204303475,27938.992944963284,26674.807183324298,21818.61224568192,21694.810758470314,24594.721500424508,24542.757918672036,23674.83259036777,23103.945515511703,23228.10944525324,23298.55206508094,24009.590318529143,22512.450055885725,23288.020187207436,23602.779750569487,24866.641323126747,25244.628571977344,25318.920013212897,25753.996520109307,22229.069356604363,27220.313463643666,26807.79433691956,26384.730581172553,26436.490144534604,25410.881759764696,26466.75608347136,27299.06027585632,26057.4263887876,26688.009271258707,26620.262459046062,27244.566651431018,27406.111280453923,26511.300712494267,26699.51564683341,26877.32621479307,26636.009271258707,26734.085778155117,27218.04752470691,26288.502895684007,25968.375384189996,27210.78158577016,27762.83259036777,26574.996520109307,25798.920013212897,25911.211454448454,26704.085778155117,25318.27521019546,28075.125866803995,28868.43189438963,27277.62499683132,25086.109540508573,21115.09311895782,21421.63407757938,24034.670495826904,23268.845341517168,24121.060275856315,22290.020187207436,25333.781585770157,23541.80525286829,24038.856257465894,24212.83075516709,24143.81800401769,23520.007436058033,25315.4136376382,24108.29887729359,25049.615820827945,25285.856257465894,26832.24970789666,25571.439139937,26625.009271258707,26828.034773557512,25909.18595214965,27588.35171709187,25797.69232772435,26262.18595214965,27193.04752470691,27846.36446824127,25751.615820827945,27562.81983921837,28005.668660626226,27727.85809266657,27411.617656028622,26650.262459046062,25880.9710178105,26598.74333232196,27676.59215372982,26976.75608347136,25933.18595214965,25973.147698701447,26399.67957657495,26411.717830023157,25648.730581172553,26407.83259036777,26183.36446824127,26377.668660626226,27724.887265366724,27053.43556479098,25247.298972548917,20500.45923188911,21862.646828728775,24352.48106378656,23337.870843815974,22253.134947552047,23725.541149132212,21751.994684908634,23656.869008615293,23189.53931393154,23237.513811632736,23778.57756737974,23948.286126144187,24686.869008615293,24566.81800401769,25566.439139937,24816.122196402644,20859.473722983854,25013.628571977344,26323.743332321956,25965.69232772435,25734.67957657495,26409.705078873754,25158.083942954443,26014.4263887876,25994.236956747256,26562.224205597853,27626.81983921837,27894.84534151717,27463.807088068963,27743.617656028622,26346.034773557512,28525.69416292503,27503.81983921837,26690.502895684007,25978.9327643623,27028.009271258707,23918.766999420084,27269.034773557512,26224.945515511703,25938.18595214965,26509.743332321956,25704.743332321956,26846.870843815974,27765.644993528098,26556.772505022112,26225.548489934918,25225.007531313364,21293.637747980727,21426.10219970587,24253.683246976303,22797.807088068963,22912.67957657495,21761.29887729359,22235.020187207436,23539.907262063498,22758.754248270685,24836.236956747256,23884.083942954443,22370.905426862824,24109.083942954443,25991.26245904606,24519.65407427615,24265.03293835684,24486.83075516709,24904.590318529143,24834.349881891194,26554.249707896655,26059.717830023154,26172.9327643623,25619.907262063498,26317.958266661102,27177.060275856315,26796.477393385205,26947.502895684007,28426.668660626226,27218.06027585632,28132.415472838875,27598.12403160332,27840.630407178025,26355.27521019546,26606.249707896655,27547.04752470691,27439.034773557512,25953.477393385205,25982.4263887876,26678.717830023154,26594.24970789666,25655.388135339395,26817.807088068963,27436.44097513768,27269.28979654554,28612.19145775168,25843.029363210815,25218.05853591097,19907.357222693896,21480.051195108263,22913.479228585882,21100.615820827945,20320.488309333934,22410.56481623034,23598.18595214965,22949.603069678546,22101.41180243752,23338.03293835684,23982.4008864888,22612.424553586927,24477.628571977344,22983.95643146043,24825.641323126747,23831.273374994787,25195.869008615293,23281.71599482248,24923.881759764696,25135.096694103842,25154.096694103842,28044.896346114776,27460.781585770164,25532.18595214965,26112.932764362304,26237.4263887876,27301.300712494267,26814.24970789666,23136.62673677667,27702.338965942472,27426.566651431018,27516.300712494267,27873.149533902128,27092.28796134486,27790.57940258042,26318.705078873754,27171.996520109307,26290.439139937,26944.490144534608,26295.9327643623,25034.590318529143,26635.983768959908,25440.19870329905,26100.83259036777,27258.28979654554,26712.50656608536,24457.331720395094,23072.50115573866,20054.180541802954,22832.027528010138,23300.011106459388,22277.060275856315,20610.96918260983,22341.058440655637,21934.24787269598,22014.96918260983,23276.79250171889,21625.120361201967,22190.41180243752,22238.14586350077,22991.71599482248,23180.766999420084,23781.273374994787,24646.641323126747,25000.134947552047,24413.55206508094,24886.590318529143,25578.4136376382,24774.56481623034,25164.10944525324,25137.869008615293,23894.437304736326,25482.10944525324,26684.717830023154,27394.553900281615,26172.439139937,25871.9327643623,26459.19870329905,27267.52839798281,27158.490144534608,27612.541149132216,28068.61765602862,27181.262459046062,27572.57940258042,27264.04752470691,28082.59215372982,25906.4136376382,25219.590318529143,25829.641323126747,25697.4263887876,26940.06027585632,25191.730581172553,26043.21328964913,26722.25337829801,26116.814428871665,23638.816264072342,20028.8635982686,21789.672331027577,21539.111280453923,21060.603069678546,21741.10944525324,22320.388135339395,20498.107610052568,22592.741497121286,21272.588483328465,21950.14586350077,22370.677741374275,22439.95643146043,22909.196868098377,23400.501060483333,22688.17136579957,23873.045689506238,23382.22237039718,24098.53931393154,24048.53931393154,24390.32437959239,24501.526562782135,22757.107610052568,25907.388135339395,25304.134947552047,26465.477393385205,27049.52839798281,26289.9327643623,22393.056605454964,27163.768834620758,27105.24970789666,26950.75608347136,26394.224205597853,26268.945515511703,26851.996520109307,27488.313463643666,27110.300712494263,26353.4008864888,25440.147698701447,24942.33713074179,25501.134947552047,25700.67957657495,25947.477393385205,24874.464642235806,26867.023857608787,26713.35538749322,26242.257048699368,21105.206044101757,20283.712419676456,20565.772505022112,20545.236956747256,19258.892675713425,20251.450055885725,19873.601234477865,19593.031103156158,21000.601234477865,21081.588483328465,21680.62673677667,21721.386300138718,22172.41180243752,22319.386300138718,23036.045689506238,22492.41180243752,23106.94368031103,23448.24787269598,24570.096694103842,23917.766999420084,22755.17136579957,24931.122196402644,25107.628571977344,25502.641323126747,25232.8945109141,24740.513811632736,25736.66682542555,25491.375384189996,25153.615820827945,27120.768834620758,27645.553900281615,27641.81983921837,25623.628571977344,27031.034773557512,26374.958266661102,26572.477393385205,28173.428223988278,25922.945515511703,22667.841671115813,26710.717830023154,25293.122196402644,25708.65407427615,26158.743332321956,25402.75608347136,26512.63040717802,26578.504730884684,25626.961937062457,25160.3444715445,21965.76342427406,18684.976523412533,19227.07486220639,22976.80892326964,18896.62673677667,19692.145863500773,18952.739661920605,20080.28429094351,19492.7014084724,19821.739661920605,21768.17136579957,20911.652239075473,23138.03293835684,22826.501060483333,22383.41180243752,25048.79433691956,22149.86717341462,22959.196868098377,23064.96918260983,22360.424553586927,22860.94368031103,23783.981933759234,24230.55206508094,24130.045689506238,23736.235121546582,25545.67957657495,24760.55206508094,25690.375384189996,25860.907262063498,26119.4136376382,26200.17320100025,25751.67957657495,26542.958266661102,25972.4263887876,25818.147698701447,25437.628571977344,25947.17320100025,26694.983768959904,25914.16044985085,25756.628571977344,24423.53931393154,26809.464642235806,24675.83075516709,24871.9327643623,25108.983768959904,24512.83259036777,25896.6322423787,24509.357222693896,22351.054865509614,18978.255213498687,18901.719665223834,20442.996520109307,18445.62673677667,18222.56298102966,18360.7014084724,19394.765164219407,20019.335295541114,20947.61398562727,20973.87992456402,21277.63948792607,20989.81616881701,21784.373548989315,21825.360797839916,21437.107610052568,20956.271539794107,23178.196868098377,23961.058440655637,23144.96918260983,24999.19870329905,23703.260623845385,24200.79250171889,24580.881759764696,24559.55206508094,24588.55206508094,24402.020187207436,25420.881759764696,26128.743332321956,26157.958266661102,25004.83075516709,25235.083942954443,27334.04752470691,26193.717830023154,26330.451891086403,25949.4136376382,26308.66682542555,26591.451891086403,25329.362633040593,25605.8945109141,23448.17136579957,25117.362633040593,25304.66682542555,24186.856257465894,24927.26245904606,23176.945515511703,26352.02569280946,25603.97835861321,22646.699668527057,18399.672331027577,19297.366303441944,19830.27521019546,18204.348046690517,18048.220535196502,18587.00560085736,18188.612150426594,18859.980098558553,19622.246037495308,21327.89267571342,21803.677741374275,20604.55022988026,20347.992849707956,21718.930929161623,22425.94368031103,22347.158614650172,21786.62673677667,22205.196868098377,22725.70324367308,21712.120361201967,23288.994684908634,23794.766999420084,22400.588483328465,25204.907262063498,23595.47555818453,25818.464642235806,25111.375384189996,26209.224205597857,26721.52839798281,25693.920013212897,26220.18595214965,26611.451891086403,26248.18595214965,26795.958266661102,25825.122196402644,24621.80525286829,26055.9327643623,25356.603069678546,25109.058440655637,26931.643158327424,25306.856257465894,25016.8945109141,25152.464642235806,24772.9710178105,25615.44097513768,26504.810758470314,25624.484734187907,22954.054865509614,18368.482898987233,17521.060275856315,19390.4008864888,17398.803417667612,17685.486474133257,19570.87992456402,19077.56298102966,19027.967347409154,19613.271539794107,22385.83075516709,20241.120361201967,21702.664990224876,21070.588483328465,20339.271539794107,20577.30979324231,21499.386300138718,22389.462807035132,22700.488309333934,22417.70324367308,23137.488309333934,22625.47555818453,23840.83075516709,23454.53931393154,24365.856257465894,25198.4136376382,25850.9710178105,25468.67957657495,25687.236956747256,26852.579402580417,25246.881759764696,26115.717830023154,25489.147698701447,25900.907262063498,26296.18595214965,26606.262459046062,24996.843506316494,26427.717830023154,24703.362633040593,24620.81800401769,24895.096694103842,26028.490144534608,24082.628571977344,24753.009271258707,25640.479228585882,27036.43189438963,25574.193292952357,23140.82718002107,16054.6577446775,17454.20053849973,18113.56481623034,17880.133112351374,17544.992849707956,17600.688657323,18945.246037495308,17978.169530598898,19465.765164219407,18733.688657323,20077.297042092912,20332.56298102966,21845.80525286829,21550.424553586927,20902.373548989315,21099.87992456402,22264.007436058033,20987.120361201967,22380.728745971883,21834.943680311026,22061.450055885725,22554.754248270685,22917.80525286829,23008.53931393154,23635.843506316494,24212.881759764696,23982.375384189996,25594.28796134486,25247.983768959904,25279.743332321956,25740.51564683341,24461.375384189996,26847.807088068963,24841.8945109141,24626.362633040593,25965.996520109307,25460.996520109307,25686.75608347136,24487.349881891194,25335.439139937,25141.19870329905,25188.490144534604,23104.083942954443,25021.12403160332,24572.706914074428,23606.53023318349,24461.876349417995,21978.75067312466,16272.051195108264,17264.96010186178,17210.513811632736,16245.524727581456,16998.739661920605,17450.499225282656,17830.233286345905,17910.941845110352,18963.04385430556,18065.195032897704,19041.28429094351,18826.739661920605,18819.01835200676,20214.37354898932,20960.652239075473,20849.930929161623,21431.754248270685,21547.47555818453,23507.819839218362,21792.501060483333,21991.286126144187,22334.83075516709,22328.273374994787,23665.66682542555,23187.590318529143,23708.65407427615,24156.730581172553,24084.464642235806,24819.52839798281,23599.65407427615,24576.717830023154,24298.958266661102,24598.996520109307,25441.75608347136,24574.705078873754,24981.26245904606,26072.175036200926,25584.111280453923,24662.51564683341,24177.75608347136,23574.730581172553,23893.009271258707,23920.35171709187,25065.366303441944,22736.417308039552,22400.02752801014,18422.395476142097,14635.821674419041,15092.641323126749,15047.918178012225,15146.473722983852,14737.384464938044,14867.016516806081,15870.524727581458,18758.286126144187,17001.220535196502,18539.260623845385,18944.37354898932,19503.286126144187,18618.424553586927,19290.501060483333,20239.717830023154,19003.17136579957,20317.869008615293,19679.905426862824,21470.224205597853,19642.526562782135,21709.073027005717,19995.56481623034,22562.58123778109,20699.349881891194,23119.819839218362,22590.730581172553,21898.65407427615,21038.81800401769,22769.504730884684,22227.958266661102,22973.54114913221,22036.8945109141,22929.55390028161,22236.907262063498,22519.477393385205,21603.375384189996,22793.781585770157,22191.27521019546,21687.4136376382,21879.730581172553,21211.9327643623,22937.136782752725,21119.51564683341,21045.53023318349,22552.708749275105,19188.277045396135,17068.100364505197,15297.014776860738,20979.99661536464,22400.298972548917,25583.04761996224,26074.513906888064,26249.311723698313,22154.583072981768,23256.686917377658,31407.59224898515,29171.411897692855,28539.184212204313,26856.042114360214,27601.499320537987,32572.921943668905,28549.98019381388,28115.35905789457,29199.512071687386,29626.29713734824,30150.56307628499,28813.903686917474,31107.41189769285,33900.04761996224,33982.59224898515,32686.09678935918,32950.86910387063,34130.46473749114,30107.233381601232,29716.980193813884,33640.42648404293,32273.1587099055,36629.71976047916,31725.829015221738,34634.97111306584,34497.13504280738,32705.71609007781,37213.01120171471,31695.841766371144,35662.532163639495,26197.95285631441,32146.905522118148,39304.97478346718,38791.12596205932,36198.17513145626,25124.027528010138,23449.43189438963,25251.75067312466,22292.433729590306,18895.63591278005,31965.920203723563
12,27490.272790398092,16939.084257189774,22786.78699933428,25448.851326613265,27644.726213174592,28256.29453532753,25661.531007023346,27819.78477501997,28819.882378095594,30824.587344554406,28500.765254404847,26723.439169381327,27385.308290509056,27619.478210611574,31087.888143529202,30271.771019838445,32495.442710500625,28637.425414199803,30741.37838322164,28103.556293072077,34504.31759706195,33795.540313576246,33805.12239091071,28826.556293072077,34992.22575941993,37989.0478495695,36310.303841880435,36802.61040628883,37327.06160475101,34203.540313576246,37123.79984700648,37523.858408851855,36920.81360218799,34311.958236241786,36865.04208413589,33485.48175173087,41363.274107203084,35337.77456095775,40969.869939719065,41740.09842166696,39152.204014490504,38934.282096951,36388.76657120983,31203.4289553191,24642.38637296956,31776.663202700598,12511.106002119208,5890.059878650363,11956.944071764603,15724.125522734334,17681.602007245252,18916.738651551124,19833.457373191457,18470.28745308894,18051.980888680544,19475.43785257633,21148.802978830106,21648.332259752795,22749.93962313598,19945.32649431919,22266.502179855313,23598.3380251864,22181.357545801526,24299.11530867211,22016.16233965027,21737.633058727584,22160.011940162876,23573.318504571274,24536.736427236814,24029.129063853627,22755.123298420018,23229.69162057296,22163.594017497333,24881.22666692925,22968.881061290605,23006.97866436623,22962.1818602654,22570.933857702374,23175.63305872758,24577.134829287235,22970.482659240188,23880.76970303346,22949.482659240188,22264.064736574648,21390.947612883898,24509.697386006566,21306.137053601542,21500.346014934312,20991.855775241875,21162.724896369604,20254.045215959522,17674.738651551124,13018.871754737705,22488.333576557783,13990.189850013314,15556.699610320877,19137.986654114145,20376.855775241875,20171.34024950071,21171.457373191457,22394.025695344397,21238.908571653647,22749.855775241875,23373.783458214977,22778.156574216668,24297.33225975279,23141.385056164563,23793.783458214977,25065.410342213294,26507.736427236814,28554.46091431076,27848.160115335966,25300.09002262338,24113.254177292292,26436.71690662169,25497.20138088052,26723.75594785194,26786.449383443545,25501.672099957832,25469.20138088052,25989.46890405867,26138.031460778,27687.4161076469,26046.730661803213,26117.390821598165,26309.76970303346,27230.468904058667,26226.920102520857,26233.259942725897,27344.716906621692,25866.56074170069,25318.16233965027,27027.095788056984,26205.939623135982,26353.619303546064,24322.12329842002,24873.09002262338,26376.53323133765,24956.970674618322,19110.527465904044,16393.998184981356,17861.42187308051,21740.009715848573,23643.71690662169,23222.123298420025,22400.476893806583,22371.137053601542,21798.471128372974,22426.471128372978,23553.62729329398,25224.972898932625,24591.025695344397,25431.783458214977,25314.123298420018,24355.855775241875,27725.3380251864,24521.195615446915,26615.750182418335,25197.08425718977,26478.33225975279,26609.54122108556,25548.123298420018,27880.67786539144,26927.011940162876,21269.95560263181,26796.37130098304,25849.443618009936,26828.8810612906,26609.652579342706,26620.82249944523,27589.75018241833,27773.41034221329,28025.93962313598,28739.168105083878,28997.056746826733,27877.37130098304,28354.3380251864,27612.37130098304,28157.129063853627,27182.86154067548,28603.318504571274,28986.86730610909,27470.711141188083,27642.44938344355,27553.318504571274,27946.775468467065,27856.859316361173,25915.02701214939,20636.09932917629,19935.870847228387,21661.29099420824,24000.998184981356,23325.064736574648,23107.62729329398,21540.922326835163,24376.365535549437,23550.646813909105,23485.850009808273,26861.652579342706,24290.07849175617,26208.574496882207,26525.933857702374,26487.933857702374,26841.123298420018,27431.861540675476,25542.49641442171,25885.064736574644,26302.783458214977,24093.869530423395,25077.607772678857,25343.28745308894,28571.29898395615,27888.861540675476,29393.80874426371,31669.199156566214,29747.357545801526,28422.031460778002,28068.672099957832,27970.783458214977,29328.109543238505,30304.357545801526,28392.24042211077,30514.527465904044,28910.619303546067,29065.90058190573,29055.920102520857,28828.20138088052,29775.65834477632,28753.711141188083,29152.750182418335,28574.789223648586,27552.691620572958,28501.4884246738,30453.10155349059,30200.995960667045,28204.765254404847,24590.966225989712,22480.163656455265,22975.009715848573,23963.148584468752,22506.515935036834,22359.07849175617,24491.025695344397,24109.7972133965,25147.574496882207,23583.98088868054,25029.947612883894,25400.137053601542,24821.41833196121,25929.346014934312,24531.32072888558,26050.83625462675,27682.84202006035,25911.306973704064,25936.666334524227,26197.476893806583,26591.195615446915,26574.894816472122,26274.83625462675,25628.62729329398,27240.42409739481,28943.41034221329,27688.763937599855,26368.83625462675,29330.59978293094,28653.99241954775,28958.541221085565,29639.410342213294,29173.07050200825,28476.672099957832,29024.37130098304,29338.861540675476,31572.925867954466,28053.273697907414,29868.410342213294,29443.920102520853,29564.24042211077,28358.842020060358,26961.613538112455,29392.716906621692,28849.847785493963,29811.324270004883,29276.21867718134,27866.837571431744,26943.337117677085,23447.56782393929,23165.786999334283,24324.037226211607,22610.96713349902,22840.908571653647,24511.855775241875,23241.379290730958,23662.568731448606,24112.490648988103,24102.869530423395,25362.137053601542,23700.053205707434,25017.928092268772,26310.156574216668,26347.156574216668,24432.490648988103,26583.045215959522,26204.28745308894,27642.273697907414,26502.894816472122,25809.22889124356,25332.058971141043,26221.816734011627,27350.21513606204,25952.117532986416,27756.783458214977,28267.482659240188,28294.802978830103,26422.32649431919,30274.279463341023,27399.045215959522,27334.195615446915,29646.449383443545,28687.842020060354,30009.279463341023,28285.613538112455,29666.73066180321,29674.56074170069,28293.914337087248,30786.357545801526,29776.697386006566,28556.789223648586,29780.513710722527,30021.8065199494,27773.53677245695,27450.768795524145,23620.737744041817,24107.976440051927,23780.488424673793,21808.947612883894,23669.816734011627,23184.22889124356,23931.457373191457,24228.398811346084,23376.791447962893,24684.75817216625,25443.777692781376,24627.699610320873,24272.98088868054,25633.09801237129,24265.529690218355,24612.529690218355,27004.064736574644,24396.320728885585,24908.869530423395,25454.07849175617,27346.574496882207,26039.986654114145,24677.359770115832,25246.098012371294,25994.816734011627,29497.11530867211,26823.254177292292,27542.724896369604,25769.947612883894,26879.025695344397,25819.928092268772,26577.17609483179,27542.763937599855,27400.724896369604,29078.599782930938,28396.482659240188,28657.482659240188,28899.672099957832,29003.031460778002,29943.410342213294,29196.070502008253,30023.11530867211,29007.599782930938,28641.29898395615,29347.285228774632,28772.25195297799,29560.960460556103,28256.715999112377,23545.038543016595,24954.472445177973,24618.455148877154,23469.21513606204,22558.209370628436,20619.785682529287,22759.131288167933,23932.719130936,23981.529690218355,24382.01992991079,25438.588252063728,23718.791447962893,26386.025695344397,22780.20360519483,25899.137053601542,25236.75817216625,26122.306973704064,25965.267932473813,26236.666334524227,26367.816734011623,25249.947612883894,25172.457373191457,25865.457373191457,25199.777692781376,27475.613538112455,25979.836254626753,26616.385056164563,27054.705375754478,30473.36331123513,26806.045215959522,27755.9533783175,28385.69162057296,26593.195615446915,28148.273697907414,27498.74441698473,27969.914337087248,28820.351780367913,28874.9533783175,30103.789223648586,29477.750182418335,28584.73066180321,27713.142819035143,27931.24042211077,29378.34379062001,30499.525241589738,29160.39213840316,28161.983522290524,22403.640140966185,22914.087798309072,24884.455148877154,24037.103777804896,23371.32649431919,22839.01992991079,22941.98088868054,23278.15080878306,25027.28745308894,24603.039450525917,24750.35977011583,26486.894816472122,23621.28168765533,24672.039450525917,24145.641048475496,26019.816734011627,24366.18985001331,27329.404576779685,24658.88905103852,25038.607772678857,24342.34024950071,23979.01992991079,26416.855775241875,25911.49641442171,27063.045215959522,25912.365535549437,25488.646813909105,27394.463138625062,26608.914337087248,27121.404576779685,26421.365535549437,24542.568731448606,26467.685855139352,29689.789223648586,26325.17609483179,26296.62729329398,26726.53545565196,29660.63882416119,29121.711141188083,28950.861540675483,27925.42409739481,27415.443618009936,27501.142819035143,28445.619303546064,29365.644589594798,30344.054522512422,29131.52301727543,28308.57136505859,24075.306066194746,23311.14636015445,24195.566507134296,23475.724896369604,22956.568731448606,22453.58248663012,23342.18985001331,24375.09801237129,25073.137053601542,23762.340249500707,25556.986654114145,24617.039450525917,24449.699610320873,25373.156574216664,24558.680089705747,25282.07849175617,25179.699610320877,25317.928092268772,24303.471128372978,26051.00617472927,25290.568731448606,27042.55497626708,24616.869530423395,30693.324270004883,26842.705375754478,26057.986654114145,25755.816734011627,25888.685855139352,26335.554976267085,25815.156574216668,26748.53545565196,25959.875295857,25148.58825206373,25915.43785257633,27242.55497626708,27263.74441698473,27964.9533783175,27990.312739137666,27740.594017497333,28616.181860265395,27284.103777804892,26594.74441698473,28731.978664366234,29712.193391132612,30976.700927125872,29220.22221830064,28674.87216403338,22132.901898710727,23538.656120462012,24351.54698651917,23101.045215959522,22833.41833196121,24327.666334524227,22548.28168765533,24487.267932473813,24824.777692781376,23040.58248663012,25660.646813909105,25124.58825206373,24120.471128372978,24621.039450525917,26516.00617472927,25714.43785257633,26527.00617472927,26722.49641442171,25110.058971141043,26210.666334524227,24600.529690218355,26177.83625462675,25441.43785257633,24765.88905103852,28000.031460778,24694.209370628436,26314.025695344397,25937.365535549437,25911.045215959522,25967.476893806583,26673.894816472122,25880.28745308894,26006.137053601542,26949.38505616456,27494.42409739481,27098.365535549437,29019.86154067548,28838.351780367913,27901.42409739481,27040.38505616456,27351.08425718977,27496.273697907414,27615.20138088052,29043.11530867211,29438.76747871915,28883.16365645526,29010.649447519085,23206.90766414433,23447.78699933428,24158.697386006566,23257.875295857,22713.568731448606,22461.62152786037,22810.15080878306,24509.078491756165,25966.04521595952,22970.75240673264,24942.41833196121,25527.43785257633,25496.75817216625,25036.35977011583,26495.646813909105,26471.17609483179,26090.49641442171,23041.693844887268,25191.058971141043,26659.53545565196,26649.156574216664,26399.476893806583,25643.986654114145,26124.515935036834,26012.515935036834,26585.685855139352,25715.646813909105,25757.32649431919,25708.515935036834,26541.74441698473,26324.894816472122,25923.515935036834,25904.646813909105,24603.000409295666,26019.32649431919,28210.972898932625,27228.914337087248,26646.137053601542,28796.672099957832,27914.273697907414,28453.33225975279,26950.045215959522,26232.894816472122,28438.67786539144,28383.847785493963,28768.34955605361,29924.810061068703,29610.159207826644,23450.73774404181,23493.80651994941,24907.945388569588,23425.08425718977,22598.719130936,24171.816734011627,23600.18985001331,24820.96713349902,25676.025695344397,25128.738651551124,25228.41833196121,27131.54122108556,26671.574496882207,27697.63305872758,26035.816734011627,25369.92809226877,26086.137053601542,26998.025695344397,27866.273697907414,25698.58825206373,26117.96713349902,27688.42409739481,27299.763937599855,26164.7972133965,25417.738651551124,26361.685855139352,25913.137053601542,25149.117532986416,28923.697386006566,26954.103777804896,25812.719130936,26895.574496882207,27027.08425718977,27782.254177292292,28179.763937599855,27758.574496882207,28169.443618009936,27783.08425718977,27950.9533783175,27112.38505616456,27790.16233965027,26926.312739137666,29635.17387051749,29499.427638514117,28797.294535327535,27470.807836754397,22313.921419325852,23322.466679744364,20737.568731448606,24217.33225975279,23910.574496882207,22863.529690218355,23547.908571653647,24179.607772678854,25263.346014934312,24741.75817216625,25001.947612883894,24875.549210833473,25623.28745308894,24413.34024950071,24988.86953042339,26821.404576779685,25700.117532986416,26523.855775241875,26715.025695344397,25761.43785257633,27193.273697907414,26405.816734011627,27417.045215959522,25498.777692781376,28121.920102520853,26924.025695344397,26730.49641442171,27027.724896369604,26193.49641442171,28340.842020060358,27859.8810612906,26077.365535549437,26627.38505616456,23938.28168765533,26570.00617472927,28381.63305872758,26618.156574216668,26222.947612883894,26980.49641442171,27413.42409739481,27647.652579342706,27165.103777804892,27573.638824161193,28166.67786539144,29766.767478719154,28157.837571431744,29216.381924340938,22824.810061068707,23188.728437488906,25187.193391132612,23095.574496882207,23964.705375754478,23208.88905103852,22532.96136806541,22926.562966014993,23133.719130936,24270.18985001331,23973.340249500703,24551.738651551124,23341.111767552808,25484.078491756165,25180.058971141043,25908.62729329398,25704.947612883894,26134.306973704064,26548.346014934312,26903.705375754478,26309.00617472927,27311.74441698473,26739.55497626708,27663.613538112455,26600.365535549437,26855.00617472927,26527.17609483179,26696.875295857,27306.763937599855,27402.482659240188,29123.279463341023,26833.38505616456,28220.16233965027,24668.850009808273,26451.49641442171,28143.29321852254,26697.156574216664,26473.28745308894,26001.908571653647,27444.21513606204,25665.680089705747,26486.346014934312,27081.972898932625,27279.201380880524,27418.80874426371,29455.728437488902,29604.071818813245,28368.546079009855,23030.09133942837,22783.009715848573,25276.212911747738,25047.65834477631,24071.312739137666,23539.00617472927,23517.41833196121,23775.35977011583,24294.398811346084,22651.922326835163,23606.66056909062,23999.170329398185,25360.117532986416,25470.43785257633,25946.646813909105,26357.724896369604,22500.95560263181,27804.29321852254,27428.273697907414,26940.875295856997,27112.38505616456,25978.607772678857,27211.234656677167,27810.123298420018,26837.986654114145,27253.404576779685,27415.574496882207,28015.463138625062,28192.842020060354,27323.783458214977,27566.74441698473,27507.972898932625,27471.404576779685,27713.482659240188,28014.443618009936,27255.064736574644,26822.267932473813,28038.59401749733,28675.312739137662,27028.724896369604,26610.646813909105,26613.855775241875,27525.482659240188,26187.254177292292,29064.94538856959,30043.427638514113,28757.974215737617,26649.428955319105,22330.222218300645,22486.74795810403,24603.4941901074,23758.99241954775,24672.123298420018,22780.66056909062,25546.59401749733,23790.529690218355,24477.248411858687,24599.889051038517,24810.209370628436,23898.980888680537,25713.306973704064,24531.18985001331,25433.75817216625,25683.248411858687,27269.894816472122,26261.666334524227,27399.404576779685,27632.76393759985,26511.49641442171,28266.33225975279,26430.83625462675,26776.49641442171,27937.443618009936,28469.011940162876,26432.75817216625,27952.63305872758,28683.900581905727,28600.672099957832,28198.181860265395,27523.574496882207,26571.365535549437,27279.724896369604,28447.82249944523,27690.234656677167,26753.49641442171,26761.457373191457,27099.156574216664,27148.365535549437,26571.875295856997,27091.312739137666,27061.011940162873,27269.900581905727,28880.04875707882,28665.503496660305,26957.05007388381,21787.42541419981,22831.23819779647,24900.55275195278,23877.35178036792,22521.777692781376,24067.103777804892,22002.301208270455,23982.92809226877,23564.680089705747,23490.320728885577,24318.719130936,24265.510169603225,25138.92809226877,24926.209370628436,26023.666334524227,25294.09801237129,21245.857999556185,25561.43785257633,26711.554976267085,26603.83625462675,26342.156574216664,27032.515935036834,25757.058971141043,26569.986654114145,26774.21513606204,27209.53545565196,28356.63305872758,28519.99241954775,28132.9533783175,28697.181860265395,27237.763937599855,29565.259942725897,28214.63305872758,27353.064736574644,26858.32649431919,27687.404576779685,24478.490648988103,28101.76393759985,26982.00617472927,26635.49641442171,27256.55497626708,26397.55497626708,27685.351780367913,28833.964909184713,27891.101553490593,27795.556293072073,26855.44847593423,22596.353097172912,22344.578038001513,24776.173870517487,23344.9533783175,23306.156574216664,22104.18985001331,22776.66056909062,24037.96713349902,23036.810968578022,25283.21513606204,24249.05897114104,22699.54344539987,24601.058971141043,26559.574496882207,24940.797213396498,24753.340249500703,25032.889051038517,25410.398811346084,25168.908571653647,27162.894816472122,26647.195615446915,26665.326494319186,26232.96713349902,26881.685855139352,27848.123298420018,27282.705375754478,27623.064736574644,29141.900581905727,28090.123298420018,28945.73066180321,28361.521700470435,28779.861540675476,27114.254177292292,27372.894816472122,28345.443618009936,28216.76393759985,26619.705375754478,26747.986654114145,27353.195615446915,27357.894816472122,26240.947612883894,27605.9533783175,28166.09002262338,28040.527465904044,29846.937398821676,27360.32781112418,26819.507037779607,21099.987970919137,22454.33003543849,23419.129063853627,21487.75817216625,20727.961368065415,22628.039450525917,23985.49641442171,23217.07849175617,22338.883285604912,23664.340249500703,24436.62729329398,23176.562966014993,24839.43785257633,23338.262167040204,25289.117532986416,24314.83048919314,25597.928092268772,23842.771927347767,25336.607772678854,25730.738651551124,25726.738651551124,28647.711141188083,27898.59401749733,26126.49641442171,26822.49641442171,26735.986654114145,27996.613538112455,27335.894816472122,23629.014164477183,28396.652579342706,28005.463138625062,28184.613538112455,28683.8810612906,27922.933857702374,28458.142819035143,27246.515935036834,27686.724896369604,26845.666334524227,27453.38505616456,27043.326494319186,25676.398811346084,27256.045215959522,26127.17609483179,26879.312739137666,28158.527465904044,27742.421873080508,26001.491965793095,24779.821591935917,21400.935174507373,23757.923643640155,23833.828264878837,22873.123298420018,20956.94184745029,22649.699610320873,22258.471128372974,22311.94184745029,23325.850009808266,22014.674324272142,22597.883285604912,22530.03368509231,23374.771927347767,23533.4906489881,24209.83048919314,25280.117532986416,25391.777692781376,24737.35977011583,25213.39881134608,26159.306973704064,25296.039450525914,25923.41833196121,25599.92809226877,24349.24264642508,26114.41833196121,27246.195615446915,28002.783458214977,26733.666334524227,26419.32649431919,27165.17609483179,28043.42409739481,27826.38505616456,28172.273697907414,28625.181860265395,27974.574496882207,28392.142819035143,28016.443618009936,28536.82249944523,26571.306973704064,25847.398811346084,26261.117532986416,26416.986654114145,27761.123298420018,26115.875295856997,26937.279463341023,27733.912112772945,27607.896133277118,25292.17518732248,21069.138370406537,22795.27723902672,22137.842020060358,21513.07849175617,21994.41833196121,22427.947612883894,20803.99464386206,22891.131288167933,21479.975123246935,22287.03368509231,22556.73288611752,22839.262167040204,23246.75240673264,23772.641048475496,23055.393045912475,24397.01992991079,23920.111767552808,24690.68008970575,24611.680089705747,24999.54921083348,24928.000409295666,23015.99464386206,26312.947612883894,25772.777692781376,27041.705375754478,27565.42409739481,26936.326494319186,22943.27592222173,27772.914337087248,27866.894816472122,27609.234656677167,27021.53545565196,26985.00617472927,27569.724896369604,28247.29321852254,27714.613538112455,27031.62729329398,26168.62729329398,25610.22889124356,26072.777692781376,26390.156574216664,26482.705375754478,25587.025695344397,27841.50794528892,27767.68939625865,27578.046532764514,22788.542537890557,21383.745733789725,21527.650355028407,20958.21513606204,19620.863764989786,20609.922326835163,20148.654803657017,19844.91656140156,21095.654803657017,21472.975123246935,21860.014164477183,22175.523924784746,22574.883285604912,22499.523924784746,23558.01992991079,22849.883285604912,23414.58248663012,23835.471128372974,24907.738651551124,24418.4906489881,23214.393045912475,25400.09801237129,25662.43785257633,25892.117532986416,25665.28745308894,25181.320728885577,26254.476893806583,25837.267932473813,25814.928092268772,27550.914337087248,28066.783458214977,28269.63305872758,26205.43785257633,27559.76393759985,27022.685855139352,27286.705375754478,29004.41034221329,26501.00617472927,22993.145043349454,27156.195615446915,25840.09801237129,26238.7972133965,26725.55497626708,26050.234656677167,27265.861540675483,27486.488424673793,26629.042991645216,26603.38060753595,23470.771019838456,19898.83180599814,20184.265708159506,23597.37706641665,19205.014164477183,19883.03368509231,19238.70760006879,20240.08648150408,19773.668558838537,20112.70760006879,22302.393045912475,21462.37352529735,23729.340249500703,23160.641048475496,22627.883285604912,25647.273697907414,22492.50440416962,23439.75240673264,23558.94184745029,22796.562966014993,23366.58248663012,24393.62152786037,24595.359770115832,24908.01992991079,24219.791447962893,26139.156574216664,25406.359770115832,26120.267932473813,26265.96713349902,26684.306973704064,26877.816734011623,26272.156574216664,27160.685855139352,26589.986654114145,26490.457373191457,26027.43785257633,26511.816734011627,27283.04521595952,26475.137053601542,26475.43785257633,24787.680089705747,27301.025695344397,25081.88905103852,25645.326494319186,25747.045215959522,25325.312739137666,26645.79498908219,25770.720447740994,23868.698702811558,20218.83180599814,19830.828264878837,21118.724896369604,18700.014164477187,18598.615762426765,18477.66855883854,19510.066960888955,20383.805203144413,21324.3344840671,21278.184084579705,21609.693844887268,21280.785682529287,22213.84424437466,22069.16456396458,21856.99464386206,21296.406801093995,23561.75240673264,24328.699610320873,23543.94184745029,25703.17609483179,24240.15080878306,24745.85000980827,25112.607772678854,25081.35977011583,25106.35977011583,24966.66056909062,26156.607772678854,26668.55497626708,26864.685855139352,25770.889051038517,25808.058971141043,27971.443618009936,26782.195615446915,27073.346014934312,26702.306973704064,26993.476893806583,27234.346014934312,25780.58825206373,26259.28745308894,24065.393045912475,25609.588252063728,25878.476893806583,24824.248411858687,25420.574496882207,23790.00617472927,27411.46091431076,26836.007491534263,24165.509262093914,19574.64236528049,20044.134829287235,20358.254177292292,18554.484883554498,18207.688079453663,18816.557200581396,18384.910795967953,19313.197839761226,19868.047440273833,21780.863764989786,22211.732886117516,20949.936082016684,20668.87752017131,22072.902806220038,22890.58248663012,22974.713365502394,22341.014164477183,22799.75240673264,23332.092246937682,22235.674324272142,23684.301208270455,24012.490648988103,22741.975123246935,25730.96713349902,24010.281687655326,26313.025695344397,25776.267932473813,27045.53545565196,27474.42409739481,26415.646813909105,26911.49641442171,27113.34601493431,26657.49641442171,27486.685855139352,26469.09801237129,25160.529690218355,26705.326494319186,25979.07849175617,25447.699610320873,27809.54122108556,25910.248411858687,25486.28745308894,25848.025695344397,25365.365535549437,26405.42986282842,27419.66987564353,26855.366852354433,24432.26125953089,19462.322045690576,18279.332259752795,19778.7972133965,17883.106002119206,17943.53767996627,19791.184084579705,19280.615762426765,19364.518159351144,19851.406801093995,22541.88905103852,20698.674324272142,22172.05320570743,21341.975123246935,20763.406801093995,20988.445842324247,21962.523924784746,22951.602007245245,23175.961368065415,22834.092246937682,23608.961368065415,22938.28168765533,24583.88905103852,23929.680089705747,25085.248411858687,25761.306973704064,26473.365535549437,26285.156574216664,26447.21513606204,27453.142819035143,25981.607772678854,26811.195615446915,26229.457373191457,26339.96713349902,26778.49641442171,27333.574496882207,25586.568731448606,27222.195615446915,25506.58825206373,25349.209370628436,25436.738651551124,26759.38505616456,24807.43785257633,25306.404576779685,26688.29898395615,28061.466679744364,26840.556293072077,24799.65966158131,16926.199156566217,18352.12906385363,18622.379290730958,18163.354004682227,17777.87752017131,17961.988878428456,19120.047440273833,18323.96935781333,19897.066960888955,19098.988878428456,20348.766161914165,20781.61576242677,22284.529690218355,21976.562966014993,21228.84424437466,21617.184084579705,22673.98088868054,21489.674324272142,22781.451607757852,22181.75240673264,22657.922326835163,22990.810968578022,23296.529690218355,23598.68008970575,24270.568731448606,24806.607772678857,24538.43785257633,26183.933857702374,25639.045215959522,26141.55497626708,26425.74441698473,25301.267932473813,27532.9533783175,25490.28745308894,25238.58825206373,26528.724896369604,26156.724896369604,26471.234656677167,24944.908571653647,26121.666334524227,25841.17609483179,25870.38505616456,23794.058971141043,25724.52170047044,25531.939623135982,24515.056746826733,25637.027012149385,23482.54253789056,17180.27723902672,17851.658344776315,17656.320728885585,16656.576721196518,17319.70760006879,17692.21736037635,17984.367759863748,18211.158798530974,19141.596241811643,18439.3287186335,19504.08648150408,19125.70760006879,19290.236880991477,20510.84424437466,21403.37352529735,21229.902806220038,21938.810968578022,22020.28168765533,23936.63305872758,22234.641048475496,22325.51016960323,23039.88905103852,22793.83048919314,24187.476893806583,23905.398811346084,24384.7972133965,24918.875295856997,24659.85577524187,25343.42409739481,24324.7972133965,25278.195615446915,25056.855775241875,25277.724896369604,25806.234656677167,25292.515935036834,25582.74441698473,26857.24042211077,26428.842020060354,25331.74441698473,24857.234656677167,24330.875295857,24707.404576779685,24578.162339650273,25969.775468467065,23705.04299164522,23622.021246715787,19636.915653892247,15391.925867954466,15511.28745308894,15655.223125809958,15499.857999556185,14960.100236685603,15064.813192892329,16082.576721196521,19143.51016960323,17213.688079453663,18967.150808783063,19322.844244374664,19890.51016960323,19025.562966014997,19732.641048475496,20786.195615446915,19524.393045912475,20760.92809226877,20064.54344539987,21829.53545565196,20270.000409295666,22256.802978830106,20577.039450525917,23203.566507134296,21329.908571653647,23811.63305872758,23166.875295857,22446.7972133965,21824.209370628436,23432.488424673793,22743.685855139352,23714.273697907414,22741.28745308894,23692.783458214977,22988.96713349902,23238.705375754478,22261.267932473813,23456.594017497333,22941.594017497333,22115.306973704064,22752.04521595952,21864.32649431919,23667.201380880524,21981.74441698473,21888.187625699004,23385.533231337653,20305.566507134296,18388.023471030094,16529.83180599814,22050.18095275608,23129.475986297264,26340.72975429389,26403.60686516953,26707.155666707346,22306.99019523345,23564.851326613265,31690.108635729186,29434.169421888866,28973.35886260652,27235.458689996452,28083.5034966603,33132.35663829221,29041.48397604518,28548.02701214939,29704.183177070387,30357.052298198116,30552.90189871072,29359.405893584677,31836.169421888866,34624.72975429389,34806.108635729186,33428.02478783507,33965.214228552715,34972.31183162834,30921.653896147698,30582.48397604518,34594.2727903981,32921.99950178634,37482.90543983002,32560.751499223323,35723.65167183339,35286.06382906532,33485.05806363172,38572.114401162784,32709.431179633408,36633.55760987706,26876.700927125865,33237.82958168382,40608.49904803168,39949.23152485354,37311.526558394726,25849.355321487223,24539.257718411594,26668.24972866368,23658.681406510743,20123.13260497293,33956.70932616945
13,28262.324894673147,17517.453306169147,23264.94899618238,26351.644338733022,28602.383802440643,29110.251438969703,26623.190555214744,28827.84177660841,29867.93840022136,31694.54130980855,29559.022451885823,27610.331299984675,28316.83339530942,28593.969949429847,32200.175768604233,31238.259820268693,33853.461448793576,29628.74934364496,31472.766106242936,29090.247248320207,35706.2009125012,34980.55807240652,35124.007665275305,30076.247248320207,36205.34165727113,39216.860515193854,37515.61895616149,38194.49078334004,38492.44247153357,35435.55807240652,38311.446662183065,38456.90463635083,38080.028618522774,35376.108479537754,38000.623146810976,34584.100098238756,42537.34782390809,36499.3899690776,42231.37937311658,43060.97390140478,40304.41511297457,39855.69241186493,37547.045381120755,32172.879492453867,25474.11069419978,32535.711389124943,12818.379850465704,6019.48090340271,12416.587884302118,16683.199175188296,18337.207556487287,19907.942829545413,20728.127695472314,19285.991141351886,18847.119314173327,20291.308370749728,22187.638172096053,22571.86715917994,23720.373445154182,20761.629790797066,23206.00371330037,24690.104527562813,23378.923852285403,25547.74736765749,23230.730605059507,22745.50161797562,23191.413375661665,24786.28520284022,25689.835609971444,25037.329323997197,23888.091955614327,24311.959592143387,23122.86296853044,25864.42594761015,24008.91547098641,24352.01209459936,24108.549929782093,23539.136076771305,24306.50161797562,25730.566692380078,23915.184388577778,24751.236891033746,23800.184388577778,23379.63398144656,22233.71803311102,25586.196960526264,22393.673911954043,22498.449115519652,22037.85877788095,22148.360873205696,21193.814656723967,18558.942829545413,13677.54795379463,23092.890088414882,14634.894517738938,16378.304180100231,20112.3566825562,21121.85877788095,21202.21174713678,22049.127695472318,23241.99533200138,22087.07938366584,23800.85877788095,24635.818847373463,24056.49323667663,25465.867159179936,24396.087764964832,24860.818847373463,26322.144458070296,27920.835609971444,30001.257844281226,29296.623385485538,26476.69067455202,25239.589860289576,27547.016285248857,26482.369254504687,27706.791488814466,28063.783107515475,26549.1402674208,26663.505808625116,27136.60243223806,27454.23270038425,28618.381826453173,27068.59824158857,27131.32513334771,27495.236891033746,28315.602432238065,27434.55412043159,27361.827228672453,28651.016285248854,27023.461687468138,26414.730605059507,28281.928042934895,27438.37344515418,27555.919661635904,25466.091955614327,25992.69067455202,27667.297774788705,26189.667506642523,20189.333514646696,17311.83141932195,18958.028857197343,23006.306156087703,24943.016285248854,24329.091955614327,23506.947020194908,23551.67391195404,22836.70965181203,23300.70965181203,24532.264249592747,26309.774726216485,25784.99533200138,26563.818847373463,26357.091955614327,25276.858777880945,29136.104527562813,25861.13188612181,27952.41756631116,26263.453306169147,27627.867159179936,27828.642362745548,26884.091955614327,29120.377635803678,27931.413375661665,22184.062621067864,28143.505808625116,27007.545739132598,28026.91547098641,27863.320942698214,27937.457496818643,28837.41756631116,28711.144458070296,29188.373445154182,30034.96797344238,30277.28939348972,29251.505808625116,29461.104527562813,28920.505808625116,29669.329323997204,28467.096146263822,29872.285202840223,30100.333514646696,28811.77891686598,28692.783107515475,28717.28520284022,29501.610813537052,29315.39858905115,27374.11069419978,22010.331299984675,21299.23886702122,22802.25784428123,25323.83141932195,24295.63398144656,24119.264249592747,22350.661340005558,25655.268440242242,24427.083574315337,24556.621409498075,27977.320942698214,25264.215937786274,27418.043643807854,27751.136076771305,27580.136076771305,27901.091955614327,28699.096146263822,26695.766344917494,27351.63398144656,27447.818847373463,25321.44073422066,26360.444924870157,26563.854587231453,29975.465878117633,29162.096146263822,30826.14864871979,33067.262034930725,31013.923852285403,29607.23270038425,29117.1402674208,29178.818847373463,30358.50999927461,31713.9238522854,29533.007903949863,31782.060406405835,30287.919661635904,30369.734795709002,30376.55412043159,29908.369254504687,31106.558311081084,30014.77891686598,30289.41756631116,29842.05621575634,28616.95959214339,29671.558311081084,31831.02885719734,31826.724199747983,30003.705222487974,26253.184149903223,24187.440495546107,24339.44271020813,24880.14864871979,23532.585669640088,23247.215937786274,25342.995332001377,25314.40080371318,26199.04364380785,24549.119314173324,25963.71803311102,26629.673911954043,26007.489046027138,26940.449115519652,25509.39242241419,27222.03945315836,28952.276821541232,27131.810466074472,27466.902899037927,27480.947020194908,27834.13188612181,27949.49742732613,27378.03945315836,27010.264249592747,28505.72641441001,30048.144458070296,28982.999522650876,27724.03945315836,30809.100336913318,29868.594050939075,30347.642362745548,31022.144458070296,30623.87134982943,29829.1402674208,30260.505808625116,30790.096146263822,33043.791488814466,29353.40918501217,31230.144458070296,30903.55412043159,30748.007903949867,29839.27682154123,27933.682293253034,30788.016285248854,30195.514189924106,31090.522571223097,30574.08135965331,29405.01826123632,28792.56645370552,24956.131647447255,24472.812442061942,25603.47006876713,23547.537357833608,23924.07938366584,25388.858777880945,24362.85039658196,24697.806275424977,24901.52897653462,25213.44073422066,26632.67391195404,24522.15924468081,26180.89870838843,27518.49323667663,27478.49323667663,25447.52897653462,27889.814656723967,27468.991141351886,28865.40918501217,27786.49742732613,27151.533167184116,26759.396613063684,27523.22012843577,28487.9512108444,27183.854587231453,29153.818847373463,29601.184388577778,29598.638172096053,27797.629790797066,31679.646553395043,28685.814656723967,28450.13188612181,30988.783107515475,29961.1402674208,31344.646553395043,29490.682293253034,30819.59824158857,30956.461687468138,29226.31675204872,31986.9238522854,30951.196960526264,29536.05621575634,31230.47845006612,31563.76832090496,29430.70103183848,29339.381587778607,25110.268201567684,25402.041429145826,24920.42175696065,22703.71803311102,24673.220128435765,24111.533167184112,25008.127695472314,25348.669721304545,24468.1634353303,25734.762154268,26520.58147899059,25703.30418010023,25285.119314173324,26595.035262508864,25388.167625979797,26039.167625979797,28219.63398144656,25725.39242241419,26284.44073422066,26729.215937786274,28611.043643807854,27150.3566825562,26044.03107185937,26839.035262508864,27299.220128435765,31004.74736765749,28184.589860289583,29050.360873205696,27119.71803311102,28276.99533200138,27039.898708388435,27988.312561399223,29132.999522650876,28675.360873205696,30589.100336913318,29560.184388577778,29749.184388577778,30002.1402674208,30198.232700384255,31117.144458070296,30461.87134982943,31258.74736765749,30280.100336913318,29864.465878117633,30769.883921777917,30253.619194836043,31121.21569911171,30178.98030671631,25226.633742772,26290.688459889992,25996.020475898353,24592.9512108444,23491.713842461526,21455.92606694743,23808.436543571166,25128.12350482282,25126.167625979797,25386.757963618504,26535.625600147567,24681.1634353303,27340.99533200138,23958.476474078652,27169.673911954043,26328.762154268,27550.810466074472,27058.171816629296,27725.902899037927,27586.3566825562,26490.71803311102,26539.127695472314,27065.127695472314,26516.58147899059,28834.682293253034,27589.03945315836,27994.087764964832,28500.541548483106,32045.161220668277,28250.814656723967,29155.9554014939,29763.95959214339,27858.13188612181,29372.40918501217,28751.180197928283,29301.31675204872,30125.68648390253,30006.9554014939,31346.05621575634,30684.41756631116,29802.59824158857,28832.911280336917,29187.007903949867,30851.341895945687,31845.953186831866,30998.48461670308,30173.213484449683,24105.990902677328,24218.993117339356,26034.02047589835,25000.272630891734,24543.629790797066,23851.757963618507,23865.119314173324,24433.255868293756,26202.991141351886,25563.577288341094,25745.03107185937,27662.49742732613,24845.75377296901,25842.577288341094,25333.846205932463,27181.22012843577,25578.894517738936,28460.907089687422,25797.26005894325,26414.444924870157,25639.21174713678,25390.757963618504,27546.858777880945,27260.766344917494,28328.814656723967,27430.268440242242,27074.083574315337,28989.36506385519,28142.31675204872,28609.907089687422,27688.268440242242,25743.806275424977,27872.722223760516,31078.05621575634,27594.312561399223,27422.264249592747,28102.404994362674,31241.738986358498,30628.77891686598,30296.096146263822,29310.72641441001,28858.545739132598,28639.911280336917,29879.919661635904,30680.976354741368,31937.045619795317,30755.255629619198,30250.490783340043,25563.36482518063,24720.177983266258,25357.69905585101,24430.360873205696,23924.806275424977,23323.388231764693,24274.894517738936,25387.035262508864,26170.673911954043,24735.21174713678,26689.3566825562,25756.577288341094,25550.30418010023,26510.49323667663,25716.484855377643,26212.215937786274,26324.30418010023,26691.89870838843,25607.70965181203,27415.17600727879,26601.806275424977,28312.224319085264,26047.44073422066,32293.522571223097,28242.541548483106,27309.3566825562,26953.220128435765,27211.722223760516,27801.224319085264,27200.49323667663,28098.404994362674,27178.67810260354,26326.62560014757,27162.308370749728,28492.224319085264,28642.180197928283,29254.9554014939,29490.04783445735,28952.862968530444,30015.549929782093,28741.272630891737,27929.180197928283,29945.01209459936,31143.024666547844,32709.19055521474,30893.074954341788,30736.03280917228,23958.440495546107,24609.451091507122,25474.87973112842,24142.814656723967,23719.489046027138,25220.902899037923,23587.75377296901,25448.171816629296,25947.58147899059,23881.388231764693,26869.083574315337,26325.625600147567,25086.70965181203,25617.577288341094,27485.176007278787,26862.308370749728,27717.17600727879,28002.766344917494,26320.39661306368,27352.902899037927,25842.167625979797,27652.03945315836,26648.308370749728,26048.26005894325,29301.23270038425,26097.713842461526,27428.99533200138,27149.268440242246,27270.814656723967,27143.947020194908,28062.49742732613,27347.991141351886,27185.673911954043,28180.087764964832,28905.72641441001,28036.268440242246,30364.096146263822,30276.68648390253,29138.72641441001,28172.087764964832,28819.453306169147,28655.40918501217,29206.369254504687,30589.747367657485,30999.85656321892,30692.38799309013,30889.085311628245,24837.316513374157,24605.085550302807,25527.196960526264,24301.67810260354,23621.806275424977,23408.026881209873,23877.255868293756,25337.215937786277,27151.814656723967,23977.524785885125,25941.489046027134,26570.308370749728,26503.762154268,25993.03107185937,27620.083574315337,27521.31256139922,27294.766344917494,24141.066811717355,26394.396613063684,27875.404994362674,27669.49323667663,27752.947020194908,26787.356682556197,27128.585669640088,27396.585669640088,28237.722223760516,26990.083574315337,27229.629790797066,27153.585669640088,28175.180197928283,27880.497427326125,27387.585669640088,27097.083574315337,25862.938638895917,27393.629790797066,29319.774726216485,28477.31675204872,27797.673911954043,30175.1402674208,29119.40918501217,29658.867159179936,28280.814656723967,27475.497427326125,29833.377635803678,29752.514189924106,30282.715818448993,31742.308132075163,31742.812203387377,25145.179959253728,24803.451091507126,26141.74736765749,24486.453306169147,23863.12350482282,25025.220128435765,24605.894517738936,25847.537357833608,26729.995332001377,26272.94282954541,26373.489046027134,28263.642362745548,27868.043643807854,28740.50161797562,27160.22012843577,26690.89870838843,27204.67391195404,28158.99533200138,29144.40918501217,27059.625600147567,27330.537357833608,28882.72641441001,28678.999522650876,27335.40080371318,26726.94282954541,27531.722223760516,27182.673911954043,26396.854587231453,30354.196960526264,28315.272630891737,27012.12350482282,28237.043643807854,28502.453306169147,29224.589860289583,29697.999522650876,29055.043643807854,29597.5457391326,29172.453306169147,29381.9554014939,28184.087764964832,29118.730605059507,28301.04783445735,30986.205341825254,31054.856563218924,30417.480426053586,29401.156791344223,23891.21569911171,24790.768320904965,21672.806275424977,25455.867159179936,24913.043643807854,23723.167625979797,24489.07938366584,25127.444924870157,26258.449115519652,25907.762154268,26286.71803311102,26062.986950702387,26630.991141351886,25469.21174713678,25922.44073422066,28020.90708968742,26860.854587231453,27835.85877788095,27836.99533200138,26969.308370749728,28427.40918501217,27427.220128435765,28515.814656723967,26694.58147899059,29446.55412043159,28227.99533200138,28007.902899037927,28226.360873205696,27653.629790797066,29680.413375661665,29270.915470986412,27553.268440242242,27818.087764964832,24990.75377296901,27695.17600727879,29518.50161797562,27615.49323667663,27308.71803311102,28309.766344917494,28695.72641441001,28924.320942698214,28352.272630891737,28789.738986358498,29655.377635803678,31392.266225580213,29790.56447771805,31105.03699982177,24400.581240316038,24551.173792616766,26160.024666547848,24089.043643807854,24757.541548483106,24230.260058943255,23321.299989450734,23696.568907042107,24103.12350482282,25271.894517738936,24866.21174713678,25699.94282954541,24428.617218848576,26416.215937786274,26025.396613063684,26852.264249592747,26751.71803311102,27370.810466074472,27700.449115519652,27968.541548483106,27597.176007278787,28607.180197928283,28106.224319085264,28847.682293253034,27983.268440242246,27905.176007278787,27667.31256139922,28028.67810260354,28715.999522650876,28838.184388577778,30581.646553395043,28067.087764964832,29689.730605059507,25795.621409498075,27711.766344917494,29379.228509734756,27874.493236676633,27669.991141351886,27253.07938366584,28712.9512108444,26765.484855377643,27702.449115519652,28336.774726216485,28400.369254504687,28908.875540478926,30900.76413025547,31063.757724943946,30272.9803067163,24609.171577954738,23875.579264328564,26452.843991270434,26216.558311081084,25015.04783445735,24501.176007278787,24536.489046027134,24390.03107185937,25125.669721304548,23828.661340005558,24575.665530655053,24846.075193016346,26204.854587231453,26627.308370749728,26976.083574315337,27356.360873205696,23325.062621067864,28775.22850973476,28612.40918501217,27873.67810260354,28155.087764964832,27044.444924870157,28336.77053556699,28979.091955614327,27961.3566825562,28340.90708968742,28539.043643807854,29345.36506385519,29440.276821541232,28520.818847373463,28703.180197928283,28920.774726216485,28867.907089687422,28955.184388577778,29212.5457391326,28535.63398144656,27834.171816629296,29385.862968530444,29892.04783445735,28417.360873205696,27900.083574315337,27788.85877788095,28752.184388577778,27335.58986028958,30290.610813537052,31449.993117339352,30416.753534294443,28623.425708935585,23652.806036750426,23767.85656321892,25840.659125343533,24645.594050939075,25491.091955614327,23625.665530655053,26597.86296853044,24757.167625979797,25216.352491906706,25381.26005894325,25565.713842461526,24883.119314173324,26847.810466074472,25408.894517738936,26442.762154268,26582.352491906706,28374.49742732613,27141.902899037927,28458.907089687422,28611.999522650876,27499.766344917494,29366.867159179936,27428.039453158355,27890.766344917494,29010.5457391326,29823.413375661665,27591.762154268,29494.50161797562,30108.734795709002,29718.1402674208,29605.549929782093,28794.043643807854,28035.268440242246,28595.360873205696,29737.457496818643,28979.77053556699,27951.766344917494,28047.127695472314,28239.49323667663,28432.268440242246,27576.67810260354,28277.04783445735,28422.413375661665,28692.734795709002,30543.21791377374,30188.890088414882,28898.064358380765,23339.343871933164,24294.446900857627,26056.1170995113,24792.686483902526,23464.581478990593,25113.272630891734,22863.573097691602,24882.89870838843,24455.484855377643,24401.39242241419,25020.12350482282,25282.34830125721,26022.89870838843,25942.713842461526,27066.902899037923,26315.035262508864,21972.965997454914,26699.308370749728,27934.224319085264,27737.03945315836,27375.49323667663,28152.585669640088,26853.396613063684,27602.3566825562,27791.951210844403,28081.404994362674,29386.50161797562,29803.594050939075,29425.9554014939,30016.549929782093,28441.999522650876,30738.827228672453,29504.50161797562,28557.63398144656,27985.629790797066,28916.90708968742,25575.52897653462,29312.999522650876,28177.176007278787,27734.766344917494,28426.224319085264,27612.224319085264,28939.68648390253,30148.566692380075,29190.165411317772,29438.38380244064,29021.74293833343,24156.440495546107,23748.310346737202,26058.34189594569,24276.9554014939,23989.49323667663,22828.89451773894,23460.665530655053,25004.537357833608,24050.982760052895,26088.9512108444,25088.396613063684,23575.749582319513,25558.396613063684,27429.043643807854,25905.40080371318,25544.21174713678,25900.26005894325,26403.669721304545,26343.07938366584,28279.497427326125,27736.13188612181,27675.629790797066,27301.537357833608,27995.722223760516,28849.091955614327,28205.541548483106,28786.63398144656,30325.734795709002,29060.091955614327,30301.59824158857,29608.823038022958,29887.096146263822,28596.589860289583,28692.497427326125,29557.5457391326,29273.999522650876,27724.541548483106,27873.3566825562,28394.13188612181,28367.49742732613,27499.71803311102,28843.9554014939,29417.690674552025,29385.060406405835,31276.266225580213,29051.4720447546,28944.024427873286,22556.701031838486,23769.03304784684,24454.329323997197,22218.762154268,21524.299989450737,23379.577288341094,24809.766344917494,24057.215937786274,23293.022690560378,24405.21174713678,25105.26424959275,23935.568907042107,25879.308370749728,24307.93444824642,26150.854587231453,25117.802084775485,26501.89870838843,24762.344110607715,26255.444924870157,26667.94282954541,26523.94282954541,29717.77891686598,28966.862968530444,27480.766344917494,27840.766344917494,27844.3566825562,28977.682293253034,28449.49742732613,24570.52059523563,29659.320942698214,29220.36506385519,29479.682293253034,29838.91547098641,29200.136076771305,29718.911280336917,28257.585669640088,28937.360873205696,28101.902899037927,28670.087764964832,28161.629790797066,26715.669721304548,28403.814656723967,27270.312561399223,28155.04783445735,29538.060406405835,29192.75574895648,27591.644338733015,26773.05597708178,22814.022451885823,25102.684269240504,24921.694865201516,23742.091955614327,21573.48066472815,23346.30418010023,22952.70965181203,22957.480664728148,24156.621409498075,22780.247486994765,23326.022690560378,23530.33991995822,24266.344110607715,24440.52897653462,25015.802084775485,26110.854587231453,26554.58147899059,25892.03107185937,26243.669721304545,27111.810466074472,26119.577288341094,26816.489046027134,26614.89870838843,25160.115123523832,27035.489046027134,28107.13188612181,29002.818847373463,27870.902899037927,27607.629790797066,28204.312561399223,29000.72641441001,28952.087764964832,29415.40918501217,29877.549929782093,29228.043643807854,29719.911280336917,29213.5457391326,29742.457496818643,27632.810466074472,27047.669721304548,27437.854587231453,27426.356682556197,28913.091955614327,27119.67810260354,28328.783107515475,29245.482640715614,29176.11069419977,27024.8227993484,22520.8817071159,23910.35865854367,23252.27682154123,22274.215937786277,22942.489046027138,23247.71803311102,21469.70127051304,23614.436543571166,22267.881945790454,23170.33991995822,23466.705461162535,23666.93444824642,24133.524785885125,24750.846205932463,23941.432352921674,25289.757963618504,24791.617218848576,25606.484855377643,25469.484855377643,25799.98695070239,25838.938638895917,24071.70127051304,27216.71803311102,27007.58147899059,28042.541548483106,28644.72641441001,27941.629790797066,23717.516404586135,28805.31675204872,28862.49742732613,28690.77053556699,28117.404994362674,28023.176007278787,28682.360873205696,29514.22850973476,28963.682293253034,28075.264249592747,27209.264249592747,26684.533167184112,27221.58147899059,27334.49323667663,27744.541548483106,26738.99533200138,29072.24108168324,29129.988926689854,29190.56447771805,24592.532928509554,22876.79765545143,22734.759939605978,21897.9512108444,20366.20336583779,21224.661340005558,20879.428162272176,20678.423971622684,21924.428162272176,22059.881945790454,22721.52059523563,22927.930257596923,23482.022690560378,23387.930257596923,24457.757963618504,23696.022690560378,24259.388231764693,24804.70965181203,25731.94282954541,25355.52897653462,24293.432352921674,26552.035262508864,26737.308370749728,26886.854587231453,26703.991141351886,26262.39242241419,27312.947020194908,26872.171816629296,26776.89870838843,28611.31675204872,29378.818847373463,29534.50161797562,27302.308370749728,28709.999522650876,28194.722223760516,28415.541548483106,30117.144458070296,27756.176007278787,23960.018499910882,28426.13188612181,26928.035262508864,27371.40080371318,27993.224319085264,27171.77053556699,28545.096146263822,28554.421756960655,27943.707437150006,28149.146434057762,25118.850157907404,21172.644338733022,21263.020475898353,24354.743177007993,19927.52059523563,20737.33991995822,19832.64876805707,20891.560525743116,20438.01011861189,20884.648768057075,22977.432352921674,22148.613028199085,24310.21174713678,24000.846205932463,23627.022690560378,26660.409185012166,23279.110932874333,24242.524785885125,24403.480664728144,23688.568907042107,24316.388231764693,25413.026881209873,25694.03107185937,25824.757963618504,25166.1634353303,27299.49323667663,26416.03107185937,27316.171816629296,27367.537357833608,27821.810466074472,27862.220128435765,27388.49323667663,28135.722223760516,27726.3566825562,27598.127695472314,27158.308370749728,27619.220128435765,28358.814656723967,27577.673911954043,27476.308370749728,25849.484855377643,28509.99533200138,26242.26005894325,26683.629790797062,26886.814656723967,26499.04783445735,28052.293584139214,27423.8733258169,25709.49299800207,21484.6926505395,20864.96797344238,21810.360873205696,19396.520595235634,19411.789512827,19189.010118611895,20271.741201020523,21146.74539167002,21927.974378753905,22064.657149356062,22321.066811717355,22276.92606694743,22979.384041115198,23046.837824633472,22714.70127051304,22117.014309261387,24475.524785885125,25257.30418010023,24517.480664728144,26521.31256139922,25285.255868293756,25786.621409498075,26370.444924870157,26032.03107185937,25956.03107185937,26038.665530655053,27183.444924870157,27655.224319085264,27873.722223760516,26363.26005894325,26939.396613063684,28827.5457391326,27918.13188612181,28058.449115519652,27814.810466074472,27797.947020194908,28040.449115519652,26899.625600147567,27216.991141351886,24754.432352921674,26603.625600147567,26889.947020194904,25860.352491906706,26567.043643807854,25111.176007278787,28707.257844281223,28371.154815356756,25986.81441804941,20938.961568130864,21078.56669238008,21126.58986028958,19101.291608151747,18834.829443334485,19574.33153865923,18922.18660323981,19714.23910569578,20688.921876297936,22444.20336583779,22925.705461162535,21731.243296345274,21530.785322177504,23194.842015282968,23722.388231764693,23663.886136439945,23258.52059523563,23694.524785885125,24013.797894125986,23044.247486994765,24712.5730976916,25291.52897653462,23664.881945790454,26861.537357833608,24817.75377296901,27695.99533200138,26788.171816629296,28080.404994362674,28623.72641441001,27310.083574315337,28118.766344917494,28280.449115519652,27850.766344917494,28356.722223760516,27595.035262508864,26287.167625979797,27694.629790797066,26925.215937786274,26704.30418010023,28935.64236274555,26856.352491906706,26579.991141351886,26719.99533200138,26502.268440242246,27678.963782792885,28704.169601967267,28508.83758595891,26296.039214483797,20768.507784612586,19282.1402674208,20476.40080371318,18479.379850465706,18647.512213936643,20414.657149356062,19973.789512827003,19863.692889214053,20615.014309261387,23373.260058943255,21276.24748699477,22973.15924468081,22093.881945790454,21527.014309261387,21836.652958706567,22888.930257596923,23837.207556487287,24090.299989450734,23743.797894125986,24414.299989450734,24010.75377296901,25306.26005894325,24735.484855377643,25897.352491906706,26766.810466074472,27445.268440242242,27275.49323667663,27610.9512108444,28818.911280336917,27000.444924870157,27831.13188612181,27166.127695472314,27648.537357833608,28046.766344917494,28270.043643807854,26794.806275424977,28253.13188612181,26347.625600147567,26212.713842461526,26544.94282954541,27574.087764964832,25718.308370749728,26542.90708968742,27709.465878117633,29423.4952126641,28487.520356561072,26357.76191559344,18281.03304784684,19160.329323997204,19207.85039658196,18931.793703476495,18403.785322177508,18370.46390213017,19644.921876297936,18885.644577407576,20184.741201020526,19800.46390213017,21118.106742224845,21495.789512827,23035.1676259798,22820.568907042107,22122.384041115198,22505.657149356062,23514.119314173324,22264.247486994765,23761.89032708944,23073.52478588513,23565.661340005558,24066.982760052895,24436.167625979797,24452.484855377643,25153.806275424977,25912.444924870157,25530.308370749728,27352.136076771305,26813.814656723967,27152.224319085264,27591.180197928283,26287.171816629296,28670.9554014939,26601.991141351886,26296.625600147567,27653.360873205696,27128.360873205696,27508.77053556699,26094.07938366584,27107.902899037927,26738.312561399223,26822.087764964832,24930.396613063684,26984.823038022958,26711.50999927461,25753.42594761015,27302.701031838482,25172.629552122504,18364.35865854367,18831.558311081084,18436.39242241419,17270.150863381823,17968.64876805707,18357.05843041837,18756.37565981621,18794.6004562506,19874.97018810441,18931.73701037103,20231.560525743113,19824.648768057075,19968.87775514096,21376.384041115198,22242.613028199085,22133.842015282968,22884.982760052895,22890.753772969012,25056.50161797562,23138.846205932467,23310.34830125721,23901.26005894325,23708.802084775485,25376.947020194904,25022.669721304545,25408.40080371318,25941.67810260354,25737.995332001377,26539.726414410008,25338.40080371318,26281.13188612181,26221.858777880945,26318.360873205696,27000.77053556699,26375.585669640088,26734.180197928283,28021.007903949867,27482.27682154123,26357.180197928283,26062.77053556699,25447.67810260354,25697.90708968742,25678.867159179936,27261.33770529619,25090.84399127044,25116.41954229863,21339.934209571864,16350.06459705533,16244.991141351888,16128.295798801242,16168.965997454914,15519.14248208283,15641.089979626864,16608.150863381823,19648.34830125721,17929.829443334485,19542.25586829376,19968.384041115198,20638.34830125721,19830.568907042107,20654.846205932467,21664.13188612181,20199.432352921674,21650.89870838843,21045.749582319517,22760.404994362674,21070.938638895917,23196.638172096053,21317.577288341097,24215.699055851015,22242.07938366584,24654.50161797562,24276.67810260354,23586.40080371318,22726.713842461526,24700.42175696065,23770.722223760516,24668.40918501217,23623.991141351886,24649.818847373463,23782.53735783361,24364.541548483106,23243.171816629296,24599.86296853044,24031.862968530444,23175.810466074472,23527.814656723967,23093.629790797066,24781.369254504687,22968.180197928283,23096.78729816497,24590.570883029573,21725.791488814466,19494.98054539087,17844.415351649135,23193.46563944307,24283.862729855886,27507.513951249548,27414.360634531135,27648.408946337608,23058.486831365113,24464.644338733022,32711.42570893559,30561.990902677324,29975.946781520346,28144.15062470726,28991.026642535315,34347.83956194638,30161.207317812725,29681.018261236324,30908.57285901704,31443.074954341788,31712.757724943946,30641.93001892236,32807.990902677324,35666.513951249544,35971.42570893558,34475.91104166235,35154.866920505374,36209.96354411833,32070.343871933153,31728.20731781272,35955.32489467315,34250.85434855689,38667.88787375285,33706.44049554611,36818.23665235919,36336.54969110753,34863.31232272466,39596.66307731846,33802.98671202783,38097.270177555154,28157.32710933518,34249.71779443646,41802.81220338737,40984.579025654,38557.97611606681,26984.816632711438,25560.72000909849,27658.375421141656,24726.507784612586,21089.459472806113,35801.47378206749
14,27855.04271348406,17048.18506638234,23291.657613152995,26393.27590398965,28560.45295488466,29080.77667470958,26544.09946967059,28815.159000448883,29613.33574305592,31616.30690253069,29417.923651927475,27717.834972335986,28538.099777958563,28645.305669378795,32171.24798832835,31351.8358971999,33767.24860490429,29757.511869087004,31657.63031406764,29129.24706346442,35835.42565579931,35079.42534751133,35098.072170585234,30191.247063464427,36447.1611584647,39172.544409067916,37416.10255255033,38225.95588362041,38432.867512316894,35541.42534751133,38414.397123562056,38503.103169126276,37845.720226811034,35665.778524437424,37949.63216379548,34700.71930194711,42511.95773334826,36390.24952976822,42203.927659671135,42912.8395966556,40213.42719723917,39775.368591324805,37476.83867179167,32255.925501655314,25140.04117204419,32399.749683912203,12632.919027607863,5919.62106542842,12367.123994164174,16375.154376129267,18238.213598619586,19610.86103826944,20493.155300993192,19201.949409572957,18793.096078502873,20240.919952471784,22046.47932910609,22527.3323518882,23598.12676875594,20786.42010661577,23147.538243308434,24606.244597160636,23326.47994568204,25425.244905448606,23199.126460467967,22734.273437685857,23295.155917569136,24592.009248639224,25770.362425565327,25128.568008697584,23822.65576342515,24290.979483250077,23049.802740643045,25612.74475130462,24002.420723191717,24208.597465798757,24027.36180898937,23560.21452348351,24216.273437685857,25599.480253970018,23943.30289478703,24876.920877335706,23829.30289478703,23151.94971786093,22240.53762673249,25297.89172852251,22335.97886667413,22236.65545513718,21896.273129397883,22054.537935020464,21039.714369339526,18358.86103826944,13452.094845350972,23182.247371752397,14578.77266696592,16375.390341226623,19998.008323775302,21109.27312939788,21086.743209864748,21995.155300993196,23215.479020818122,22053.066929689674,23631.273129397883,24327.243980584684,23812.21421519554,25229.332351888203,24149.126152179997,24686.243980584684,26125.27374597383,27809.362425565327,29727.568933561506,29263.62784776385,26471.09731165477,25177.390957802574,27653.12707704392,26563.597157510783,27630.803665506966,27780.744443016643,26578.74413472867,26528.597157510783,27042.979791538055,27246.391266090548,28827.185991246264,27038.450180292893,27010.038397452423,27311.92087733571,28196.979791538055,27300.891420234533,27348.303203075004,28398.12707704392,26957.24428887266,26210.126460467967,27977.0095569272,27315.12676875594,27437.95033443688,25489.65576342515,25867.09731165477,27687.59808237471,26145.774824981738,20182.09761994274,17614.83281432016,19029.715910779392,22873.069087705495,24762.127077043915,24277.65576342515,23193.3906495146,23203.97886667413,22537.478404242167,23157.478404242167,24431.361192413427,26094.685220526324,25574.479020818122,26252.243980584684,26329.65576342515,25246.273129397887,28937.244597160636,25711.684912238354,27846.685528814298,26246.18506638234,27547.332351888203,27786.00894035125,26709.65576342515,29081.656380001103,27850.155917569144,21955.94848470904,27965.80304893102,26868.832197744214,27894.420723191717,27861.50878620726,27989.714677627497,28690.685528814298,28756.27374597383,29277.12676875594,30014.0387057404,29973.538859884386,29077.80304893102,29445.244597160636,28606.80304893102,29192.568008697584,28441.185374670313,29802.009248639224,30036.097619942746,28631.214831771485,28601.744443016643,28556.009248639224,29491.03901402837,29349.3044362269,27655.452954884662,22588.452646596685,21780.217298075277,23146.392499242444,25039.832814320165,24232.949717860934,23954.361192413427,22167.39003293865,25487.89080365859,24254.596540934836,24143.360884125454,27630.50878620726,25029.27282110991,26919.567392121637,27549.21452348351,27462.21452348351,27878.65576342515,28745.185374670313,26542.625998036005,27048.94971786093,27624.24398058468,25188.596232646858,26280.12584389202,26536.949409572957,29765.77390011782,29196.185374670313,30661.80335721899,33024.098544806664,31050.47994568204,29468.391266090548,29090.74413472867,28977.243980584684,30409.332660176176,31451.47994568204,29553.067854553596,31585.685837102275,30381.95033443688,30207.65607171313,30142.891420234533,29694.59715751078,30912.421031479695,29783.214831771485,30089.685528814298,29763.156225857114,28601.979483250077,29511.421031479695,31962.921802199635,31997.334201616053,30515.982566129824,27182.718993659135,24652.2182229392,24412.480870545958,25114.80335721899,23470.861346557416,23288.27282110991,25162.479020818122,25008.56708383366,25972.567392121637,24286.096078502873,26029.53762673249,26402.97886667413,25792.68460395038,26856.65545513718,25377.507861343343,26855.037780876475,28715.950026148905,26909.184758094365,27249.83188945624,27309.3906495146,27877.684912238354,27805.743826440696,27376.037780876475,26879.361192413427,28448.596849222806,29998.27374597383,28858.008632063276,27580.037780876475,30650.714985915474,29699.920569047732,30182.00894035125,30899.27374597383,30401.861963133364,29845.74413472867,30207.80304893102,30500.185374670313,32791.803665506966,29170.626306323982,30874.27374597383,30643.891420234533,30654.067854553596,29507.9500261489,27974.03808916445,30731.127077043915,30209.862271421338,31148.921493911657,31038.333893328076,29992.011714943023,29716.925809943292,25607.57170815327,24857.863504573237,25448.30351136298,23528.772975253894,23634.066929689674,24966.273129397887,23955.213906907564,24539.655146849203,24695.713752763575,24816.596232646858,26480.97886667413,24244.12522731607,26014.302278211082,27262.214215195534,27328.214215195534,25292.713752763575,27710.714369339526,27367.949409572957,28684.626306323982,27610.7438264407,26996.243364008737,26413.037472588505,27378.802432355067,28379.92026075976,27102.743518152725,28978.24398058468,29619.302894787026,29623.47932910609,27717.420106615777,31650.538551596415,28510.714369339526,28420.684912238354,30930.744443016643,29788.950026148905,31212.538551596415,29386.03808916445,30677.450180292893,30616.24428887266,29110.979174962104,31897.47994568204,30988.89172852251,29510.156225857114,31292.362733853304,31753.098853094645,29977.04117204419,30366.484570001652,25944.571708153275,25816.716527355344,24810.21514005946,22607.53762673249,24463.80243235507,23964.243364008737,24786.155300993192,25081.44925542897,24209.654838561233,25597.096386790847,26233.331735312255,25470.390341226623,25258.096078502873,26471.508169631317,25390.18444980639,25723.18444980639,28024.94971786093,25582.507861343343,26164.596232646858,26582.27282110991,28534.567392121637,27213.008323775302,26000.978558386156,26674.508169631317,27383.802432355067,31072.24490544861,28257.390957802574,28906.537935020464,27149.53762673249,28388.47902081812,26936.302278211082,27953.449563716946,29027.008632063276,28501.537935020464,30596.714985915474,29567.302894787026,29743.302894787026,29945.74413472867,30094.391266090548,31106.27374597383,30354.861963133364,31224.24490544861,30216.714985915474,29930.77390011782,30786.450796868845,30237.098236518694,31764.89481140225,31101.337901071736,26008.189382413977,26579.040555468244,25860.656688289077,24310.92026075976,23455.00801548733,21194.742593288804,23405.066621401696,24924.62568974803,24952.18444980639,25125.56677554569,26123.890495370615,24593.65483856123,27219.47902081812,23693.0957702149,26942.97886667413,26306.09638679085,27268.184758094365,27002.714061051553,27351.83188945624,27595.008323775306,26386.53762673249,26406.155300993192,26997.155300993192,26357.331735312255,28956.03808916445,27422.037780876475,27904.12615217999,28391.302586499056,32121.392190954473,28045.714369339526,29071.449872004916,29820.979483250077,27750.684912238354,29179.626306323982,28651.773283541872,29224.979174962104,29827.567700409607,30004.449872004916,31320.156225857114,30608.685528814298,29497.450180292893,28872.891111946556,29237.067854553596,30853.156842433065,32158.187224398163,31643.982874417798,31145.83805521573,24501.394965546235,24442.628156051825,26186.656688289077,24645.420414903747,24236.420106615777,23660.56677554569,23766.096078502873,24033.301969923108,25861.949409572957,25290.802124067093,25463.978558386156,27427.7438264407,24646.037164300527,25800.802124067093,25010.684295662402,27037.802432355067,25509.77266696592,28426.3615007014,25734.83158116827,26200.12584389202,25448.743209864748,25220.56677554569,27438.273129397887,27354.625998036005,28218.714369339526,27466.89080365859,26986.596540934836,28810.06754626562,28131.979174962107,28501.3615007014,27621.89080365859,25926.655146849203,27819.067237977648,30962.156225857114,27622.449563716946,27378.361192413427,28049.09669507882,31081.18568295829,30531.214831771485,30267.185374670313,29017.59684922281,28559.832197744214,28750.89111194656,29870.95033443688,30677.09792823072,31993.040247180274,31369.512177374985,31281.603014982287,26460.57201644125,25008.510635935112,25341.15653414509,24345.537935020464,23750.655146849203,23053.978250098182,24079.77266696592,25255.508169631317,25817.97886667413,24403.743209864748,26381.008323775306,25511.802124067093,25266.390341226623,26326.214215195538,25558.15499270522,26106.27282110991,26210.390341226623,26252.302278211082,25421.478404242167,27064.24367229671,26423.655146849203,28270.332043600232,25976.596232646858,32184.92149391166,27995.302586499056,27462.008323775302,27015.802432355067,27145.06723797765,27863.33204360023,27108.214215195534,28231.09669507882,27326.50847791929,26257.890495370615,27126.919952471784,28356.332043600232,28513.773283541872,29192.449872004916,29467.09700336679,29018.80274064304,29903.36180898937,28622.420414903747,27813.773283541872,29909.597465798757,31323.186299534238,32878.305361090825,31519.571091577334,31817.955883620416,24521.48302856178,25123.54009303628,25568.921185623683,24047.714369339526,23833.68460395038,24998.831889456244,23327.037164300527,25380.714061051553,25567.331735312255,23905.978250098182,26587.596540934832,26030.890495370615,25013.478404242167,25309.802124067093,27318.24367229671,26643.919952471784,27499.24367229671,27868.625998036005,26005.037472588505,27274.83188945624,25646.18444980639,27293.037780876475,26608.919952471784,25860.83158116827,29139.391266090548,25949.00801548733,27678.47902081812,27132.890803658585,27311.714369339526,27311.3906495146,28193.7438264407,27264.94940957296,27295.97886667413,28252.126152179997,28909.596849222806,28144.89080365859,30213.185374670313,30142.567700409607,28984.596849222806,28130.126152179997,28551.18506638234,28649.626306323982,28879.59715751078,30593.24490544861,31286.42226463159,31079.865046013107,32029.98564900956,25526.718993659135,24898.481178833936,25463.89172852251,24126.50847791929,23482.655146849203,23135.448947140998,23345.301969923108,25135.27282110991,26798.714369339526,23797.184141518417,25691.68460395038,26212.919952471784,26226.096386790847,25793.978558386156,27221.596540934836,27445.449563716946,27091.625998036005,23878.478095954197,26171.037472588505,27705.09669507882,27543.214215195534,27318.3906495146,26768.008323775302,27157.861346557413,27313.861346557413,27965.06723797765,26955.596540934836,27155.420106615773,27202.861346557413,28004.77328354187,27866.743826440696,27232.861346557416,27238.596540934832,25852.33142702428,27374.42010661577,29259.685220526324,28565.979174962107,27844.97886667413,29954.74413472867,29021.626306323982,29469.332351888203,28063.714369339526,27548.7438264407,29773.656380001103,29900.862271421338,30711.069087705495,32306.74783418436,32703.63278037144,25708.07186229726,25113.540093036285,25976.24490544861,24250.18506638234,23477.625689748034,24836.80243235507,24439.77266696592,25399.772975253894,26432.479020818115,25971.86103826944,25991.68460395038,28071.00894035125,27496.567392121637,28323.273437685857,26950.802432355067,26422.302278211082,26936.97886667413,28007.47902081812,28815.626306323982,26733.890495370615,27034.772975253894,28817.596849222806,28243.008632063276,27162.56708383366,26629.86103826944,27549.06723797765,27152.97886667413,26375.743518152725,30504.89172852251,28361.420414903747,26830.625689748034,28170.567392121637,28363.18506638234,29059.390957802574,29556.008632063276,28969.567392121637,29333.832197744214,28777.18506638234,29086.449872004916,28310.126152179993,29002.126460467967,28309.09700336679,31061.950951012834,31405.010481791123,30846.835588911934,30367.367049884935,24633.189074126003,24948.09885309464,21661.655146849203,25213.332351888203,24824.567392121637,23410.18444980639,24231.066929689674,24865.12584389202,26001.65545513718,25439.096386790847,26028.53762673249,25442.4197983278,26377.949409572957,25175.743209864748,25779.596232646858,27584.3615007014,26564.743518152725,27637.273129397883,27592.479020818115,26818.919952471784,28199.626306323982,27325.802432355067,28283.714369339526,26569.331735312255,29220.891420234533,28166.479020818122,27877.83188945624,28027.537935020464,27569.625998036005,29319.15591756914,29388.420723191717,27422.89080365859,27874.126152179997,24849.037164300527,27824.24367229671,29518.273437685857,27742.214215195538,27188.53762673249,28127.625998036005,28696.596849222806,28762.50878620726,28460.420414903747,28661.18568295829,29491.656380001103,31710.628156051825,30378.835280623956,32028.926734807217,25000.042096908113,24620.186916110186,26209.186299534234,23802.567392121637,24527.302586499056,23995.83158116827,23105.86072998146,23441.742901576774,23653.625689748034,24999.77266696592,24580.743209864748,25354.86103826944,24268.831272880292,26192.27282110991,25890.037472588505,26740.361192413427,26432.53762673249,27168.184758094365,27576.65545513718,27705.302586499056,27136.24367229671,28421.77328354187,27922.33204360023,28550.03808916445,27770.890803658585,27683.24367229671,27655.449563716942,27898.50847791929,28703.008632063276,28738.302894787026,30471.53855159641,28059.126152179993,29420.126460467967,25835.360884125454,27439.625998036005,29331.861654845387,27898.214215195534,27390.94940957296,27115.066929689674,28666.92026075976,26708.15499270522,27730.655455137177,28158.685220526324,28495.59715751078,28999.391574378526,31164.363350429245,31579.01233151897,31306.308752258545,25287.27744542952,24354.274979125727,26382.421648055642,25991.421031479695,24767.097003366795,24226.24367229671,24227.68460395038,24380.978558386152,24904.449255428968,23377.39003293865,24124.91964418381,24578.537318444512,26065.743518152725,26219.919952471784,26682.596540934836,27020.537935020464,23002.948484709035,28709.861654845387,28162.626306323982,27753.50847791929,27931.126152179993,26722.12584389202,27996.155609281166,28676.65576342515,27769.008323775302,28296.3615007014,28426.567392121637,29271.06754626562,29410.950026148905,28358.24398058468,28634.773283541872,28737.685220526324,28777.3615007014,28665.302894787026,29205.832197744214,28268.94971786093,27526.71406105155,29086.80274064304,29613.09700336679,28265.53793502046,27591.596540934836,27600.273129397883,28580.302894787026,27292.390957802574,30658.039014028374,31740.21637321136,30988.65915459287,29712.36704988493,24573.33605134389,23889.80459037089,25649.127385331893,24675.920569047732,25025.65576342515,23041.91964418381,26297.80274064304,24366.18444980639,25075.478712530145,25018.83158116827,25332.00801548733,24667.096078502873,26386.184758094365,25207.77266696592,26079.096386790847,26281.478712530145,27944.743826440696,26851.83188945624,28075.3615007014,28527.008632063276,27243.625998036005,28978.332351888203,27176.037780876475,27613.625998036005,28758.832197744214,29513.15591756914,27311.096386790847,29153.273437685857,29976.65607171313,29617.74413472867,29542.36180898937,28535.567392121637,27861.890803658585,28449.537935020464,29503.714677627497,28661.155609281166,27653.625998036005,27845.155300993192,28095.214215195534,28245.890803658585,27651.50847791929,28188.09700336679,28227.15591756914,28683.65607171313,30849.745676168546,30980.30628595475,29952.749375624233,24007.894503114276,24381.39280753042,26150.83343089611,24612.567700409607,23047.331735312255,24642.420414903747,22533.27251282193,24539.302278211082,24206.15499270522,24191.50786134334,24859.62568974803,24939.949101284983,25828.302278211082,25644.00801548733,26761.83188945624,25955.508169631317,21571.771742102,26222.919952471784,27663.332043600232,27455.037780876475,27215.214215195534,27705.861346557413,26492.037472588505,27378.008323775302,27689.92026075976,27908.09669507882,29035.273437685857,29691.920569047732,29289.449872004916,29686.36180898937,28344.008632063276,30460.303203075004,29457.273437685857,28494.94971786093,27847.42010661577,28956.3615007014,25113.713752763575,29097.008632063276,27836.24367229671,27727.625998036005,28307.33204360023,27520.332043600232,28780.567700409607,30353.480253970018,29421.921802199635,29973.864737725133,29831.043638347986,24609.89481140225,23916.186916110186,25796.15684243306,24036.449872004916,23811.214215195538,22583.77266696592,23284.919644183807,24545.772975253894,23797.890187082638,25755.92026075976,24795.037472588505,23207.507553055366,25183.0374725885,26873.567392121637,25745.56708383366,25242.743209864748,25602.83158116827,25998.449255428968,25958.066929689674,27857.7438264407,27354.684912238354,27461.420106615773,26968.772975253894,27625.06723797765,28526.65576342515,28038.302586499056,28362.94971786093,29856.65607171313,28981.65576342515,29989.450180292893,29400.773591829842,29667.185374670313,28227.390957802574,28514.7438264407,29434.832197744214,29085.008632063276,27460.302586499056,27675.008323775302,28370.684912238354,28190.7438264407,27453.53762673249,28858.449872004916,29375.09731165477,29413.685837102275,31552.422264631594,29268.77636642161,30115.720226811034,23000.71776050724,23883.657304865024,24296.568008697584,22023.09638679085,21168.860729981465,23142.802124067093,24435.62599803601,23779.27282110991,22870.919335895836,24074.743209864748,24967.361192413427,23621.742901576774,25438.919952471784,23913.80181577912,25790.743518152725,24913.125535604042,26263.302278211082,24577.41949003982,26079.12584389202,26463.86103826944,26312.86103826944,29158.214831771485,28493.80274064304,26906.62599803601,27510.625998036005,27531.008323775302,28868.03808916445,28296.743826440696,24055.654530273256,29251.50878620726,29150.06754626562,29251.03808916445,29780.420723191717,28911.21452348351,29432.89111194656,28203.861346557413,28667.53793502046,27895.83188945624,28339.126152179997,28011.420106615773,26711.449255428968,28208.714369339526,27330.449563716942,27918.09700336679,29548.685837102275,29392.30412793893,28140.68768683012,27638.543175916027,23419.541634476154,25251.510944223082,24680.62692289993,23361.65576342515,21228.625381460057,22962.390341226623,22659.478404242167,22753.625381460057,23886.360884125454,22492.24274743279,23077.919335895836,23223.889878794664,23932.41949003982,24095.713752763575,24658.125535604042,25796.743518152725,26135.331735312255,25513.978558386156,25830.449255428968,26782.184758094365,26004.802124067093,26514.68460395038,26383.302278211082,25074.56646725771,26753.68460395038,28057.68491223835,28748.24398058468,27698.83188945624,27414.42010661577,27840.449563716942,28857.596849222806,28659.126152179997,29199.626306323982,29673.36180898937,28978.567392121637,29544.89111194656,29135.832197744214,29669.714677627497,27251.184758094365,26939.449255428968,27265.743518152725,27192.008323775302,28664.65576342515,27190.50847791929,28292.744443016643,29296.892345098466,29827.10008624654,28083.131393075553,23077.688303406067,24074.2752874137,22984.950026148905,22101.27282110991,22537.68460395038,22918.53762673249,21079.41918175185,23291.066621401696,21912.183833230443,22677.889878794664,23014.94879299701,23353.80181577912,23824.184141518414,24264.684295662402,23610.53701015654,25001.566775545685,24392.831272880292,25292.15499270522,25238.15499270522,25648.4197983278,25699.331427024277,23727.41918175185,27035.53762673249,26693.331735312255,27805.302586499056,28430.596849222806,27600.420106615773,23300.124919028098,28712.979174962104,28658.743826440696,28509.155609281166,27944.09669507882,27718.24367229671,28305.53793502046,29209.861654845387,28737.03808916445,27799.361192413427,26907.361192413427,26481.243364008737,26999.331735312255,27328.214215195534,27454.302586499056,26633.47902081812,29062.450488580867,29464.686761966197,29712.864737725136,25555.394965546235,23283.423806071463,22844.03963060432,21890.92026075976,20120.683987374432,20924.39003293865,20594.00739891138,20236.477787666223,21462.00739891138,21900.183833230447,22305.654530273256,22638.27220453396,23126.919335895836,23218.27220453396,24043.566775545685,23312.919335895836,23848.978250098182,24482.478404242167,25604.86103826944,25104.713752763575,23841.53701015654,26222.508169631317,26320.919952471784,26862.743518152725,26474.949409572957,26030.507861343343,26922.3906495146,26712.71406105155,26562.302278211082,28420.979174962104,29035.243980584684,29087.273437685857,27024.919952471784,28506.008632063276,27892.06723797765,28301.302586499056,29981.27374597383,27456.24367229671,23522.38972465068,28073.684912238354,26638.508169631317,27102.56708383366,27613.332043600232,26879.155609281166,28187.185374670313,28743.21514005946,28017.21575663541,28465.187840974108,26292.39527383421,21741.364275293166,21442.86257970931,24403.715294203448,19718.654530273256,20301.889878794664,19648.801199203175,20663.683679086455,20252.33050216036,20395.801199203175,22625.53701015654,21992.30166163513,24127.743209864748,23697.684295662402,23295.919335895836,26343.626306323982,22984.036856012553,23997.184141518414,24049.625381460057,23494.742901576774,24088.978250098182,25114.448947140998,25356.978558386156,25481.566775545685,25062.65483856123,27056.214215195534,26056.978558386156,27212.71406105155,27229.772975253898,27429.184758094365,27750.802432355067,27114.214215195534,28003.06723797765,27418.008323775302,27341.155300993192,27013.919952471784,27411.802432355067,28323.714369339526,27323.97886667413,27355.919952471784,25596.15499270522,28071.47902081812,26044.83158116827,26289.420106615777,26660.714369339526,26477.097003366795,28183.068471129547,27828.187840974104,26448.130776499605,21882.629080915744,20935.0387057404,21747.537935020464,19258.654530273256,18979.53670186857,18808.33050216036,19823.44833056505,20631.977941810208,21725.830964592322,21705.86042169349,21996.478095954197,21822.742593288804,22521.448638853024,22652.625073172087,22505.41918175185,21821.86011340552,23999.184141518414,24979.390341226623,24406.625381460057,26309.449563716946,24926.301969923108,25434.360884125454,26093.12584389202,25770.978558386156,25822.978558386156,25657.91964418381,26918.12584389202,27511.332043600232,27828.06723797765,26132.83158116827,26767.037472588505,28677.832197744214,27751.684912238354,27932.655455137177,27471.184758094365,27753.3906495146,27980.655455137177,26695.890495370615,27020.949409572957,24559.53701015654,26530.890495370615,26628.3906495146,25563.478712530145,26331.567392121637,24973.24367229671,28605.774824981738,28728.42349778349,26943.777907861484,21425.128926771762,21372.48025397001,21128.390957802574,19088.801507491145,18704.565850681764,19121.830656304344,18712.56554239379,19552.18352494247,20225.212982043642,22310.68398737443,22731.94879299701,21587.71313618763,21132.007090623407,22738.15468441724,23465.978250098182,23501.7134444756,22856.654530273256,23414.184141518414,23876.595924358888,22811.24274743279,24480.272512821935,25067.713752763575,23335.183833230447,26395.772975253894,24562.037164300527,27335.47902081812,26606.71406105155,27767.09669507882,28488.59684922281,27118.596540934832,27779.625998036005,27880.655455137177,27539.625998036005,28143.06723797765,27201.508169631317,26007.18444980639,27427.42010661577,26711.27282110991,26224.390341226623,28767.00894035125,26590.478712530145,26338.949409572957,26429.479020818115,26172.89080365859,27507.50909449524,28923.45141344479,28978.894194826302,27052.160233600778,21305.570166713405,19547.155917569136,20412.567083833663,18392.91902760786,18516.59530778294,20205.86042169349,19702.536701868565,19712.359959261532,20385.86011340552,23111.83158116827,21114.24274743279,22581.12522731607,21836.183833230443,21282.86011340552,21668.330810448333,22559.27220453396,23573.213598619586,24042.86072998146,23469.595924358888,24330.860729981465,23795.037164300527,25079.83158116827,24785.15499270522,25653.478712530145,26652.184758094365,27205.89080365859,27005.214215195534,27341.92026075976,28635.891111946556,26834.12584389202,27650.684912238354,27017.155300993192,27291.772975253894,27783.62599803601,28152.567392121637,26509.655146849203,28116.684912238354,26266.890495370615,26021.00801548733,26184.86103826944,27485.12615217999,25656.919952471784,26303.3615007014,27795.77390011782,29510.275287413708,28778.923651927482,27220.33666791984,18590.01048179112,19418.773900117816,19097.213906907564,18726.066313113726,18117.007090623407,18207.506936479418,19523.21298204364,18663.271587958014,20241.44833056505,19364.506936479418,20816.507244767396,21165.53670186857,22894.18444980639,22678.742901576774,21989.448638853024,22269.86042169349,23458.096078502873,21901.24274743279,23381.243055720763,22957.184141518414,23318.39003293865,23754.890187082638,24095.18444980639,24353.15499270522,25053.655146849203,25435.12584389202,25490.919952471784,27155.21452348351,26466.714369339526,26955.332043600232,27320.773283541872,25979.71406105155,28425.449872004916,26383.949409572957,26072.890495370615,27402.537935020464,27142.537935020464,27312.155609281166,25791.066929689674,26926.83188945624,26755.449563716942,26665.126152179997,24706.037472588505,26776.773591829842,26750.332660176176,25785.74475130462,27730.894194826302,25968.689536557962,18656.892961674403,19000.42103147969,18281.507861343343,17227.06600482575,17636.80119920317,18131.418873463874,18556.389416362705,18379.712827899653,19702.30135334716,18738.91871931989,19947.683679086455,19644.801199203175,19853.654221985285,21200.448638853024,22055.30166163513,21950.154684417244,22703.890187082638,22762.037164300527,24923.273437685857,22916.684295662402,23122.949101284983,23648.83158116827,23572.125535604042,25102.3906495146,24649.44925542897,24973.56708383366,25729.50847791929,25641.47902081812,26321.596849222806,25238.56708383366,26213.684912238354,25742.273129397887,26127.537935020464,26895.155609281166,26143.861346557413,26442.773283541872,27842.067854553596,27214.95002614891,26347.773283541872,25986.155609281166,25388.50847791929,25557.3615007014,25679.332351888203,27095.833122608143,25271.833430896113,25644.187840974104,22156.130159923654,16677.21544834743,16576.949409572953,16050.331118736303,16120.771742101997,15355.006782335431,15446.388799786753,16378.066004825749,19588.949101284983,17670.565850681764,19211.301969923108,19702.44863885302,20433.949101284983,19641.742901576774,20394.684295662402,21536.684912238354,20173.53701015654,21574.302278211082,20794.507553055366,22652.09669507882,20960.331427024277,23098.47932910609,21277.802124067093,24109.15653414509,22035.066929689674,24621.273437685857,24085.50847791929,23352.56708383366,22655.00801548733,24617.21514005946,23751.06723797765,24557.626306323982,23515.949409572957,24639.24398058468,23723.772975253894,24165.302586499056,23112.71406105155,24517.80274064304,24005.802740643045,22982.184758094365,23648.714369339526,22893.420106615777,24659.597157510783,22949.773283541872,23117.274054261805,24826.009865215172,21934.391882666496,19916.83343089611,18636.305361090825,23308.778216149454,24160.80705667468,27289.866587452976,27138.542251052106,27295.63062235562,22761.421956343616,24275.27590398965,32306.74906733625,30098.953725604595,29780.394965546235,27783.07032085739,28805.453263172636,34077.89635284212,29842.217914651224,29342.39404068231,30630.276828853563,31091.541634476147,31645.571091577323,30278.276520565596,32801.953725604595,35540.86658745297,35784.749067336255,34366.8954279782,34871.33666791984,36365.51341052688,32099.423806071456,31465.217914651224,35790.042713484065,34079.74783418436,38572.98472414564,33442.6005486785,36787.925193367344,36255.36612502101,34582.45387974858,39505.66131260869,33714.42411435944,38051.16208332862,28208.305361090825,34253.54194276413,41727.4560377644,40739.07340373714,38392.10224426236,27139.981332977924,25783.804590370888,27843.39373239434,25132.07001256941,21461.9816412659,36453.45942893211
15,28379.52184096475,17501.985484140823,23799.994834957717,26667.474760457713,29129.625679218276,29794.612699436584,27205.23419288025,29372.04312511968,30300.738868288696,32319.699928943624,30187.90397648588,28457.600929309825,29073.6893684718,29327.879226577432,33046.80134788729,32093.96645608447,34502.71169907038,30564.524260274615,32611.23177357038,29840.435821112645,36508.86261783095,36043.4074422394,35922.471131492915,30991.435821112645,37208.229354260526,39994.02530671827,38217.78594879574,39150.949847337986,39278.10197575348,36340.4074422394,39363.27885407742,39478.69629997883,38954.35552311264,36388.34375298588,38995.962827119685,35335.98999633799,43685.68090088729,37199.07722584504,43137.82125917601,43886.42856318306,41289.1384957887,40579.695090323905,38440.06303640841,32867.63503003517,25643.245963007004,32794.3048136408,12957.076342612656,6108.576505823933,12703.900673943643,16886.21549124646,18760.569247894346,20561.543288330962,21211.581018021105,19963.39115991547,19391.22726137322,20893.4418693873,22904.023213830966,23235.731936781667,24609.997254267582,21542.669457183074,24097.9217948873,25573.79441638026,24395.933565014064,26546.249591971806,23993.542078676033,23659.83335572533,24207.491369204203,25584.655267746457,26539.59157849293,25937.32626100702,24609.26378140843,25163.25080162674,23949.555058457725,26693.02200417603,24676.579808366172,25047.27555153519,24926.681227309837,24406.934774668993,24963.83335572533,26498.38874060561,24852.7826462535,25701.80739616195,24509.7826462535,24023.84633550702,23131.011443704207,26371.31328122533,23198.34045044364,23312.80860581688,22747.37818013378,22841.466619295752,22068.707186873216,19122.543288330962,13983.40655900702,24009.89099670419,15280.695416746454,17054.264991063355,20670.28974097181,21804.37818013378,21850.746126218288,22678.581018021105,24073.568038239413,22761.7331464366,24401.37818013378,25210.884065197162,24557.479599077444,26091.731936781667,25007.086903084484,25785.884065197162,27050.28853131688,28721.59157849293,30969.69178778166,30397.590368838,27279.047963739416,26067.175342246457,28557.452429859135,27472.820375943644,28626.920585232372,28763.566828584484,27438.111652992935,27626.010234049274,28087.705977218284,28181.630517838006,29758.351010915467,27946.52909889434,27953.149382683077,28323.80739616195,29312.705977218287,28222.85810563378,28240.237821845047,29345.45242985913,27878.339240788708,27433.542078676033,29095.110443338002,28395.997254267582,28515.756686690118,26444.26378140843,27124.047963739416,28866.185902718284,27188.261362098565,21151.503139330962,18475.414700168985,20073.983064830958,24203.109233683066,25684.452429859128,25068.26378140843,24151.720166654908,24106.34045044364,23338.65768705632,24019.657687056322,25221.770876126742,27183.2130719366,26596.568038239417,27105.884065197162,27337.26378140843,26176.378180133783,29848.79441638026,26734.75789634505,29029.668247528145,27281.985484140823,28513.731936781667,28896.20009215491,27800.26378140843,30124.174132591528,28781.491369204203,22876.025633140824,29219.010234049274,27849.504348985894,28899.579808366176,28925.97250435913,28835.16236246477,29789.66824752815,29803.28853131688,30373.997254267582,30928.604558274626,31188.832146070396,30097.010234049274,30489.79441638026,29843.010234049274,30398.32626100702,29588.440659732372,30777.655267746457,30958.503139330962,29834.38995026054,29748.566828584484,29835.655267746457,30533.059733866172,30506.05852421124,28949.815537323913,23939.980645521093,23177.79078741546,24156.451220204195,26244.414700168993,25090.84633550702,24722.770876126742,22926.809815471814,26325.94775445068,25268.910024760542,25027.31570053519,28557.97250435913,25874.923004542234,28062.415909823925,28541.934774668993,28402.934774668993,28852.26378140843,29662.440659732372,27697.85931528871,28191.84633550702,28657.884065197162,26024.454849168993,27300.63172749294,27422.391159915474,30842.516119112654,30186.440659732372,31639.46540964082,34401.8686661056,31803.933565014064,30565.630517838006,30191.111652992935,30029.884065197162,31439.18711237322,32561.933565014064,30564.098673211243,32829.1234231197,31266.756686690118,31271.71895699998,31331.858105633783,30805.820375943644,31934.03498395772,30992.38995026054,31091.66824752815,30760.946544795752,29714.25080162674,30581.034983957725,33056.17292293659,33153.462990330954,31600.80255754222,28489.484111274607,25990.827307450665,25573.299091788696,26113.46540964082,24331.998463922515,23988.923004542234,26098.568038239413,25823.960734232376,26803.41590982392,25140.22726137322,26898.011443704207,27323.340450443644,26730.3027207535,27682.808605816885,26310.606977584488,28041.23903149998,29614.301511098573,27846.530308549278,28197.04917339435,28419.720166654908,28806.75789634505,28861.65647740139,28601.23903149998,28052.770876126742,29600.36520035209,31199.28853131688,29943.74491656336,28636.23903149998,31805.617538056318,30919.3522205704,31249.20009215491,32093.28853131688,31537.908815105613,30909.111652992935,31360.010234049274,31572.440659732376,33925.920585232365,30392.31449088026,31918.288531316877,31665.858105633786,31820.098673211247,30657.301511098573,28807.69420709153,31791.452429859128,31112.36399069716,32321.717747345043,32158.007814739405,31421.727098161937,31500.76119888728,27004.54780052813,25858.374551168985,26544.692997436596,24296.150592338006,24389.7331464366,25851.378180133783,24821.024423485895,25289.353430225332,25471.796835690122,25641.454849168993,27316.340450443644,25030.72137630984,26869.872295070403,28104.479599077447,28195.479599077447,26333.796835690122,28690.707186873216,28429.391159915474,29754.31449088026,28616.656477401386,27954.973714014064,27562.78385590843,28524.099882866176,29532.89704497885,28186.20130180984,30164.884065197162,30554.7826462535,30698.023213830966,28763.669457183078,32962.37697047885,29600.707186873216,29594.75789634505,32039.566828584484,31013.301511098573,32291.37697047885,30257.69420709153,31633.529098894345,31920.339240788715,30183.79562603519,33206.93356501406,31986.31328122533,30508.946544795752,32247.046754084484,33210.32384169715,31494.05610490138,31959.811908359115,27388.686949161933,26904.893416014056,25813.845125852087,23361.011443704207,25124.09988286618,24776.973714014064,25704.58101802111,25853.163572119698,24858.898254633783,26283.68243696477,27126.821585598573,26345.264991063363,25929.22726137322,27490.062153176037,26173.075132957725,26765.075132957725,29227.84633550702,26771.606977584488,27327.454849168993,27549.923004542234,29614.41590982392,28104.289740971813,26893.885274852095,27673.062153176037,28396.09988286618,32418.249591971806,29358.175342246457,29863.466619295752,28052.011443704207,29381.568038239413,28154.872295070403,28905.618747711247,29894.74491656336,29647.466619295752,31648.617538056315,30550.7826462535,30821.7826462535,31219.111652992935,31263.630517838006,32057.28853131688,31289.908815105613,32262.249591971806,31327.617538056318,31172.516119112654,31855.439450077436,31600.413490514056,33123.86503714081,32850.26708395066,27161.307232950665,27993.955895612642,26827.629308183074,25107.89704497885,24109.83456538026,21710.835775035193,24193.277970845054,25679.404139697162,25757.075132957725,26130.505558640827,26866.492578859135,25467.898254633787,28306.56803823942,24761.77208578167,28022.340450443644,27149.68243696477,28293.530308549278,27900.25201128167,28626.04917339435,28660.289740971813,27416.011443704207,27530.58101802111,28109.58101802111,27340.821585598573,29998.69420709153,28747.23903149998,28972.086903084484,29391.32747066195,33342.99604461265,29248.707186873216,30097.073923302796,30921.25080162674,29031.75789634505,30260.31449088026,29667.605767929555,30229.79562603519,31002.87108541547,31110.073923302796,32305.946544795752,31482.66824752815,30786.529098894345,29924.402930042233,30154.098673211243,32040.856895978846,33451.17171328166,33243.25773313377,32897.25410416897,26198.421631676018,25696.045544429548,27024.629308183074,25425.124632774627,25014.669457183078,24385.505558640823,24505.22726137322,24643.41711947885,26495.391159915474,26139.644707274627,26335.885274852095,28392.656477401386,25527.328680316885,26713.644707274627,25943.847545161952,28040.09988286618,26361.69541674646,29348.226051718288,26601.593997802796,27387.63172749294,26379.74612621829,26274.505558640823,28570.378180133783,28296.85931528871,29486.707186873216,28496.94775445068,28254.910024760546,29925.643497619698,29228.79562603519,29706.226051718288,28801.94775445068,27015.353430225332,28852.18832202815,32164.946544795752,28727.618747711247,28460.770876126742,29172.13761255632,32311.89583532392,31672.389950260538,31374.440659732372,30361.36520035209,29525.504348985894,29703.402930042233,30927.756686690118,31734.958314922507,33475.880436232364,32905.40986154926,32913.08899597179,28015.002976119675,26253.893416014052,26256.4017203873,25108.466619295752,24496.353430225332,23629.430099260546,24765.695416746457,25865.062153176037,26567.34045044364,25314.74612621829,27158.289740971813,26566.644707274627,26119.26499106336,26965.479599077447,26446.125842429556,27100.923004542234,27238.26499106336,27433.872295070403,26367.657687056322,28146.428889605617,27776.353430225332,29161.27676119012,26929.454849168993,33420.71774734504,29231.32747066195,28465.289740971813,28099.09988286618,28372.188322028145,28857.276761190118,28279.479599077444,29306.13761255632,28278.517328767586,27541.492578859135,28248.441869387305,29451.276761190118,29659.605767929555,30281.073923302796,30657.592788147867,30065.555058457725,31001.68122730984,29592.124632774627,28938.605767929555,30918.27555153519,32544.806186507012,34079.04433477461,32782.49830071123,33465.00055680981,25830.00418577461,26294.462990330954,26416.262571753497,24771.707186873216,24501.3027207535,25575.04917339435,23918.328680316885,26021.25201128167,26449.821585598573,24626.430099260546,27381.910024760546,26906.492578859135,25751.657687056322,26323.644707274627,28132.428889605617,27619.441869387305,28541.428889605617,28645.85931528871,27163.78385590843,28335.04917339435,26716.075132957725,28203.23903149998,27784.441869387305,27147.593997802796,30396.630517838006,27128.83456538026,28667.568038239417,28459.947754450684,28597.707186873216,28521.720166654908,29253.656477401386,28291.391159915474,28247.34045044364,29464.086903084484,29996.36520035209,29287.94775445068,31194.440659732372,31233.87108541547,30184.36520035209,29286.086903084484,29819.985484140823,29635.31449088026,30008.820375943644,32022.249591971806,32481.855686323914,32578.080854809825,33670.40502292954,27024.294253168973,26112.754267380253,26396.313281225328,24804.517328767583,24176.353430225332,23805.70839652815,24193.417119478854,25942.923004542234,27661.707186873216,24452.61995736618,26431.3027207535,27159.441869387305,27189.68243696477,26568.885274852095,28103.910024760546,28351.618747711247,27877.85931528871,24663.20251146477,27236.78385590843,28661.13761255632,28553.479599077447,28607.72016665491,27912.289740971813,28243.998463922515,28301.99846392252,28985.188322028152,28088.910024760546,28396.669457183078,28362.998463922515,29346.605767929555,28982.65647740139,28477.99846392252,28191.910024760546,26928.366410007024,28422.669457183078,30533.2130719366,29393.79562603519,28856.34045044364,31220.111652992935,30115.31449088026,30514.731936781667,29037.707186873216,28326.65647740139,30933.174132591528,30904.36399069716,31824.109233683066,33632.573760091516,34595.73402966897,27020.015955901366,26202.652848436588,27025.249591971806,24955.985484140823,24130.404139697162,25619.099882866176,25156.695416746457,26151.15059233801,27282.568038239413,26748.543288330966,26896.3027207535,29035.200092154908,28515.41590982392,29297.83335572533,27743.09988286618,27419.872295070403,28074.34045044364,28988.568038239417,29995.31449088026,27697.492578859135,28079.15059233801,29794.36520035209,29510.74491656336,28271.960734232376,27677.543288330966,28621.18832202815,28453.34045044364,27575.20130180984,31539.313281225328,29611.124632774627,27799.404139697162,29177.41590982392,29289.985484140823,30058.175342246457,30767.74491656336,30050.41590982392,30397.504348985894,30001.985484140823,30275.073923302796,29183.086903084484,30020.542078676033,29334.592788147867,32202.667037873212,32551.475970112646,32365.32142238729,32135.039496154892,25998.09262493658,26306.133983591524,22071.353430225332,25983.731936781667,25426.41590982392,24230.075132957725,25055.7331464366,25606.63172749294,26856.808605816885,26354.68243696477,26786.011443704207,26415.21428159153,27136.391159915474,26021.74612621829,26743.454849168993,28715.226051718288,27398.20130180984,28648.378180133783,28576.568038239417,27703.441869387305,29324.31449088026,28343.09988286618,29425.707186873216,27588.821585598573,30199.858105633783,29028.568038239417,28984.049173394345,29167.466619295752,28618.85931528871,30644.491369204203,30490.579808366176,28598.94775445068,28956.086903084488,25778.328680316885,28794.428889605613,30638.83335572533,28641.479599077447,28208.011443704207,29194.85931528871,29649.36520035209,29750.97250435913,29353.124632774627,29752.89583532392,30721.174132591528,32905.04554442955,31966.86624679574,33709.519421654884,26342.99120599292,25824.71653769011,27232.806186507012,24630.41590982392,25484.32747066195,24575.593997802796,23789.088112739417,24201.290950626742,24422.404139697162,25672.695416746457,25315.746126218288,26166.543288330966,25040.13882221125,26984.923004542234,26723.78385590843,27652.770876126742,27393.011443704207,28107.530308549278,28441.808605816885,28845.327470661952,28112.428889605617,29225.605767929555,28787.27676119012,29644.69420709153,28646.947754450684,28979.428889605613,28692.61874771125,28942.517328767586,29783.74491656336,30020.7826462535,31623.37697047885,29180.086903084484,30689.542078676033,26881.315700535193,28663.85931528871,30439.453639514064,28732.479599077444,28475.391159915474,28064.7331464366,29712.897044978854,27599.12584242956,28597.808605816885,29304.2130719366,29397.820375943644,30056.085693429555,32356.957105267575,33070.827307450665,33143.39325280277,26550.370922204187,25271.10923368307,27375.945335140816,26747.034983957725,25518.592788147867,24863.428889605617,24813.3027207535,24959.885274852095,25668.163572119698,24142.809815471814,24905.986693795756,25414.556268112654,26977.20130180984,27173.441869387305,27544.910024760546,28106.466619295756,23731.025633140827,29673.453639514064,29185.31449088026,28588.517328767586,28800.086903084484,27716.63172749294,29052.036193612657,29588.26378140843,28649.289740971813,29264.226051718288,29412.41590982392,30213.643497619698,30432.301511098573,29544.884065197162,29583.605767929555,29834.2130719366,29849.226051718288,29908.7826462535,30062.504348985894,29382.84633550702,28668.25201128167,30133.555058457725,30787.592788147867,29416.466619295752,28651.910024760546,28576.378180133783,29609.7826462535,28461.175342246457,31902.059733866172,32936.855686323914,32377.080854809825,31417.811908359115,25860.763618197147,25122.475970112646,26721.907605450677,25465.3522205704,25759.26378140843,23859.986693795756,26911.555058457725,25091.075132957725,25481.112862647868,25853.593997802796,25988.83456538026,25459.22726137322,27179.530308549278,26079.695416746457,27208.68243696477,27214.112862647868,28897.656477401386,27605.04917339435,28910.226051718288,29347.74491656336,28367.85931528871,30134.731936781667,28250.239031499983,28512.85931528871,29849.504348985894,30480.491369204203,28266.68243696477,30145.83335572533,31049.71895699998,30622.111652992935,30436.68122730984,29535.41590982392,28772.947754450684,29477.466619295752,30475.16236246477,29845.036193612654,28778.85931528871,28666.58101802111,29097.479599077444,29307.94775445068,28509.517328767586,29076.592788147867,29256.491369204203,29835.71895699998,32074.19767284504,32234.169293971798,31585.090205626722,25306.359152077428,25396.906395795744,27193.325051352083,25258.87108541547,23914.82158559857,25296.124632774627,23201.46782895069,25144.872295070403,24752.12584242956,24863.606977584488,25517.404139697162,25670.93598432392,26566.872295070403,26530.83456538026,27611.04917339435,26790.062153176037,22309.329889971814,27095.441869387305,28541.27676119012,28412.23903149998,28149.479599077447,28772.998463922515,27330.78385590843,28350.289740971813,28492.897044978854,28640.13761255632,30277.83335572533,30663.3522205704,30272.073923302796,30722.68122730984,29421.74491656336,31708.23782184505,30436.83335572533,29617.84633550702,28811.669457183074,29734.226051718288,26034.796835690122,30061.74491656336,28888.428889605617,28572.85931528871,29158.276761190118,28489.27676119012,29756.87108541547,31205.38874060561,30673.17292293659,31455.435821112645,31486.46992183799,26057.624469563343,24944.096253901374,26715.856895978846,24823.073923302796,24515.479599077447,23099.695416746457,23905.986693795756,25162.15059233801,24477.03740326759,26474.897044978854,25459.78385590843,24052.15180199294,25948.78385590843,27985.41590982392,26529.960734232376,25781.74612621829,26471.593997802796,26943.163572119698,26858.7331464366,28736.65647740139,28287.75789634505,28350.66945718308,27770.15059233801,28566.18832202815,29452.26378140843,29073.327470661956,29439.84633550702,31084.71895699998,29956.26378140843,31010.529098894345,30488.060943521104,30987.440659732372,29337.175342246457,29540.65647740139,30217.504348985894,30096.74491656336,28515.32747066195,28632.289740971813,29284.75789634505,29200.656477401386,28147.011443704207,29649.073923302796,30354.047963739416,30586.123423119694,32736.045544429544,30963.77780763377,31912.887367739393,24394.71411838025,24961.539659366164,25137.32626100702,22731.68243696477,21971.088112739417,23824.644707274627,25118.85931528871,24175.923004542234,23548.531518204207,24758.746126218288,25604.770876126742,24190.290950626742,26169.441869387305,24644.18953168308,26583.20130180984,25677.17655190139,27124.872295070403,25243.759105999983,26752.63172749294,27198.543288330966,27233.543288330966,30212.38995026054,29583.555058457725,27884.859315288715,28449.859315288715,28426.289740971813,29829.69420709153,29194.65647740139,24815.443079042234,30455.97250435913,30071.643497619698,30212.69420709153,30709.579808366176,29861.934774668993,30405.402930042233,29112.998463922515,29671.466619295752,28757.04917339435,29435.086903084488,28814.66945718308,27462.163572119698,29183.707186873216,28023.618747711247,28906.592788147867,30639.123423119694,30675.60334861969,29522.664618563347,29154.1161651901,24726.118584499964,26379.96887539433,25421.224842063355,24135.26378140843,22029.948964105617,23643.26499106336,23239.657687056322,23265.948964105617,24445.31570053519,23274.063362830966,23586.531518204207,23775.582227676037,24658.759105999983,24824.796835690122,25516.17655190139,26378.20130180984,26792.821585598573,26259.885274852095,26819.163572119698,27679.530308549278,26677.64470727463,27345.3027207535,27318.872295070403,25725.050383049278,27700.3027207535,28799.75789634505,29718.884065197162,28567.04917339435,28232.66945718308,29002.618747711247,29753.36520035209,29559.086903084488,30051.31449088026,30622.68122730984,29823.415909823925,30500.402930042233,30055.504348985894,30481.16236246477,28445.530308549278,27774.163572119698,28026.20130180984,28164.289740971813,29571.26378140843,28081.517328767586,29328.566828584484,30453.223632408422,31144.38511164081,29626.9770165563,24491.144544063347,25063.564409274615,23814.30151109857,22778.923004542234,23242.3027207535,23528.011443704207,21687.30393040843,24039.277970845054,22370.164781774627,23313.582227676037,23798.480808732376,23953.189531683078,24512.61995736618,25183.847545161956,24372.10109252111,25640.505558640823,25163.13882221125,26068.12584242956,26076.12584242956,26481.21428159153,26560.366410007024,24433.30393040843,27855.011443704207,27546.821585598573,28781.32747066195,29315.36520035209,28510.669457183078,24094.26620071829,29630.795626035193,29659.656477401386,29392.036193612657,28999.13761255632,28776.428889605617,29316.466619295752,30228.453639514064,29671.69420709153,28786.770876126742,28014.770876126742,27379.973714014064,27951.821585598573,28220.479599077447,28492.32747066195,27624.568038239413,30294.98427448589,30515.488949894334,31143.19525353518,27170.90276683095,24819.27071291545,23772.159943154897,22604.89704497885,20793.3923695704,21526.80981547181,21229.924214197163,20858.74733587322,22216.924214197163,22403.164781774627,22877.443079042234,23344.012653359136,23873.531518204207,23887.012653359136,24914.505558640827,24086.531518204207,24628.430099260546,25059.657687056322,26229.543288330966,25779.796835690126,24874.10109252111,27149.062153176037,27205.441869387305,27569.20130180984,27538.391159915474,26885.606977584488,27964.72016665491,27638.25201128167,27531.872295070403,29298.795626035193,29928.884065197162,30128.83335572533,27940.441869387305,29441.74491656336,28717.188322028152,29123.327470661952,30885.28853131688,28548.428889605617,24252.35463988026,29116.75789634505,27559.062153176037,28036.960734232376,28572.27676119012,27976.036193612654,29192.440659732372,29649.845125852087,29208.755477035185,29932.082064464754,27894.218793788692,23141.46178067602,22393.819166288704,25167.072713647864,20299.443079042234,20932.582227676037,20045.27918049998,21132.937193978854,20733.000883232377,21206.279180499983,23303.10109252111,22474.961943887305,24756.74612621829,24334.847545161952,23891.531518204207,27293.31449088026,23735.873504725332,24564.61995736618,24836.948964105617,24257.290950626742,24757.430099260546,25796.70839652815,26300.885274852095,26612.505558640823,25945.898254633787,27903.479599077447,27005.885274852095,27935.25201128167,28210.15059233801,28429.530308549278,28639.09988286618,27842.479599077447,28952.18832202815,28266.289740971813,28220.58101802111,27789.441869387305,28156.09988286618,29160.70718687322,28243.340450443644,28125.441869387305,26365.12584242956,29041.568038239417,26946.593997802796,27345.66945718308,27493.707186873216,27336.592788147867,29350.00902439434,29090.51249014785,28119.965246429536,23260.221213098557,21948.604558274626,22418.466619295752,19700.443079042234,19577.645916929556,19312.000883232377,20551.798045345055,21293.974923668997,22376.6836466197,22461.632937147868,22817.20251146477,22490.835775035193,23368.2532209366,23294.493788514064,23336.30393040843,22564.177761556322,24913.61995736618,25880.26499106336,25130.948964105617,27252.61874771125,25745.417119478854,26268.31570053519,26893.63172749294,26690.885274852095,26875.885274852095,26475.986693795756,27662.63172749294,28471.27676119012,28624.18832202815,26994.593997802796,27615.78385590843,29687.504348985894,28674.75789634505,28666.808605816885,28444.530308549278,28769.720166654908,28947.808605816885,27695.492578859135,28125.391159915474,25371.10109252111,27328.492578859135,27419.72016665491,26417.112862647868,27297.41590982392,26014.428889605613,29905.881645887293,30267.537240056303,28500.015955901366,22391.80376719715,22358.38874060561,21757.175342246457,19601.73435609153,19100.140031866176,19876.228471028153,19178.68485627463,20067.70960618308,20935.65889671125,22762.392369570403,23229.480808732376,22195.88648450702,21890.469038605617,23572.67066683801,24156.430099260546,24069.341660098573,23777.443079042234,24159.61995736618,24584.999673577448,23792.063362830966,25114.467828950685,25791.796835690126,24233.16478177463,27440.15059233801,25226.328680316885,28143.568038239417,27501.25201128167,28903.13761255632,29204.36520035209,27943.910024760546,28591.85931528871,29023.80860581688,28433.85931528871,29109.188322028145,28135.062153176037,26805.075132957725,28439.66945718308,27635.923004542234,27126.26499106336,29854.20009215491,27600.112862647868,27136.391159915474,27560.568038239413,27203.94775445068,28502.42767995068,30148.349801260534,30324.144544063347,28786.05368559151,22472.512490147852,20305.30151109857,21039.960734232372,18869.076342612658,18912.08932239435,20581.632937147868,20077.645916929556,20312.950173760546,20945.17776155632,23789.593997802796,21757.063362830966,23322.72137630984,22553.164781774627,21915.177761556322,22191.456058823926,23379.012653359136,24313.56924789435,24751.088112739417,24211.999673577448,24984.088112739417,24607.328680316885,26049.593997802796,25637.12584242956,26546.112862647868,27481.530308549278,28167.947754450684,27921.479599077447,28454.89704497885,29571.402930042233,27661.63172749294,28566.75789634505,27964.58101802111,28306.15059233801,28715.85931528871,29108.41590982392,27289.353430225332,29096.75789634505,27129.492578859135,27043.83456538026,27160.543288330966,28373.086903084484,26501.441869387305,27327.226051718288,28803.516119112654,30762.754267380253,30180.714118380245,28915.826097795732,19686.95710526757,20128.516119112654,19966.024423485895,19296.8227952535,18541.469038605617,18597.24145080984,20052.65889671125,19184.102302176037,20694.798045345055,20037.24145080984,21265.69662640139,21969.64591692956,23631.075132957725,23370.290950626742,22837.2532209366,23086.632937147868,24200.22726137322,22787.063362830966,24330.51853842252,23831.61995736618,24222.809815471814,24719.037403267586,24901.075132957725,25135.125842429556,25998.353430225332,26380.63172749294,26446.441869387305,28355.934774668993,27442.707186873216,27793.27676119012,28348.605767929555,27100.25201128167,29328.073923302796,27420.391159915474,26968.492578859135,28466.466619295756,28029.466619295752,28226.036193612654,26906.7331464366,27857.04917339435,27457.618747711247,27669.086903084484,25559.78385590843,27660.0609435211,27876.187112373213,26904.401720387297,29040.33440216898,27597.775388323902,19969.944125485883,19918.03498395772,18973.606977584488,17706.36761966195,18228.27918049998,18737.848754816885,19051.899464288716,19089.431308915475,20143.506768295756,19248.621167021105,20560.937193978854,20218.279180499983,20433.98790345069,21763.2532209366,22658.961943887305,22518.670666838007,23559.037403267583,23413.328680316885,25751.83335572533,23792.847545161952,24008.93598432392,24600.593997802796,24193.176551901386,26070.72016665491,25628.163572119698,25994.960734232376,26643.517328767586,26583.568038239417,27277.36520035209,26202.960734232376,27010.75789634505,26975.378180133783,27164.466619295752,27745.036193612657,27160.998463922515,27392.605767929555,28730.098673211243,28321.301511098573,27145.605767929555,26626.036193612657,26291.517328767586,26660.226051718288,26740.731936781667,28177.869875760538,26192.89462566898,26859.89220635912,23626.295462823902,17305.110443338002,17059.391159915467,16767.91123441547,16472.32988997181,15793.013863014065,15811.989113105614,16844.367619661953,19981.93598432392,18094.140031866176,19890.41711947885,20200.2532209366,21153.93598432392,20387.29095062674,21135.847545161952,22233.757896345047,20790.10109252111,22326.872295070403,21576.15180199294,23410.13761255632,21552.366410007024,23819.023213830966,21991.644707274627,25046.4017203873,23018.7331464366,25450.83335572533,24929.517328767586,24278.960734232376,23481.83456538026,25428.845125852087,24519.188322028145,25555.31449088026,24386.391159915474,25477.884065197162,24616.15059233801,25148.32747066195,23781.25201128167,25355.555058457725,24841.555058457725,23802.530308549278,24365.707186873216,23697.669457183078,25658.820375943636,23941.605767929555,24069.743706908426,25865.565618929548,23150.92058523237,21127.08448377462,19844.42405098588,24134.888577394326,24848.927516739393,28376.736448978838,28002.839077577424,28091.686949161933,23303.40051073236,24799.474760457713,33028.394462457705,30928.763618197147,30554.09262493658,28554.74007794363,29580.080854809825,34778.14091509856,30755.941706176018,30293.727098161937,31501.840287232364,32272.928726394333,32464.878016922496,31093.38511164081,33663.76361819715,36496.73644897883,36776.394462457705,35162.775388323906,36001.10439506335,37192.80013823236,33087.131564281655,32591.941706176025,36712.52184096476,35037.57376009151,39470.98878668306,34434.82730745067,37633.17985444363,37358.05368559151,35579.99120599292,40262.456942056306,34463.5867398732,39061.59488103517,29075.424050985886,35061.38390198588,42797.17743513376,41960.29183385911,39272.33077320419,28050.981855176025,26672.286112007012,28835.271922570384,26058.28490235208,22495.437030767574,38176.564082852055
16,28682.37908491315,17553.058876958192,24054.654570442337,27236.368895615367,29383.02687886993,30081.195904625332,27629.97251956878,29771.743186660275,30764.27036631085,32921.777443577055,30693.837750730163,28954.443357300886,29691.103323172763,30048.254229161117,33484.26838369353,32748.835768112844,35357.5299909015,31103.53593875346,33181.81566572848,30594.87597288158,36968.18797415607,36764.057170552085,36760.133614854916,31578.87597288158,37947.65881188818,40524.59850473508,38883.28055560864,39731.76951310779,39936.50592328251,36957.057170552085,40272.825855026254,40397.54216281661,39408.7332735737,37288.98072624925,39566.60048735239,35899.34086276173,44200.554334731714,37880.92240171347,43844.53819758198,44573.40541136067,41965.841992176,41200.463735896454,38877.013000548715,33345.62257235407,25979.725066893217,33468.487803515454,13178.875696670371,6124.8915576089,12850.634191846764,17321.78113260049,19168.420996088,20777.759047598804,21594.173543412442,20281.022637424092,19687.533679924934,21301.268107482327,23333.473372771834,23660.831526667003,24866.811424282638,22073.833509284323,24598.982432655357,26059.829544049688,24789.734979979803,26946.960347653676,24355.68062067865,24062.32246678348,24593.435150620415,26083.924108119572,27056.84766381674,26444.867766201103,25109.869748818423,25848.038774573826,24457.51159492325,27109.394945851684,25251.095116492295,25441.62229614287,25474.58605660877,24778.813406899953,25599.32246678348,26951.865783583788,25314.07699672524,26061.660518294288,25136.07699672524,24374.153441028076,23567.720825447388,26794.03679195651,23382.777167365854,23547.738945214438,23187.191663179496,23204.851629051373,22270.24800509796,19500.759047598804,14233.010465508989,24222.00677648556,15560.495457773515,17454.948175738573,21027.53169730762,22191.191663179496,22134.740927831754,23019.173543412442,24311.342569167846,23119.909953587154,24983.191663179496,25534.567936841715,25235.68260329597,26605.831526667003,25494.549817074665,26114.567936841715,27653.453270387465,29506.84766381674,31503.260177013064,31071.769236896587,27750.056894340876,26881.209782946546,28925.942227886626,27903.491492538884,29153.90400573521,29346.264142247695,27966.13333864371,27999.642398527234,28604.16957817781,28667.340586550534,30337.451287770153,28679.849646434057,28510.547834457353,28888.660518294288,29903.16957817781,28872.905988352526,28726.207800329226,29788.942227886626,28219.698740445703,27594.680620678653,29661.054911723564,28785.81142428264,28795.41504823605,26716.869748818423,27375.056894340876,29286.88390335084,27743.71289497812,21523.187697944864,19066.527732072984,20681.90202311789,24533.97648480341,26223.942227886626,25510.869748818423,24464.07897934256,24463.777167365854,23808.080961959877,24436.080961959877,25672.324449400796,27418.624278760188,27040.342569167846,27499.567936841715,27753.869748818426,26595.191663179496,30351.82954404969,27147.4934751562,29520.755082364172,27754.058876958195,29077.83152666701,29159.793304515588,28260.869748818426,30593.131356026395,29374.43515062042,23059.630226612135,29378.642398527234,28412.26612486501,29405.095116492295,29254.227902713596,29446.37880870195,30345.755082364172,30409.453270387465,30996.81142428264,31458.67863806134,31614.244039863333,30465.642398527234,30965.82954404969,30252.642398527234,30746.867766201107,29999.18968056218,31320.924108119576,31381.187697944864,30113.94421050394,30265.264142247695,30199.924108119576,31093.809441665326,31011.73101474517,29820.328690846633,24637.89607526594,23901.594263289233,24959.863800966472,26730.527732072987,25644.153441028076,25275.324449400796,23237.81737213459,26638.64438114455,25538.22988533091,25560.19364579681,29013.227902713596,26375.060859575507,28591.606158993134,29017.813406899957,29037.813406899957,29267.869748818426,30211.18968056218,27981.984415272673,28576.153441028076,29049.56793684172,26635.099081726927,27743.41901347068,27886.022637424096,31458.01867218946,30612.18968056218,31976.773202131226,35124.580108756825,32513.734979979807,30821.340586550534,30761.133338643715,30757.567936841715,32143.96233027099,33075.73497997981,31005.302364399115,33090.885885968164,31976.41504823605,31918.000552422407,31695.905988352526,31301.491492538884,32489.22592009628,31270.94421050394,31676.755082364172,31263.565954224403,30298.038774573826,30998.22592009628,33535.05292910624,33867.61634829092,32661.04499863698,29855.568213052924,27060.684862124497,26432.12739079176,26561.77320213122,24727.889851202788,24300.060859575507,26311.342569167846,26278.47535538915,27240.606158993134,25371.533679924934,27126.720825447388,27661.777167365854,27192.36267155221,28005.738945214438,26666.83549190164,28355.28622724938,30307.284244632065,28458.928073354207,28708.135321261027,28903.07897934256,29195.493475156203,29593.002535039726,29009.28622724938,28441.3244494008,29846.3606889349,31544.453270387465,30493.6625009116,29159.28622724938,32363.509612305937,31096.529714690303,31912.793304515588,32480.453270387465,31976.15145841076,31108.133338643715,31765.64239852723,32100.18968056218,34597.90400573521,30738.11521887666,32490.45327038746,32349.905988352526,32168.30236439911,31010.284244632065,29368.417030853365,32197.942227886626,31474.28226201475,32811.92212550226,32830.48554468693,32408.66872497476,32555.753375958055,28273.342845379055,26832.956382419045,27091.338603933214,24889.626261377503,24766.909953587154,26399.191663179496,25209.55179969198,25628.60814161045,25925.98639788999,26198.099081726927,27765.777167365854,25246.15740626271,27257.815389517273,28661.68260329597,28837.68260329597,26912.98639788999,29233.248005097965,28725.022637424092,30512.11521887666,29260.002535039726,28462.30632963375,28097.155423645396,28933.380791319265,30023.39891108632,28749.871731435742,30702.567936841715,31136.076996725245,31340.473372771838,29340.833509284326,33357.11323625935,30069.24800509796,30026.493475156207,32622.264142247695,31701.284244632065,32930.11323625935,30583.417030853365,32413.84964643406,32292.698740445703,30616.90797096984,33443.73497997981,32535.03679195651,31158.565954224403,33226.978467420726,33895.71091236081,32598.87597288158,33403.60246996971,28505.24828130917,27767.163630325864,26332.075014107926,23741.720825447388,25670.380791319265,25159.306329633746,26019.173543412442,26262.457235622096,25333.477338006465,26615.66448352892,27659.569919459034,26755.948175738573,26324.533679924934,27973.966295505626,26595.79726975022,27101.79726975022,29549.15344102808,27245.83549190164,27646.099081726927,28198.06085957551,30245.606158993138,28691.53169730762,27324.646363761865,28127.966295505626,28899.380791319265,32957.96034765368,30000.209782946546,30416.851629051376,28658.720825447388,29795.342569167846,28666.815389517273,29553.588039226088,30669.662500911607,30224.85162905137,32221.509612305934,31085.07699672525,31177.076996725245,31520.133338643715,31818.340586550534,32482.45327038746,31838.15145841076,32712.96034765368,31772.509612305934,31525.01867218946,32576.111253642033,32389.449305152837,34198.19392200801,34354.940521480516,28532.00281125093,28793.463459685256,27608.26215963038,25701.398911086315,24312.40089370363,22003.47932062378,24725.779149983173,25924.85361166869,26236.79726975022,26419.344551785165,27502.513577540565,25828.477338006465,28410.342569167846,25277.402876320946,28530.777167365854,27607.66448352892,28631.928073354207,28452.117201493977,28857.135321261027,29103.53169730762,27883.720825447388,27957.173543412446,28529.173543412446,27904.569919459034,30556.417030853365,29221.28622724938,29502.549817074665,29970.94619312126,33929.73299736249,29851.248005097965,30641.718842830072,31367.038774573826,29480.493475156203,31034.11521887666,30064.757064981488,30813.907970969838,31544.736962597122,31470.718842830076,32902.5659542244,32056.755082364176,30925.849646434057,30161.77518474854,30873.302364399115,32624.827561432376,34278.82359619775,34299.081238171086,34149.86407717768,27435.26838369354,26542.90004050058,27710.262159630383,26013.964312888307,25510.833509284323,24675.344551785165,24670.533679924934,25278.684585913285,26976.02263742409,26707.249987715277,26890.646363761865,28692.002535039726,25899.024620041408,26901.249987715277,26519.231867948227,28496.380791319265,26819.495457773515,29880.455253004784,27110.004517657042,27918.419013470684,27151.740927831754,26780.344551785165,29133.191663179496,28827.984415272673,30045.248005097965,29171.644381144553,28585.22988533091,30559.17156079513,29714.90797096984,30228.455253004788,29294.644381144553,27364.60814161045,29497.040757191142,32753.565954224407,29247.588039226088,28971.324449400796,29450.795287132903,32801.320484166165,32027.944210503945,31790.18968056218,30634.360688934896,30005.26612486501,30053.77518474854,31620.41504823605,32294.31850154885,34204.33265608127,33882.817648345794,34689.08944485155,29206.775460959747,27080.163630325864,27034.696757828387,25578.851629051373,24805.60814161045,23997.51556015788,25100.495457773515,26325.966295505626,27058.777167365854,25644.740927831754,27595.53169730762,26835.249987715277,26642.948175738573,27344.68260329597,26886.042739808458,27673.06085957551,27455.948175738573,27855.815389517273,27032.080961959877,28755.437133237734,27948.60814161045,29762.700723063022,27420.099081726927,33880.92212550226,29676.946193121257,28967.53169730762,28545.380791319265,28980.040757191142,29609.70072306302,28742.68260329597,29705.795287132907,29016.09709910961,27830.51357754057,28724.26810748233,29847.70072306302,30233.757064981488,30935.718842830076,31023.92609073689,30525.511594923253,31298.586056608772,30053.96431288831,29332.757064981488,31540.622296142872,33048.58209137413,34899.12342555713,33933.32670822932,34919.976761014615,27065.25026392648,27179.76725427927,26933.791321898272,25085.24800509796,24652.36267155221,26082.135321261027,24339.024620041408,26427.117201493973,26720.569919459034,24937.51556015788,27759.22988533091,27238.513577540565,26069.080961959877,26715.249987715277,28904.437133237734,28072.26810748233,28860.437133237734,29200.984415272676,27591.155423645396,28762.135321261027,27106.79726975022,28615.28622724938,28089.26810748233,27492.004517657042,30831.340586550534,27689.400893703634,29175.342569167846,28963.64438114455,28940.24800509796,28984.07897934256,29695.002535039726,28881.022637424096,28872.777167365857,29926.549817074672,30465.360688934896,29653.644381144557,31799.189680562184,31748.736962597122,30580.360688934896,29633.54981707467,30065.058876958195,29922.11521887666,30489.491492538884,32309.96034765368,33368.749134512225,33493.30858846227,35189.1075646186,28127.964589099513,26762.25819439575,26879.885885968157,25246.09709910961,24397.60814161045,24040.32643201811,24590.684585913285,26396.060859575507,28036.24800509796,24911.666466146235,26886.36267155221,27465.268107482327,27525.66448352892,27014.646363761865,28632.22988533091,28733.588039226084,28608.984415272673,25048.95015835589,27641.155423645396,28977.795287132903,29077.68260329597,28993.07897934256,28335.53169730762,28586.88985120279,28895.889851202788,29554.040757191142,28681.22988533091,28820.833509284323,28869.889851202788,29865.757064981488,29442.002535039726,28948.88985120279,28792.22988533091,27329.43911585505,28855.833509284323,30961.624278760184,29964.90797096984,29447.777167365857,31546.13333864371,30458.11521887666,31184.83152666701,29746.24800509796,28797.002535039726,31375.131356026395,31566.28226201475,32542.976484803406,34643.70298189154,35945.22024845553,28258.662777122805,26951.767254279275,27556.960347653672,25517.058876958192,24583.85361166869,25895.380791319265,25331.495457773515,26544.626261377503,27612.342569167846,27078.759047598804,27175.36267155221,29472.793304515588,28589.606158993134,29812.32246678348,28069.380791319265,27858.815389517273,28441.777167365854,29282.34256916785,30336.11521887666,28129.513577540565,28481.626261377503,30480.360688934892,29987.662500911603,28667.47535538915,28188.759047598804,29058.040757191142,28808.777167365857,28058.871731435742,32137.03679195651,30121.96431288831,28103.85361166869,29917.606158993134,29822.058876958195,30587.20978294655,30960.6625009116,30516.606158993134,30836.26612486501,30400.058876958192,30559.718842830072,29690.549817074672,30671.680620678657,29661.92609073689,32723.676655444022,33364.44732253552,33383.15768247392,33549.88417956205,26836.66475974012,26820.710912360806,22519.60814161045,26396.831526667003,25830.606158993134,24375.79726975022,25311.909953587154,25787.41901347068,27233.738945214438,26548.66448352892,27095.720825447388,26758.702705680334,27693.02263742409,26434.740927831754,26954.099081726927,28954.45525300478,27840.871731435742,28853.191663179496,28965.34256916785,28087.26810748233,29837.11521887666,28692.380791319265,29768.248005097965,28061.569919459034,30613.905988352522,29467.34256916785,29424.135321261027,29658.851629051373,29196.984415272673,31277.43515062042,31198.095116492295,28983.644381144557,29670.549817074672,26178.024620041408,29121.437133237734,31170.322466783484,28988.68260329597,28510.720825447388,29678.984415272676,29961.3606889349,30167.227902713596,29562.96431288831,30235.320484166165,31171.131356026395,33735.749134512225,32799.57416090487,35230.994880781655,27653.475631600355,26685.84369858211,27840.582091374137,24962.606158993134,25744.946193121257,24832.004517657042,24039.62824399482,24556.610124227765,24732.85361166869,26178.495457773515,25780.740927831754,26560.759047598804,25278.873714053057,27251.060859575507,27096.155423645392,27828.324449400796,27966.720825447388,28476.928073354207,28903.738945214438,29143.946193121257,28581.437133237734,29606.757064981488,29436.70072306302,30094.417030853365,29169.64438114455,29292.437133237734,28941.588039226084,29348.09709910961,30243.662500911603,30372.076996725245,32285.113236259345,29673.549817074672,30957.680620678657,27301.19364579681,29193.984415272676,30727.02065480678,29266.682603295973,28856.022637424092,28491.909953587157,30208.39891108632,27929.042739808458,29058.738945214438,29751.624278760188,29985.491492538884,30707.47139015452,33154.2400746287,34288.53395613613,34800.0713250845,27835.928349565413,26123.97648480341,27906.487527304253,27298.22592009628,25883.926090736888,25235.437133237734,25070.36267155221,25163.646363761865,26009.457235622096,24442.81737213459,25311.137303878342,25753.5900218434,27180.871731435742,27622.268107482327,27830.22988533091,28551.851629051373,23972.630226612135,29966.02065480678,29652.11521887666,28892.09709910961,29314.549817074665,28035.419013470684,29470.304347016427,29918.869748818426,29141.53169730762,29718.45525300478,29906.606158993138,30705.17156079513,30936.284244632065,29938.56793684172,30019.757064981488,30406.624278760188,30444.455253004788,30165.076996725245,30649.266124865015,29924.153441028076,29037.117201493977,30653.51159492325,31239.926090736895,29748.851629051373,28868.22988533091,29082.191663179496,29916.076996725245,28942.209782946546,32221.809441665326,33717.749134512225,33620.459494450624,32840.71515380664,26937.910229798366,25816.447322535518,27161.07303149061,25764.529714690303,26211.869748818423,24198.137303878342,27117.51159492325,25448.79726975022,25680.21176556386,26139.004517657042,26344.40089370363,25793.533679924934,27583.928073354207,26316.495457773515,27233.66448352892,27612.21176556386,29131.002535039726,28082.135321261027,29264.45525300478,29663.662500911603,28720.984415272673,30460.83152666701,28447.28622724938,28894.984415272676,30016.26612486501,30943.43515062042,28564.66448352892,30565.32246678348,31651.00055242241,31154.133338643715,31076.586056608772,30045.606158993134,29163.64438114455,29835.851629051373,30896.37880870195,30247.30434701643,29179.984415272676,29184.173543412446,29339.682603295973,29782.644381144553,29065.09709910961,29478.92609073689,29862.43515062042,30284.00055242241,32903.78735666364,33423.66674235744,33188.97874363193,26312.81764834579,26226.99460457046,27490.789339280956,25619.736962597122,24367.569919459034,25553.964312888307,23433.930055971523,25405.815389517273,25030.042739808458,25065.83549190164,25873.85361166869,25879.891833820104,26833.815389517273,26680.40089370363,27902.135321261027,27208.966295505626,22556.103046961558,27533.268107482327,28783.70072306302,28673.28622724938,28530.68260329597,29077.889851202788,27815.155423645396,28718.53169730762,28917.398911086315,29150.795287132903,30628.32246678348,31178.529714690303,30758.718842830072,31295.586056608772,29883.662500911603,32223.20780032923,30789.32246678348,29922.153441028076,29214.833509284323,30273.455253004788,26349.98639788999,30426.662500911603,29228.437133237734,28939.984415272676,29481.70072306302,28806.70072306302,30247.736962597122,32073.865783583795,31314.9020231179,32295.781408811694,32996.1678717717,27171.94845194978,25659.145510558817,27241.827561432376,25203.71884283007,24773.68260329597,23505.495457773515,24204.137303878342,25472.626261377503,24694.38277393658,26597.398911086315,25684.155423645392,24387.70468829765,26116.155423645392,28226.606158993134,26845.47535538915,26272.740927831754,26743.004517657042,27381.457235622096,27168.909953587154,29340.002535039726,28627.4934751562,28791.833509284323,28213.626261377503,28879.040757191142,30007.869748818426,29336.946193121257,29838.15344102808,31331.00055242241,30317.869748818426,31445.849646434057,30850.887868585476,31218.18968056218,29664.209782946546,29790.002535039726,30716.26612486501,30372.662500911603,28994.946193121257,29090.53169730762,29592.493475156203,29440.002535039726,28556.720825447388,29936.718842830072,30843.056894340876,31148.885885968157,33671.90004050058,31691.914195032994,33265.24233345722,25432.04499863698,25679.52376683835,25584.867766201103,22818.66448352892,22044.62824399482,23964.249987715277,25372.984415272673,24568.060859575507,23806.006500274358,25153.740927831754,25913.324449400796,24576.610124227765,26580.268107482327,24975.119184111292,27151.871731435742,26037.288209866696,27356.815389517273,25560.57190207635,27288.41901347068,27580.759047598804,27748.759047598804,30630.94421050394,30020.51159492325,28342.984415272673,28693.984415272673,28736.53169730762,30200.417030853365,29652.002535039726,25186.34653440248,30778.227902713596,30375.17156079513,30651.417030853365,31206.095116492295,30311.813406899957,30830.77518474854,29440.88985120279,30272.851629051376,29151.135321261027,29689.549817074665,29235.833509284323,27811.457235622096,29564.248005097965,28440.588039226084,29616.92609073689,31285.885885968157,31295.600211141187,30571.97251956878,30792.52800828419,25737.024896252613,27114.143527941498,26072.37682608463,24496.869748818423,22330.722808064704,23857.948175738573,23447.080961959877,23574.722808064704,24843.19364579681,23479.044722425773,23937.006500274358,24073.251970332592,25125.57190207635,25047.98639788999,25712.288209866696,26727.871731435742,27160.569919459034,26595.646363761865,26941.457235622096,28032.928073354207,27043.249987715277,27689.36267155221,27683.815389517273,26206.21374818118,27955.362671552215,29161.4934751562,30005.56793684172,29055.135321261027,28561.833509284323,29378.588039226084,30341.3606889349,30080.54981707467,30664.11521887666,30917.586056608772,30360.606158993134,30928.77518474854,30383.26612486501,30929.37880870195,28759.928073354207,28228.4572356221,28546.871731435742,28624.53169730762,30079.869748818426,28432.09709910961,29823.264142247695,31328.298399164483,32133.781408811694,31256.980726249247,25489.535938753455,26072.107288407395,24219.284244632065,23007.060859575507,23444.36267155221,23730.720825447388,22025.441098472365,24092.779149983173,22621.53566254225,23725.251970332592,24010.76103021612,24314.119184111292,24736.666466146235,25502.231867948227,24767.45921823941,25969.344551785165,25546.873714053057,26398.042739808458,26486.042739808458,26599.702705680334,26919.43911585505,24982.441098472365,28148.720825447388,27931.569919459034,28967.946193121257,29654.360688934896,28880.833509284323,24322.026602658723,29971.90797096984,30057.002535039726,29689.304347016427,29374.795287132903,29287.437133237734,29699.851629051373,30588.02065480678,30152.417030853365,28928.3244494008,28361.324449400796,27851.306329633746,28128.569919459034,28515.68260329597,28774.946193121257,28063.342569167846,30551.980450038045,31275.27829678011,32112.932314800048,28468.833785495528,25744.61040043897,24757.221954861645,23089.398911086315,21110.101064344242,21922.81737213459,21431.139286495658,21089.819354751904,22438.139286495658,22737.53566254225,23365.34653440248,23536.799252367535,23922.006500274358,24194.799252367535,25150.344551785165,24432.006500274358,24792.51556015788,25600.080961959877,26566.759047598804,26220.98639788999,25011.45921823941,27596.966295505626,27746.268107482327,28130.871731435742,27793.02263742409,27268.83549190164,28356.07897934256,28031.117201493973,27841.815389517273,29588.90797096984,30424.56793684172,30637.32246678348,28216.268107482327,29951.662500911603,29309.040757191142,29648.946193121257,31402.453270387465,28959.437133237734,24537.686568530604,29470.493475156203,27985.966295505626,28434.47535538915,29022.70072306302,28334.304347016427,29750.18968056218,30156.075014107926,29976.336621315902,30937.387015382414,29290.115495087863,23934.387015382417,23012.413065618734,25623.64041590992,20680.34653440248,21091.251970332592,20350.85757690332,21338.970260740258,20942.04670504309,21309.85757690332,23428.45921823941,22782.5537823093,25070.740927831754,24677.231867948227,24075.006500274358,27580.115218876657,23968.89381643742,25005.666466146235,25303.722808064704,24605.610124227765,25275.51556015788,26291.32643201811,26687.646363761865,26829.344551785165,26126.477338006465,28107.68260329597,27362.646363761865,28382.117201493977,28511.626261377503,28919.928073354207,29035.380791319265,28346.68260329597,29393.040757191142,28813.53169730762,28644.173543412446,28294.26810748233,28652.380791319265,29562.248005097965,28457.777167365857,28461.268107482327,26553.042739808458,29313.342569167846,27279.004517657042,27732.833509284323,28044.24800509796,27832.92609073689,29915.563971607087,30090.387015382417,29603.81368311116,24201.745169277587,22538.678638061334,22895.851629051373,20102.34653440248,19830.32841463543,19593.04670504309,20624.064824810142,21501.384756553896,22746.74291044907,22592.49744039083,23062.95015835589,22746.47932062378,23709.195628414127,23747.592004460716,23516.441098472365,22893.366636786846,25229.666466146235,26108.948175738573,25555.722808064704,27383.588039226084,26082.684585913285,26593.19364579681,27213.41901347068,26993.646363761865,27055.646363761865,26992.137303878342,28067.41901347068,28895.70072306302,29034.040757191142,27188.004517657042,28035.155423645396,30130.26612486501,28973.4934751562,29172.738945214438,28780.928073354207,29065.07897934256,29442.738945214438,28030.51357754057,28380.022637424092,25678.45921823941,27557.513577540565,27761.07897934256,26633.21176556386,27725.606158993134,26350.437133237734,30496.411083001418,31061.272348928163,29807.5299909015,23397.02886148724,22816.865783583788,22231.209782946542,19801.988380507308,19273.952140973204,19966.612106845085,19365.82133736922,20250.404858938266,21170.159388880027,23168.101064344242,23529.76103021612,22398.72479068202,22123.008482891673,23796.911936204473,24567.51556015788,24515.855594286004,24031.34653440248,24616.666466146235,24869.968278122942,24152.044722425773,25540.930055971523,26079.98639788999,24519.53566254225,27923.626261377503,25759.024620041408,28781.342569167846,27930.117201493977,29186.795287132903,29672.360688934896,28550.22988533091,29034.984415272673,29298.738945214438,28711.984415272676,29510.040757191142,28636.966295505626,27274.79726975022,28777.833509284323,27898.06085957551,27380.948175738573,30177.793304515588,27843.211765563865,27590.022637424092,27864.342569167846,27635.64438114455,28969.35870631758,30749.37286085,31155.68684474181,30140.246298691854,23480.93429741736,20851.435150620415,21409.47535538915,19272.875696670373,19215.706670914966,20816.49744039083,20347.328414635427,20483.801234984854,21231.366636786846,23933.004517657042,21952.044722425773,23511.15740626271,22804.53566254225,22209.366636786846,22536.177508647077,23528.799252367535,24532.420996088,25105.62824399482,24572.968278122942,25347.62824399482,25183.024620041408,26277.004517657042,25904.042739808458,27104.21176556386,27788.928073354207,28522.64438114455,28296.68260329597,28867.398911086315,30079.77518474854,27869.419013470684,28887.4934751562,28246.173543412446,28636.626261377503,29023.984415272673,29427.606158993134,27909.60814161045,29375.493475156203,27463.51357754057,27176.40089370363,27627.759047598804,28957.549817074665,26878.268107482327,27820.45525300478,29406.01867218946,31506.25819439575,31073.139562706863,30158.189956773378,20650.59822852387,20910.018672189457,20368.55179969198,19475.648346379185,18910.008482891673,18804.44308108968,20262.159388880027,19400.537645159566,20992.064824810142,20417.44308108968,21741.573884693666,22249.328414635427,23854.79726975022,23514.610124227765,23024.195628414127,23407.49744039083,24537.533679924934,23089.044722425773,24628.17552602976,24084.666466146235,24549.81737213459,25075.38277393658,25382.79726975022,25536.042739808458,26289.60814161045,26716.41901347068,26788.268107482327,28618.813406899957,27727.24800509796,28389.70072306302,28750.757064981488,27504.117201493973,29749.718842830072,27657.02263742409,27365.513577540565,28874.851629051373,28407.851629051373,28589.304347016427,27256.909953587157,28339.135321261027,27928.588039226084,28031.549817074665,25843.155423645392,28305.887868585472,28322.96233027099,27581.696757828387,30094.988656718513,28937.58633281997,20653.861818349156,20386.22592009628,19304.83549190164,17956.5175427752,18457.85757690332,18867.31029486838,19442.55576492662,19266.593987078035,20337.422978705315,19208.744893066385,20916.970260740258,20555.85757690332,20811.215730798496,22289.195628414127,22963.5537823093,22946.911936204473,23821.38277393658,24039.024620041408,26384.32246678348,24244.231867948227,24190.891833820104,24840.004517657042,24646.288209866696,26408.07897934256,25878.457235622096,26380.47535538915,26978.09709910961,26963.342569167846,27661.360688934896,26521.47535538915,27430.4934751562,27282.191663179496,27353.851629051373,28214.304347016427,27592.889851202788,27839.757064981488,29313.302364399115,28873.284244632065,27450.757064981488,27169.304347016427,26688.09709910961,26893.45525300478,27012.831526667003,28682.658535676972,27095.242057246018,27764.44335730088,24813.51385375177,18203.20581771191,17428.022637424092,17011.30831225106,16763.103046961558,15951.877679287687,15976.294157718647,16994.5175427752,20410.891833820104,18408.952140973204,20169.684585913285,20557.195628414127,21376.891833820104,20650.610124227765,21346.231867948227,22624.4934751562,21103.459218239415,22547.815389517273,21755.70468829765,23806.795287132903,22117.43911585505,24136.473372771834,22331.249987715277,25425.696757828387,23405.909953587154,25779.32246678348,25327.09709910961,24578.47535538915,23929.40089370363,25927.075014107926,24969.040757191142,25904.115218876657,24795.02263742409,25903.567936841715,25018.626261377503,25344.946193121257,24269.117201493973,25701.51159492325,25215.51159492325,24197.928073354207,24880.24800509796,24086.833509284323,25885.491492538884,24328.757064981488,24572.58407399145,26369.18571532755,23541.904005735207,21863.24205724601,20942.97251956878,24730.84992264526,25282.342845379055,28802.113512470547,28454.68287950717,28355.946469332463,23530.618330908237,25023.368895615367,33077.226196307485,31340.85388787989,30872.910229798363,28582.348793231,29883.15768247392,35170.9988460163,30901.2522465438,30363.517818986402,31857.761306427325,32548.4212722992,32827.17580224096,31532.63050282334,33883.85388787989,36764.11351247055,37052.226196307485,35584.60643520435,36444.66277712281,37418.189956773385,33611.40315253215,32884.2522465438,37269.379084913155,35397.70298189154,40091.262435841585,34923.93033218273,37920.491768750086,37684.41730706458,36031.419289681886,40620.22421369017,34807.53395613613,39359.05122270013,29524.12342555713,35542.552075903186,43322.334914909785,42434.656829270854,39876.149752004654,28392.82359619774,27158.296416547164,29649.387015382417,26819.217989627014,23265.954399801725,39342.22647251868
17,28592.575041894794,17486.543380856347,23859.59123978564,27326.412526748514,29633.87115161645,30138.95913790124,27761.191190802765,29861.375139860556,30862.215120267403,33075.47907912179,30961.207143779186,29189.668509114676,29984.80983526385,30125.004501277414,33657.53241898617,33461.52444249796,35408.76970790836,31247.817811752066,33426.94842094548,30839.67648560289,37415.2283327763,36806.609688315206,36964.548371962606,31794.67648560289,38256.70565108822,40817.97758643081,39136.37763541369,39863.74827399684,40342.82828379342,37290.609688315206,40185.110936091776,40546.614924335874,39819.961633454375,37471.671004667805,39751.660287712046,36019.1057000711,44404.460140763396,38179.625641291634,44126.24952177341,44715.948176031074,41963.32155508176,41365.99353940724,38998.09224264779,33488.919010545746,26244.481819589328,33373.93496352217,13114.9274768628,6180.389087112703,12946.266209493082,17386.095472944173,19224.66077754088,21051.836750110466,21881.95140632745,20422.75674031389,19952.386101730743,21434.783410246084,23516.65803707334,23915.410031195395,24941.834009642927,22138.09273247663,24730.604697208957,26271.72732991416,25054.895325995527,27103.345974375246,24743.215365181833,24208.463371059777,24774.18869524964,26273.55933383279,27268.62065018539,26711.196671737856,25462.879373019096,25861.967359303886,24626.127378897036,27460.0366521447,25286.33002139882,25742.170001805665,25678.3833612632,25097.51671092416,25717.463371059777,27300.513970456614,25607.436701127586,26454.639343629366,25327.436701127586,24650.375384774983,23665.36740828677,26826.28465802265,23590.730070381698,23852.260728557998,23183.844726598683,23375.98605274786,22474.207388693612,19652.836750110466,14296.911523886369,24322.295130063976,15814.916759907037,17745.500757947724,21326.703400449507,22445.844726598683,22203.943429839237,23195.951406327455,24403.03939261225,23134.031416124028,25136.844726598683,25804.49004099197,25413.898066463065,26700.410031195395,25751.59672072074,26291.49004099197,27753.08201552087,29533.62065018539,31837.052605121127,31409.999265256738,28313.86067957512,26961.738046869912,29168.452654104018,28270.55135734457,29440.983312280317,29491.41800768361,28148.79936322252,28230.74602335813,28803.58600376498,28840.35669133101,30544.399314239632,28587.303351466624,28762.9140194395,29039.639343629366,29958.58600376498,29021.66601356156,29179.05534558868,30226.452654104018,28628.108685453066,27957.215365181833,29900.17797829388,28877.834009642927,29160.61267369717,27209.879373019096,27612.86067957512,29692.407290727842,28058.636603161805,21881.479324036205,19452.33799788703,21127.300610999067,25229.556593365232,26602.452654104018,25643.879373019096,24657.11940240882,24610.730070381698,23959.80210369006,24417.80210369006,26056.146072341013,27711.8527030869,27028.03939261225,27726.49004099197,28078.879373019096,26674.844726598683,30610.72732991416,27345.234058625807,29809.471347547995,28016.543380856354,29123.410031195395,29587.940689371695,28618.879373019096,30977.116661941283,29559.188695249642,23310.90080693061,29779.74602335813,28666.10070896485,29553.33002139882,29426.631367141148,29657.82603315471,30494.471347547995,30550.08201552087,31065.834009642927,31587.532663900594,32018.84198613114,30690.746023358133,31327.72732991416,30448.74602335813,31110.19667173786,30018.162025317448,31327.55933383279,31612.479324036212,30365.135355385253,30464.41800768361,30683.55933383279,31576.151308361685,31572.52992343304,30379.065817630013,25124.252507155357,24669.0578411418,25285.83126917537,27041.337997887036,25768.375384774983,25196.146072341013,23227.882113486638,26972.428724639372,25634.314068422384,25620.527427879922,29425.631367141148,26612.226082137593,28732.95938281567,29260.516710924163,29147.516710924167,29699.879373019096,30357.162025317448,28167.287398490196,28908.375384774987,29237.490040991972,26793.69542396129,27979.97807625965,28188.756740313893,31714.391337751418,30914.162025317448,32559.364667819224,35156.33525741949,32701.895325995527,31293.356691331013,30947.79936322252,30926.490040991972,32355.028675656493,33386.89532599553,31279.887349507313,33442.08999200909,32283.61267369717,32105.49801748019,32019.66601356156,31513.55135734457,32710.948665859913,31447.135355385253,31850.471347547995,31375.807339710733,30304.967359303886,31586.94866585991,33867.49527701264,34451.121897961944,33324.76447188768,30545.65505169137,27673.91377452507,26913.751259378794,26852.364667819224,24856.45539457156,24702.22608213759,26430.03939261225,26252.34073835458,27279.959382815672,25663.386101730746,27367.36740828677,27867.7300703817,27224.615414164717,28396.260728558,26904.77543375787,28631.676730517316,30678.994029236077,28607.924736395264,28833.482064503754,29152.119402408825,29433.234058625807,29917.180718761425,29213.676730517316,28685.146072341016,30177.932712883478,31928.082015520875,30710.3220449106,29333.676730517316,32639.444677615804,31732.020699168275,31916.94068937169,32676.08201552087,32261.692683493744,31644.799363222515,31982.74602335813,32295.162025317448,34963.98331228032,30901.906042951287,32687.082015520868,32371.666013561557,32262.88734950731,31269.994029236077,29581.29537497841,32494.452654104018,31908.31132795484,33171.876632551546,33505.50325350085,33122.31382350796,33844.87364716958,29011.177733379453,27310.980571812765,27348.673990049774,25021.535404368136,24949.031416124028,26515.844726598683,25309.279422001975,25777.642084096908,25883.97009977143,26255.69542396129,28026.7300703817,25471.74078733746,27538.199412205402,28956.89806646307,28922.89806646307,26993.97009977143,29374.20738869362,29011.756740313893,30519.906042951287,29493.180718761425,28650.25275206978,28204.058086056226,29219.50873443595,30195.402054707178,29140.56207430033,30906.490040991972,31375.43670112759,31402.65803707334,29414.09273247663,33702.22334167005,30377.20738869362,30220.234058625807,32962.418007683606,31948.994029236077,33058.22334167005,30767.295374978406,32344.303351466624,32377.10868545307,30819.348714842792,33686.89532599553,32621.28465802265,31320.807339710733,33271.239294646475,34520.95390188057,33196.67648560289,34422.53765500685,29321.761731420138,28239.537899921255,26660.753999846347,24055.36740828677,25756.50873443594,25236.252752069784,26037.951406327455,26340.44741808335,25517.023439635814,26747.004746191837,27725.172742273207,26901.50075794773,26520.386101730746,28034.394078218964,26843.306091934173,27310.30609193417,29710.375384774987,27307.77543375787,27780.695423961293,28457.22608213759,30273.959382815672,28975.703400449507,27719.111425920608,28470.39407821896,29181.50873443595,33391.34597437525,30114.73804686992,30810.986052747863,28762.36740828677,30288.039392612252,28750.199412205402,29655.06606254444,30896.322044910605,30576.986052747863,32389.444677615807,31359.436701127594,31574.436701127594,31826.799363222515,32113.356691331013,32705.08201552087,32105.69268349375,32866.34597437525,31898.444677615804,31670.391337751418,32797.540640388805,32645.716612958386,35096.66576864713,35290.129629535746,29246.345729460823,29306.244530667143,27660.73530640237,25888.402054707178,24557.084755988413,22144.70614091705,24697.412771662937,26043.6687540291,26312.306091934166,26481.722093893484,27479.81008017828,25991.023439635814,28874.03939261225,25162.767457269652,28594.7300703817,27815.00474619184,28879.92473639526,28739.588744232526,29122.482064503754,29334.703400449507,28155.367408286773,28125.951406327455,28934.951406327455,28304.172742273207,30936.29537497841,29223.67673051732,29829.59672072074,30343.81805666649,34475.21262471428,30062.207388693623,30985.684707005526,31562.967359303886,29789.234058625807,31096.90604295129,30342.154048829238,30938.348714842796,31866.578027276766,31886.684707005526,33067.80733971074,32460.471347548,31273.303351466624,30510.047369100463,30943.887349507313,32921.04462863291,34934.873892084,34969.35644641658,35598.96960994259,28140.532418986168,27008.61790971783,27868.73530640237,26239.711376937725,25571.09273247663,24847.722093893484,24894.386101730743,25222.580767744308,27158.756740313893,26718.890089974855,26876.111425920608,28903.180718761425,25978.439441595132,27121.890089974855,26566.996769703623,28572.50873443595,26984.916759907046,30025.76471680211,27467.86342004266,28045.97807625965,27060.943429839237,26963.722093893484,29477.844726598687,28999.287398490196,30218.20738869362,29466.428724639372,28847.314068422384,30760.26870504622,30225.348714842792,30356.76471680211,29771.428724639372,27765.642084096908,29545.650060585125,32742.807339710736,29597.06606254444,29098.146072341016,29866.62339065293,32961.78066977854,32364.135355385257,32070.162025317448,30919.93271288348,30165.10070896485,30186.047369100463,31839.61267369717,32596.0979684973,34684.62588620605,34627.85245817248,35712.252262240945,30124.407045813423,27515.53789992125,27323.425984171827,25818.986052747863,25110.642084096904,24167.492781459514,25160.916759907042,26458.39407821896,27186.7300703817,25734.943429839237,27861.703400449507,27124.890089974855,26864.50075794773,27605.89806646307,27022.33276186636,27854.22608213759,27625.50075794773,28073.199412205402,27058.80210369006,28840.871396530878,28135.642084096908,30165.7913867343,27709.69542396129,34222.876632551546,30046.818056666496,29203.703400449507,28978.50873443595,29351.650060585125,29856.7913867343,29069.898066463073,30201.62339065293,29281.012722680054,28143.81008017828,28954.783410246084,30412.7913867343,30411.154048829234,31041.68470700553,31323.242035114024,30809.127378897043,31655.3833612632,30160.711376937725,29716.154048829234,31746.170001805665,33464.017958700715,35704.38585681633,34689.18845033522,36112.11093609177,27687.833764728493,27721.316563975503,27386.25798809046,25232.207388693616,24914.615414164713,26208.482064503754,24388.43944159513,26471.588744232522,26947.172742273207,25068.492781459514,28083.314068422384,27433.81008017828,26269.80210369006,26698.890089974855,28931.871396530878,28291.783410246084,28974.871396530878,29278.287398490196,27840.058086056226,29035.482064503754,27353.306091934173,29196.676730517316,28511.783410246084,27786.86342004266,31307.356691331013,27844.084755988413,29560.03939261225,29336.428724639372,29282.207388693616,29261.119402408825,30287.180718761425,29205.756740313893,29026.7300703817,30160.59672072074,30817.932712883478,29944.42872463937,32078.162025317448,32020.578027276762,30820.93271288348,29753.59672072074,30416.543380856358,30145.906042951287,30671.55135734457,32830.34597437525,33903.423243704274,34384.68446209111,36362.67624068848,28998.460385677805,27369.369903839888,27183.28465802265,25675.012722680054,24554.642084096908,24231.828773622252,24653.580767744308,26402.22608213759,28111.207388693616,25030.687447473072,26981.615414164713,27532.783410246084,27640.004746191837,27127.111425920608,28709.314068422384,28741.06606254444,28705.287398490196,25072.183459228967,27701.058086056226,29325.62339065293,29281.89806646307,29377.119402408825,28575.703400449507,28821.45539457156,29108.45539457156,29709.65006058513,28896.314068422384,29114.09273247663,29239.45539457156,30249.15404882923,29926.180718761425,29134.45539457156,29068.314068422384,27627.554097812113,29126.09273247663,31218.852703086897,30030.348714842796,29544.730070381698,31743.799363222523,30808.90604295129,31243.41003119539,29623.20738869362,29172.180718761425,31639.116661941283,31959.31132795484,33217.55659336524,35275.028430742066,37053.28690866135,29062.265719664243,27329.316563975506,27899.345974375246,25647.543380856354,24665.668754029095,25885.508734435945,25546.916759907042,26666.535404368136,27880.03939261225,27083.836750110473,27324.615414164717,29739.940689371695,28674.959382815672,29877.463371059777,28420.50873443595,27964.199412205402,28413.7300703817,29581.03939261225,30425.906042951287,28246.81008017828,28698.535404368144,30599.932712883478,30006.3220449106,28929.34073835458,28427.83675011047,29367.650060585125,29237.7300703817,28261.56207430033,32372.28465802265,30328.711376937725,28147.668754029102,30030.959382815672,30077.543380856354,30631.738046869916,31264.3220449106,30687.959382815672,31153.10070896485,30574.543380856354,30713.684707005534,29867.596720720743,30788.215365181833,30015.242035114024,33246.84996261935,33756.03391167715,34095.87912810467,34475.96163345438,27756.364422904797,27195.953901880574,22792.642084096904,26698.410031195395,25936.95938281567,24603.306091934166,25347.03141612403,26164.978076259646,27266.260728557998,26704.004746191837,27159.36740828677,26797.47408801554,27797.756740313893,26434.943429839237,27117.695423961293,29048.764716802114,28128.56207430033,29049.844726598687,29325.03939261225,28300.783410246084,29849.906042951287,29031.50873443595,30045.207388693616,28129.17274227321,30817.66601356156,29818.03939261225,29698.482064503754,30015.986052747863,29438.287398490196,31398.188695249642,31546.33002139882,29359.428724639372,29774.59672072074,26315.43944159513,29449.871396530878,31308.463371059777,29229.89806646307,28777.367408286773,29807.287398490196,30121.932712883478,30626.631367141148,30007.711376937725,30536.78066977854,31607.116661941283,34285.61790971783,33506.287153575766,36272.729580552856,28246.700415067535,27010.255247622903,28133.01795870072,25289.95938281567,25816.818056666492,24942.86342004266,24200.218105649376,24578.324785378143,24687.668754029095,26169.916759907042,25754.943429839237,26518.836750110466,25374.24477558157,27391.226082137593,27152.058086056226,28022.146072341016,27945.36740828677,28420.924736395264,28982.260728558,29192.818056666492,28628.871396530878,29935.15404882923,29272.7913867343,29949.29537497841,29368.428724639372,29465.871396530878,29356.06606254444,29637.012722680054,30475.322044910605,30661.43670112759,32723.223341670047,29914.59672072074,31358.215365181837,27647.527427879922,29398.287398490196,30895.07403903266,29348.89806646307,28966.756740313893,28758.03141612403,30206.40205470718,28187.332761866364,29181.260728558,29943.8527030869,30220.55135734457,30939.9753357921,33597.476583568656,35046.745778443714,35797.50026811889,28602.673745135347,26454.556593365232,28081.185954782086,27332.94866585991,26015.242035114024,25329.871396530874,25256.615414164717,25274.111425920608,26157.447418083346,24443.882113486638,25231.16476578499,25941.74876382568,27303.56207430033,27457.783410246084,27924.314068422384,28559.986052747863,24050.90080693061,30031.074039032657,29744.906042951287,29222.012722680054,29375.596720720743,28278.97807625965,29572.57005078855,30092.879373019096,29359.703400449507,30016.76471680211,30082.959382815672,30965.26870504622,30987.99402923608,30399.490040991972,30533.154048829238,30694.8527030869,30585.76471680211,30592.43670112759,30781.10070896485,30047.375384774987,29214.588744232526,30621.127378897047,31289.242035114028,29983.986052747863,29155.314068422384,29235.844726598687,30196.43670112759,29095.738046869916,32562.151308361685,34303.423243704274,34271.07379411823,34094.43097527807,27818.58575885055,26224.03391167715,27235.071298565104,25932.02069916827,26299.879373019096,24267.16476578499,27306.12737889704,25499.306091934166,25792.420748151155,26116.86342004266,26395.084755988413,25725.386101730746,27624.92473639526,26445.916759907046,27280.004746191837,27761.420748151155,29436.180718761425,28231.482064503754,29461.76471680211,29789.3220449106,28723.287398490196,30516.410031195395,28748.676730517316,29212.287398490196,30430.10070896485,31125.188695249642,28873.004746191833,31028.46337105978,31748.49801748019,31272.799363222523,31289.3833612632,30374.959382815676,29272.428724639372,30057.986052747863,31179.82603315471,30363.570050788552,29457.287398490196,29422.95140632745,29546.898066463073,29908.428724639376,29147.012722680054,29608.242035114024,30079.18869524964,30675.49801748019,33342.89258552797,34183.82578824028,34335.8203073052,26995.02045425384,26583.449913636465,27765.57528680921,25925.578027276762,24249.172742273207,25605.711376937725,23287.607437676495,25323.199412205402,25063.33276186636,25135.775433757866,25949.6687540291,25997.1380958528,26917.199412205402,26658.084755988413,28106.482064503754,27350.39407821896,22538.060826523768,27607.783410246084,28918.7913867343,28756.676730517316,28611.89806646307,29206.45539457156,27828.058086056226,28730.703400449507,28984.402054707178,29174.62339065293,30741.463371059777,31330.020699168275,30905.684707005534,31516.3833612632,30032.3220449106,32493.055345588684,31098.463371059777,30103.375384774987,29337.09273247663,30433.764716802114,26422.97009977143,30703.3220449106,29418.871396530878,29252.287398490196,29767.7913867343,29000.7913867343,30510.578027276762,32463.513970456614,31891.495277012633,32918.039147697826,33986.8203073052,27718.833764728497,26077.644579650027,27338.044628632913,25270.68470700553,24719.898066463065,23462.916759907042,24070.16476578499,25480.535404368136,24771.191435717185,26716.402054707178,25734.058086056222,24316.156789296776,26390.058086056226,28273.959382815672,26948.34073835458,26396.943429839237,26889.86342004266,27406.44741808335,27158.03141612403,29420.180718761425,28814.234058625807,28938.09273247663,28443.53540436814,29156.650060585125,30172.879373019096,29442.818056666492,30001.375384774987,31671.49801748019,30675.879373019096,31861.303351466624,31136.772693290324,31372.162025317448,29848.73804686992,30120.18071876142,30838.100708964845,30749.3220449106,29203.818056666492,29020.703400449507,29825.23405862581,29729.180718761425,28636.367408286773,30386.68470700553,31147.86067957512,31299.08999200909,34070.61790971783,32501.14582742659,34383.854953725604,26088.76447188768,26091.97259532455,25783.196671737856,23075.004746191837,22191.218105649376,23976.890089974855,25424.287398490193,24634.22608213759,23866.546121323896,25065.943429839237,26135.146072341013,24658.324785378143,26604.783410246084,25015.27144551376,27078.56207430033,26041.35943179855,27389.199412205402,25646.855443554447,27506.97807625965,27725.836750110473,27670.836750110473,30748.135355385257,30250.12737889704,28472.287398490196,28968.287398490196,28823.703400449507,30163.29537497841,29678.180718761425,25196.40479517472,30960.631367141148,30657.26870504622,30906.29537497841,31537.33002139882,30605.516710924163,31091.047369100463,29720.45539457156,30296.98605274786,29303.482064503754,30085.59672072074,29468.09273247663,28052.447418083346,29818.20738869362,28700.066062544436,29607.242035114024,31547.08999200909,31816.911278971955,31230.607192762072,31784.060336694925,26429.38311634877,27498.96187836879,26179.14333187347,24670.879373019096,22356.050109568005,23901.500757947728,23634.80210369006,23723.050109568005,24867.527427879922,23506.015463147596,24109.546121323896,24170.57279125609,24884.855443554443,25197.970099771428,25951.35943179855,26610.56207430033,27249.172742273207,26891.111425920608,27148.447418083346,28135.924736395264,27302.890089974855,27826.615414164717,27810.199412205402,26312.10344943239,28100.615414164717,29146.234058625807,30283.490040991972,29241.482064503754,28754.09273247663,29539.06606254444,30323.932712883478,30380.596720720743,30831.906042951287,31015.3833612632,30417.959382815672,31081.047369100463,30530.10070896485,31084.826033154714,28856.924736395267,28120.44741808335,28627.56207430033,28771.703400449507,30167.879373019096,28617.012722680054,30260.41800768361,31778.521946944828,32901.233813711384,32194.839000749173,26164.012477765627,26443.175237826326,24433.994029236077,23133.22608213759,23450.615414164713,23709.36740828677,22050.23679909335,24153.412771662937,22619.06880301198,23595.57279125609,24108.51945139171,24261.27144551376,24853.687447473072,25471.99676970362,24709.13011936458,26011.722093893484,25586.24477558157,26341.33276186636,26486.33276186636,26944.474088015537,26972.554097812113,24968.23679909335,28423.36740828677,28020.17274227321,29110.818056666492,29840.932712883478,29144.09273247663,24410.122142876367,30082.348714842796,30100.180718761425,29926.57005078855,29293.62339065293,29265.871396530878,29932.986052747863,30729.074039032657,30342.295374978406,29052.146072341016,28549.146072341016,27759.252752069788,28351.17274227321,28806.89806646307,28913.818056666492,28171.03939261225,30909.921995927718,31692.945925392356,32867.039147697826,29504.06307716247,26264.26846013179,24950.583263297427,23333.402054707178,21125.37812524253,21873.882113486638,21396.847467066225,21164.564814767873,22253.847467066225,22579.06880301198,23281.40479517472,23572.988793215405,24055.546121323896,24201.988793215405,25229.722093893484,24523.546121323896,24910.492781459514,25615.80210369006,26527.836750110466,26283.97009977143,25123.13011936458,27507.39407821896,27691.783410246084,28036.56207430033,27846.756740313893,27291.77543375787,28587.119402408825,28173.588744232526,28017.199412205402,29774.348714842796,30503.490040991972,30705.463371059777,28458.783410246084,30113.3220449106,29485.650060585125,29626.818056666492,31640.08201552087,29017.871396530878,24559.263469025544,29391.23405862581,28012.394078218964,28554.34073835458,29089.7913867343,28277.57005078855,29745.162025317448,30220.753999846347,30226.991288768524,31482.305847019743,30283.292389596438,24565.695179046867,23400.92997241593,25714.063322076898,20632.40479517472,21316.57279125609,20337.034156591573,21385.759480781435,20901.698164428835,21419.034156591573,23646.13011936458,22735.962123283214,24997.943429839237,24655.99676970362,24196.546121323896,27574.906042951287,24121.820797134034,25150.687447473072,25282.05010956801,24668.324785378143,25168.492781459514,26300.828773622256,26840.111425920608,27049.722093893484,26329.023439635817,28554.898066463065,27429.111425920608,28422.588744232526,28735.535404368144,28801.924736395267,29246.50873443595,28412.898066463073,29640.650060585125,28910.703400449507,28722.951406327455,28334.783410246084,28826.50873443595,29700.20738869362,28717.7300703817,28491.783410246084,26711.33276186636,29561.03939261225,27372.86342004266,27888.09273247663,28014.20738869362,28135.242035114024,30227.12463842949,30713.305847019743,30586.132370003288,24864.252507155357,22872.532663900594,23188.986052747863,20201.40479517472,19876.51147490349,19488.698164428835,20665.591484700064,21424.87413699842,22615.626131120473,22680.59946118828,22962.183459228967,22915.70614091705,23665.210129161158,23711.431465106914,23587.23679909335,22897.980816727188,25286.687447473076,26273.50075794773,25533.05010956801,27631.06606254444,26219.580767744308,26873.527427879922,27357.97807625965,27228.111425920608,27152.111425920608,26848.16476578499,28329.97807625965,28999.7913867343,29133.650060585125,27332.86342004266,28178.058086056226,30278.10070896485,29034.23405862581,29342.260728558,28960.924736395264,29252.119402408825,29502.260728558,28150.81008017828,28513.756740313893,25732.13011936458,27944.81008017828,27896.11940240882,26824.420748151155,27827.95938281567,26685.871396530878,30856.24727113469,31731.897821548646,30719.105700071093,24158.55385289769,23284.513970456617,22369.738046869912,19886.652801052664,19413.866160510202,20073.00748665938,19311.24751604911,20244.450158550888,21125.423488618697,23070.378125242525,23626.519451391705,22548.732810849244,22283.22882260513,23947.714117405267,24407.492781459514,24682.351455310338,24099.40479517472,24668.687447473072,25107.0767795002,24180.015463147596,25647.607437676495,26201.97009977143,24627.06880301198,27792.535404368144,25594.43944159513,28619.03939261225,27994.588744232526,29329.62339065293,29900.932712883478,28640.314068422384,29244.287398490196,29476.260728558,29018.287398490196,29580.650060585125,28635.394078218964,27483.306091934173,28909.09273247663,28057.22608213759,27524.50075794773,30351.940689371695,28016.420748151155,27804.756740313893,27817.03939261225,27799.428724639372,29268.250011602242,31200.77792931099,31923.207143779196,31073.77768439657,24221.91651499262,21208.18869524964,21610.34073835457,19204.927476862802,19254.839490578008,20937.599461188285,20379.511474903487,20420.671494496644,21105.980816727188,24088.86342004266,22056.015463147596,23634.74078733746,23039.06880301198,22401.980816727188,22564.316808889926,23682.988793215405,24748.66077754088,25056.218105649376,24768.076779500196,25478.21810564938,25197.439441595132,26427.86342004266,26103.33276186636,27026.420748151155,27910.92473639526,28689.428724639372,28341.898066463073,29081.402054707178,30171.047369100463,28146.97807625965,29189.23405862581,28455.951406327455,28747.535404368144,29195.287398490196,29565.959382815672,27885.642084096908,29495.234058625807,27675.81008017828,27529.084755988413,27683.836750110473,28909.59672072074,26882.783410246084,27902.764716802107,29700.391337751418,31905.36990383989,31912.180473847002,31359.97235041013,21092.228577690712,21116.391337751415,20424.27942200197,19592.794127201843,18936.22882260513,18806.919500374584,20169.423488618697,19554.75150429322,21074.591484700064,20379.919500374588,21753.53814483568,22249.511474903487,23844.306091934166,23660.324785378143,23008.210129161158,23480.59946118828,24579.386101730746,23084.015463147596,24789.63410760869,24246.687447473072,24542.882113486638,24935.191435717185,25446.306091934166,25423.33276186636,26494.642084096908,26941.97807625965,26938.783410246084,28553.516710924167,27833.20738869362,28422.7913867343,29101.15404882923,27545.588744232522,29788.68470700553,27794.756740313893,27563.81008017828,28982.986052747863,28411.986052747863,28743.57005078855,27528.031416124028,28368.482064503754,28039.06606254444,28153.59672072074,26192.058086056222,28364.772693290324,28641.02867565649,28023.425984171827,30810.79114181988,29971.636358247397,21018.14856789413,20727.94866585991,19322.775433757866,17907.17548274075,18565.034156591573,18883.618154632255,19285.64482456445,19244.11416638815,20484.34347882212,19595.30883240171,20928.759480781435,20693.034156591573,20898.786150713626,22376.210129161158,23030.962123283214,23189.714117405267,23910.191435717185,24035.43944159513,26384.463371059777,24320.99676970362,24293.1380958528,24987.86342004266,24767.35943179855,26618.119402408825,26205.447418083346,26572.34073835458,27352.012722680054,27183.03939261225,27713.932712883478,26671.34073835458,27668.234058625807,27474.844726598687,27533.986052747863,28396.57005078855,27595.45539457156,27894.15404882923,29334.887349507313,28856.99402923608,27740.15404882923,27337.57005078855,26771.012722680054,26936.764716802107,27346.410031195395,28973.956642348123,27451.964618836333,28530.668509114676,25703.948420945482,18285.372644307434,17902.756740313886,17160.935453351016,16956.060826523764,15893.61017814404,16009.407535642262,17110.175482740746,20201.138095852795,18463.866160510202,20098.580767744304,20630.210129161154,21368.1380958528,20503.324785378143,21531.99676970362,22732.234058625807,21185.13011936458,22719.1994122054,21987.156789296776,23955.62339065293,22100.554097812113,24280.65803707334,22367.89008997485,25558.425984171823,23429.031416124028,25956.463371059777,25515.012722680054,24630.34073835458,23998.084755988413,26002.753999846347,25077.650060585125,26083.906042951283,24863.756740313893,26072.49004099197,25157.535404368136,25571.818056666492,24509.588744232522,25857.127378897036,25429.127378897036,24374.92473639526,25018.207388693616,24276.09273247663,26187.55135734457,24495.15404882923,24905.700659981965,26654.796622754962,24168.983312280317,22268.548616877015,21556.580522829885,25106.052360206704,25436.788401352333,29054.97235041013,28374.647075203156,28369.567065406576,23518.80459924318,25049.412526748514,33424.69767459999,31313.41776276918,30835.78042486411,28831.836505196043,29855.48979607754,35150.56432493904,31116.321799996174,30442.924491480837,31919.26846013179,32576.409786280972,33002.38311634878,31649.649815670702,33968.41776276918,36976.972350410135,37000.69767459999,35753.70839155575,36545.07105365068,37849.911034057535,33702.516466009736,33144.32179999618,37312.575041894794,35463.223096755624,40032.484315142465,35071.35644641658,38278.30036608466,37624.044383718494,35976.72708499973,40872.01497331876,34954.13511047083,39658.56158447149,29522.38585681632,35589.02843074206,43348.05759622739,42592.02294980698,39880.7589909526,28565.679226070435,27337.83924566359,29711.30584701974,27103.21786073495,23541.29787053153,40454.25201732653
18,28934.442507022777,17752.181660979953,24043.197735633606,27295.832649061434,29819.20778229215,30310.987122883478,27761.981094888353,30243.875788513287,31052.98913221518,33146.32715398917,30873.653119772905,29175.834658393145,29923.242884417166,30134.279995873898,33857.95603942187,33190.62002697959,35608.479618479505,31506.578896859446,33562.844705051684,30857.170670835418,37490.85475171022,37003.5929621814,37265.628064306424,32099.17067083542,38414.708315215,41071.38234943127,39241.59899017653,40328.19478281591,40396.63811096497,37424.5929621814,40501.454563013016,40607.122569234154,40015.710324546715,37558.55786005638,40081.41544222458,36388.92495596026,44554.76551998881,38491.26498706595,44228.05638364753,44903.761501325396,42234.16369935431,41577.05437431582,39508.97613273894,33773.22385694581,26326.133559378686,33719.895881830365,13346.726276840654,6226.991019187173,12985.97801971093,17430.948945581033,19212.581849677154,20859.140530859808,21885.734314167486,20260.697202710755,19780.10141007137,21542.511645427105,23363.775444287632,23811.1094473982,25017.33412547029,22190.142540191515,24550.146558854933,26235.076354604887,25220.299023345266,27163.338144133704,24667.07233594147,24357.7383328309,24780.25789322512,26390.85368586451,27436.818583739485,26734.593905667396,25451.626998460713,25898.40633905204,24779.292995350144,27355.707249369298,25562.666119249152,25737.779462951046,25726.29500468185,25023.3672182636,25793.7383328309,27206.56081287408,25591.92389011455,26488.29701401356,25336.92389011455,24577.95899223957,23662.622979797296,26865.373246258725,23817.882759994405,23795.365208931893,23261.476543302084,23310.884769326112,22476.736323499194,19562.140530859804,14392.0542519561,24464.43246036423,15996.583859008857,17567.695193379048,21102.068317278055,22366.476543302084,22091.39830172521,23064.734314167486,24445.513654758815,23159.177642316536,24926.476543302084,25783.55277554725,25135.105428734787,26700.1094473982,25561.810546412653,26294.55277554725,27712.00012235972,29614.818583739485,31470.379274253843,31522.750388821143,28081.14856818664,26740.21877243668,29040.595914999103,28110.517673422233,29490.07836393659,29405.445459840477,28002.18367031166,28188.554784878957,28784.66812858086,28568.4805619655,30546.967029566404,28593.8516765328,28832.77745361934,29130.29701401356,29870.66812858086,28967.11145672991,28975.18567964337,30069.595914999103,28654.81456507607,27912.07233594147,29843.115475393322,28929.33412547029,29123.48257129721,27021.626998460713,27533.14856818664,29659.30304200868,28205.49060862403,21980.410357715456,19598.00213169142,21220.045271143274,25314.04728047498,26484.595914999103,25544.626998460713,24505.95698290787,24483.882759994405,23524.99007570118,24168.99007570118,25671.771425624214,27339.81255574436,26975.51365475881,27589.55277554725,27811.626998460713,26559.476543302084,30457.076354604887,27184.550766215543,29695.07434527318,27914.18166097995,29124.1094473982,29365.59189633569,28474.626998460713,30776.150577518347,29601.25789322512,22956.911834124305,29660.554784878957,28362.478552633795,29484.666119249152,29509.961001571282,29503.998113028014,30244.07434527318,30475.00012235972,30959.33412547029,31556.039243148156,31769.670137912566,30646.554784878957,31245.076354604887,30315.55478487896,31001.593905667396,30032.44345050877,31225.85368586451,31743.410357715456,30250.62900779242,30458.445459840477,30419.85368586451,31481.301032676973,31623.23283775863,30715.28200520561,25638.94599276333,24982.908881306597,25578.527720080765,26925.002131691428,25641.958992239575,25402.771425624214,23012.43340385023,26590.587877672275,25687.994094364592,25385.509636095398,28950.961001571282,26225.21475377327,28621.070326609763,29036.3672182636,29009.3672182636,29380.626998460713,30417.44345050877,28139.179651648246,28633.95899223957,29285.55277554725,26699.73230483578,27852.548756883836,28006.697202710755,31575.631017124128,30816.44345050877,32261.816574407778,35463.1957263019,32607.299023345266,31068.4805619655,31005.18367031166,30768.55277554725,32241.371236927014,33136.299023345266,31126.96301090299,33427.336134802,32096.48257129721,32155.888787989534,31738.11145672991,31491.517673422233,32684.927908777965,31577.62900779242,31729.07434527318,31496.519682753937,30255.40633905204,31302.927908777965,34265.0823826,34670.680184571094,33925.09845725367,31339.03428099874,28383.842695719966,27113.084391931712,26845.816574407778,24812.402320388625,24282.214753773267,26237.513654758815,26173.808537080946,27253.070326609763,25477.10141007137,27184.622979797296,27604.882759994405,27156.288976686727,28114.365208931893,26719.17563298483,28590.253874561706,30704.22078176839,28538.919871451137,28990.216763104974,28935.95698290787,29436.550766215543,29647.921880782844,29066.253874561706,28490.771425624214,30179.255883893413,31803.00012235972,30502.330106806876,29435.253874561706,32482.259902556823,31390.035224484738,31962.591896335693,32723.00012235972,32143.92589944626,31591.183670311664,31748.55478487896,32235.44345050877,34717.0783639366,30741.44144117706,32467.000122359717,32335.111456729905,32314.96301090299,31313.220781768396,29700.515664090522,32322.595914999107,31868.18768897508,33379.82059307119,33551.41839504228,33478.948002095036,34628.968095412114,29370.995160210303,27487.27195854707,27435.447469172184,24950.845648537674,24705.177642316536,26294.476543302084,25163.843639205967,25622.10341940308,25842.21274444156,26177.73230483578,27719.882759994405,25284.025177826203,27249.400311056917,28635.105428734787,28828.105428734787,26777.21274444156,29318.736323499194,28830.697202710755,30440.441441177063,29308.921880782844,28514.029196489613,28124.992085032885,29118.031205821324,30199.773434955925,28962.660091254027,30946.55277554725,31438.92389011455,31574.775444287632,29385.14254019152,33510.408348383746,30127.736323499194,30258.550766215547,33088.44545984048,31921.220781768396,33123.408348383746,30671.515664090522,32435.851676532806,32623.81456507607,30823.144549523226,33713.299023345266,32756.373246258725,31211.519682753937,33531.0803732683,34707.45751583072,33767.20778229214,35347.74542667173,30112.21782895068,28489.568850200907,26666.890797321237,24122.622979797296,25590.031205821324,25182.029196489617,25902.734314167486,26265.06630794635,25434.84162987426,26755.363199600186,27510.585868340568,26742.695193379048,26284.10141007137,27931.43742251365,26716.65808192232,27120.658081922316,29697.95899223957,27250.17563298483,27855.73230483578,28191.214753773267,30146.070326609763,28839.068317278055,27569.62097046559,28345.437422513645,29250.031205821324,33601.338144133704,30194.21877243668,30551.884769326112,28594.622979797296,30161.51365475881,28798.400311056917,29691.328097475165,30666.330106806876,30474.884769326112,32431.25990255683,31370.92389011455,31403.92389011455,31817.18367031166,31789.4805619655,32710.00012235972,31921.925899446258,32595.338144133704,31901.259902556827,31779.631017124128,32824.375255590436,32952.933936773086,35621.065364460344,36523.229884940934,29879.329163320876,29620.609980321053,27853.412367047164,25662.773434955925,24622.80652774924,21891.874722667577,24718.915852787723,25893.91786211943,26165.658081922316,26281.54674755213,27272.326088143458,25884.84162987426,28633.513654758815,25091.839620542556,28463.882759994405,27622.363199600186,28695.919871451137,28610.474533970377,29027.216763104974,29303.068317278055,28174.622979797296,28079.734314167486,28744.734314167486,28114.585868340568,30910.515664090522,29408.253874561706,29654.810546412653,30293.662100585734,34647.26593055195,29792.736323499194,30892.589887003982,31519.406339052042,29531.550766215543,30990.441441177067,30230.107438066494,30732.144549523226,31829.332116138587,31694.58988700398,33197.51968275393,32093.074345273177,31407.8516765328,30560.84966720109,30876.96301090299,33200.043261811574,35113.01418768166,35459.47158115267,36369.231894272634,28682.993150878592,27323.012178349964,27862.412367047164,26002.40432972033,25347.142540191515,24617.54674755213,24837.10141007137,25095.1385215281,27015.697202710755,26467.76941629251,26678.62097046559,28807.921880782844,25869.730295504072,26700.76941629251,26387.02718715791,28549.031205821324,26717.583859008857,29827.03321515303,27351.95497357616,27832.548756883836,26925.39830172521,26950.54674755213,29322.476543302088,29018.179651648243,30250.736323499194,29372.587877672275,28812.994094364592,30687.701221374173,30060.144549523226,30376.03321515303,29491.587877672275,27516.10341940308,29636.439431845356,32912.51968275393,29382.328097475165,29267.77142562422,29684.624989129003,32985.70524003758,32245.629007792424,32024.44345050877,30796.25588389341,29963.478552633795,30168.84966720109,31728.48257129721,32610.672147244273,35072.34819079224,35272.877797844994,36803.38234943127,30651.29406119585,27725.568850200907,27253.781472282753,25653.884769326112,24938.10341940308,23989.35918093677,25049.583859008857,26352.43742251365,27023.882759994405,25575.39830172521,27636.068317278055,26911.76941629251,26669.695193379048,27374.105428734787,26960.47252463867,27559.214753773267,27597.695193379048,27847.400311056917,26854.99007570118,28895.290986018437,28285.10341940308,30029.847657869384,27634.73230483578,34170.82059307119,29948.662100585738,29107.068317278055,28846.031205821324,29152.439431845356,29953.847657869384,29110.105428734787,30142.62498912901,29230.699212042462,28234.326088143458,28872.511645427105,30111.847657869384,30190.107438066494,30995.58988700398,31183.88677865782,30816.292995350148,31677.295004681848,30218.40432972033,29368.107438066494,31766.779462951046,33538.22881909522,35932.01820634508,35273.248912412295,37106.937011950504,28432.288033200726,28024.717296027826,27397.558803542375,25264.736323499194,24802.288976686727,26022.216763104974,24230.730295504072,26332.474533970377,26625.585868340568,24964.35918093677,27683.994094364592,27207.326088143458,26109.99007570118,26680.76941629251,28730.290986018437,28110.511645427105,28848.290986018437,29229.179651648243,27631.992085032885,28761.216763104974,27290.658081922316,29016.253874561706,28362.511645427105,27601.95497357616,31092.4805619655,27850.806527749235,29466.513654758815,29067.587877672275,29459.736323499194,29126.95698290787,30148.921880782844,28959.697202710755,29069.882759994405,29994.810546412653,30851.255883893413,29753.587877672275,31975.443450508777,32091.332116138583,30783.255883893413,29689.810546412653,30331.181660979953,30199.441441177063,30694.517673422233,33068.338144133704,34132.97506689323,35206.543794734425,37564.384358762974,29612.922946628558,27724.34618146053,27284.37324625873,25459.699212042462,24331.10341940308,24178.804518417528,24381.1385215281,26313.214753773267,27890.736323499194,24707.396292393503,26790.288976686727,27422.511645427105,27516.363199600186,27021.62097046559,28571.994094364596,28745.328097475165,28464.179651648243,25019.728286172365,27533.992085032885,29177.624989129003,29113.105428734787,29008.95698290787,28329.068317278055,28953.402320388625,29020.402320388625,29754.439431845356,28838.994094364596,29004.14254019152,29254.402320388625,30133.107438066494,29927.921880782844,29016.402320388625,29054.994094364592,27455.324078811747,29147.14254019152,31287.81255574436,30184.144549523226,29539.882759994405,31856.18367031166,30672.441441177067,31250.1094473982,29853.736323499194,29296.921880782844,31731.150577518347,32008.18768897508,33404.04728047498,36218.32514465746,38317.79258478701,29786.84872371509,27743.717296027826,28053.338144133708,25401.181660979953,24537.91786211943,25900.031205821324,25318.583859008857,26586.845648537674,27340.513654758815,26834.140530859804,27100.288976686727,29453.59189633569,28793.070326609763,29853.7383328309,28192.031205821324,27794.400311056917,28450.882759994405,29346.513654758815,30296.441441177063,28193.326088143458,28648.845648537677,30338.255883893413,29877.330106806876,28748.808537080946,28220.140530859808,29439.439431845356,29051.882759994405,28323.660091254027,32316.373246258725,30487.40432972033,28189.91786211943,29910.070326609763,30057.181660979953,30762.21877243668,31187.33010680688,30496.070326609766,30884.478552633795,30574.18166097995,30684.589887003982,29814.810546412653,30894.07233594147,30060.88677865782,33226.006150354835,34432.90084397977,34825.543794734425,35719.08143911401,28442.844705051677,27675.457515830723,22811.10341940308,26555.1094473982,25739.070326609763,24378.658081922316,25234.177642316536,25723.548756883836,27150.365208931893,26867.363199600186,26923.622979797296,26819.880750662698,27332.697202710755,26146.39830172521,26980.73230483578,28704.03321515303,27871.660091254027,29091.476543302084,29125.513654758815,28146.511645427105,29786.441441177063,28885.031205821324,29868.736323499194,27861.585868340568,30620.11145672991,29532.513654758815,29560.216763104974,29766.884769326112,29461.179651648243,31495.257893225127,31475.666119249152,29274.587877672275,29565.810546412657,26239.730295504072,29432.290986018437,31241.738332830904,29338.105428734787,28696.6229797973,29696.17965164825,30144.255883893413,30353.961001571282,29873.40432972033,30681.70524003759,31789.150577518347,34563.01217834996,34248.133559378686,37685.49569313316,28935.252931075705,27182.75239815285,28142.22881909522,24971.070326609763,25600.662100585734,24721.95497357616,23871.87874133099,24365.13651219639,24527.91786211943,25806.583859008857,25648.39830172521,26463.140530859808,25329.69318404734,27239.214753773267,26879.992085032885,27772.771425624214,27804.6229797973,28265.919871451137,28682.365208931893,29197.662100585734,28533.290986018437,29972.107438066494,29303.847657869384,29940.51566409052,29308.587877672275,29462.290986018437,29240.328097475165,29526.699212042462,30439.330106806876,30613.92389011455,32607.408348383742,30101.81054641266,31206.07233594147,27538.509636095398,29265.179651648243,31006.66410991744,29489.105428734787,28985.697202710755,28646.177642316536,30260.77343495593,28151.472524638666,29319.365208931893,29838.812555744364,30426.517673422233,31133.742351494315,33887.60395232593,35702.5086926094,36861.19679214762,29150.401376902624,26712.04728047498,28263.451487835595,27286.927908777965,25695.88677865782,25053.290986018437,25081.288976686727,25092.62097046559,25764.06630794635,24369.43340385023,25149.249855898288,25624.36119026848,27149.660091254027,27387.511645427105,27886.994094364596,28318.884769326112,23901.911834124305,29998.66410991744,29329.441441177063,29134.699212042462,29114.810546412653,27934.548756883836,29576.996103696303,29980.626998460713,29204.068317278055,29721.033215153035,29941.070326609763,30833.701221374176,31037.22078176839,30152.55277554725,30300.107438066494,30692.812555744364,30503.033215153035,30472.92389011455,30804.4785526338,30049.95899223957,28888.474533970373,30668.292995350144,31310.88677865782,29975.884769326112,29212.994094364596,29161.476543302084,30197.92389011455,29041.21877243668,32685.301032676973,34856.975066893225,34954.58090619116,34994.858770373634,28291.659147768027,26500.90084397977,27394.85770452792,25707.03522448474,25913.626998460713,24064.249855898288,27171.292995350144,25310.658081922316,25776.25186523,25907.95497357616,26238.806527749235,25604.10141007137,27443.919871451137,26209.583859008857,27278.363199600186,27565.25186523,29329.921880782844,28082.216763104974,29286.033215153035,29678.330106806876,28602.179651648243,30325.1094473982,28490.253874561706,29078.179651648246,30120.478552633795,30929.25789322512,28836.363199600186,30699.7383328309,31725.88878798953,31409.183670311664,31229.29500468185,30108.070326609763,29246.587877672275,30005.884769326112,30966.998113028014,30299.996103696307,29424.179651648246,29229.734314167486,29620.105428734787,29860.58787767227,29078.699212042462,29748.88677865782,30009.25789322512,30665.88878798953,33730.492617955744,34652.914909301726,35241.155662027464,27635.952020758454,26851.78950960958,27804.525710749058,25747.332116138583,24037.585868340568,25488.40432972033,23337.952964244447,25337.400311056917,24933.47252463867,24911.17563298483,25719.91786211943,25773.43541318194,26784.400311056917,26658.806527749235,27880.216763104974,26991.43742251365,22514.798490422407,27443.511645427105,28860.847657869384,28799.253874561706,28484.105428734787,29019.402320388625,27602.992085032885,28698.068317278055,28949.773434955925,29298.624989129006,30631.7383328309,31080.035224484745,30887.589887003982,31493.29500468185,30091.330106806876,32349.18567964337,30956.7383328309,30129.958992239575,29166.14254019152,30369.03321515303,26362.21274444156,30570.330106806876,29251.290986018437,29262.179651648246,29753.847657869384,28923.847657869384,30556.332116138583,32255.560812874082,32244.082382600005,33717.39333957579,35103.00721620055,28350.250921744,26479.82662106631,27562.04326181157,25175.589887003982,24686.105428734787,23316.58385900886,23978.249855898288,25371.845648537674,24603.06429861464,26657.773434955925,25627.992085032885,24125.91384345601,26236.992085032885,28059.070326609763,26700.808537080946,25956.39830172521,26730.95497357616,27148.06630794635,27153.17764231654,29116.921880782844,28633.550766215543,28874.14254019152,28145.845648537674,29182.439431845356,30019.626998460713,29242.662100585734,29692.958992239575,31664.88878798953,30689.626998460713,31615.851676532802,31014.36922759531,31561.443450508774,29980.21877243668,30035.921880782844,30751.478552633795,30539.33010680688,29286.662100585734,29036.068317278055,29739.550766215543,29566.921880782844,28598.6229797973,30329.589887003982,30995.14856818664,31624.336134801997,34264.01217834996,33150.79955626812,35487.86077970534,26583.950011426743,26194.93594610479,25729.593905667396,22872.363199600186,22142.87874133099,23804.76941629251,25193.179651648243,24399.214753773267,23665.98806636947,24836.39830172521,25751.771425624218,24534.13651219639,26377.511645427105,24989.50762676369,26894.660091254027,25822.28696735502,27172.400311056917,25483.618961133885,27241.548756883836,27590.140530859808,27555.140530859808,30577.62900779242,29925.292995350144,28394.179651648246,28979.179651648246,28868.068317278055,30173.515664090522,29635.921880782844,25151.579840345446,30968.961001571282,30635.701221374173,30669.51566409052,31371.666119249152,30460.367218263604,31145.84966720109,29604.402320388625,30023.884769326112,29242.216763104974,29793.810546412657,29337.14254019152,27849.06630794635,29669.736323499194,28737.32809747516,29520.88677865782,31601.336134801997,32058.971048229818,31710.94398343162,32819.00319753714,27205.21180095556,27640.793528272996,26247.965020234697,24506.626998460713,22216.65607259061,23606.695193379048,23339.99007570118,23461.65607259061,24700.509636095398,23397.505617431983,23906.98806636947,24126.802509085825,24932.618961133878,24909.21274444156,25580.28696735502,26644.660091254027,27072.585868340568,26633.62097046559,26929.06630794635,28099.919871451137,27186.76941629251,27660.288976686727,27565.400311056917,26167.284958023312,27989.288976686727,29167.550766215543,29994.55277554725,29140.216763104974,28719.14254019152,29418.328097475165,30330.255883893413,30136.810546412657,30559.441441177063,31159.29500468185,30280.07032660976,31067.84966720109,30375.478552633795,30957.998113028014,28766.919871451137,28176.06630794635,28576.660091254027,28716.068317278055,30015.626998460713,28720.699212042462,30256.445459840477,31872.896825316355,33613.54178540272,33540.41142356116,26780.616008316178,26399.309070003797,24469.22078176839,22990.214753773267,23278.288976686727,23652.622979797296,21782.357171605065,23880.915852787723,22624.134502864683,23326.80250908582,23964.17362365312,24053.507626763694,24571.3962923935,25223.02718715791,24517.099400739662,25854.54674755213,25373.69318404734,26276.47252463867,26403.47252463867,26655.880750662698,26827.324078811747,24758.357171605065,28100.6229797973,27972.585868340568,29103.662100585734,29553.255883893413,28902.14254019152,24084.763388297386,29901.144549523226,30093.921880782844,29861.996103696303,29432.624989129006,29214.290986018437,30009.884769326112,30785.664109917445,30348.515664090522,29012.771425624218,28342.771425624218,27729.029196489617,28297.585868340568,28750.105428734787,28942.662100585734,28021.513654758815,31075.113466061615,31899.121503388447,33335.467562489255,30511.032271667034,26700.61801764788,25197.86172319133,23196.773434955925,21099.765397629093,21768.43340385023,21221.2829486916,20940.466496643545,22135.2829486916,22572.134502864683,23171.579840345443,23498.691174715634,24009.98806636947,23987.691174715634,25096.54674755213,24327.98806636947,24718.35918093677,25511.99007570118,26376.140530859804,26003.21274444156,25010.099400739662,27423.43742251365,27570.511645427105,27962.660091254027,27907.697202710755,27150.17563298483,28281.95698290787,27992.474533970377,27754.400311056917,29767.144549523226,30519.55277554725,30412.7383328309,28352.511645427105,30043.330106806876,29448.439431845356,29763.662100585734,31490.00012235972,28680.290986018437,24374.171614321414,29410.550766215543,28037.437422513645,28469.808537080946,28939.847657869384,28203.996103696303,29959.44345050877,30452.890797321237,30549.414376378867,32142.574878196036,31308.850733046802,24995.68621256622,23458.44947850389,25718.521692085647,20618.579840345443,21189.80250908582,20130.984047706057,21350.503608100276,20872.538710225297,21197.984047706057,23333.099400739662,22617.876731999284,24967.39830172521,24507.02718715791,24005.98806636947,27535.441441177063,23781.468505975252,24907.396292393503,25024.65607259061,24432.13651219639,25062.35918093677,26148.80451841753,26614.62097046559,26864.54674755213,26240.84162987426,28259.105428734787,27389.62097046559,28154.474533970377,28560.845648537677,28715.919871451137,29016.031205821324,28413.105428734787,29292.439431845356,28851.068317278055,28481.734314167486,28406.511645427105,28821.031205821324,29535.736323499194,28642.882759994405,28512.511645427105,26681.47252463867,29505.513654758815,27254.95497357616,27602.14254019152,28098.736323499194,28086.88677865782,30419.486589960623,31360.57487819603,31555.555850724668,25293.94599276333,22965.039243148156,23172.884769326112,20014.579840345446,19896.837611210845,19453.538710225297,20577.280939359895,21414.097391407955,22454.431394518524,22532.61695180217,22960.728286172365,22637.874722667577,23383.542728888715,23608.394283061796,23532.357171605065,22826.355162273358,25023.3962923935,26191.695193379048,25381.65607259061,27417.328097475165,26158.1385215281,26592.509636095398,27344.548756883836,27015.62097046559,27013.62097046559,26926.249855898288,28125.548756883836,28840.847657869384,29078.439431845356,27160.95497357616,28043.992085032893,30127.478552633795,29072.550766215543,29106.365208931893,28892.919871451137,28931.95698290787,29298.365208931893,27948.326088143458,28416.697202710755,25618.099400739662,27759.326088143458,27864.95698290787,26868.25186523,27918.070326609763,26640.290986018437,31121.416385710574,32488.059336465227,31882.66718509486,24430.27798654219,23310.56081287408,22267.21877243668,19779.245837234874,19296.76137896568,19804.169604989707,19257.499589436862,20103.87271333587,21044.058270619516,22956.765397629093,23349.17362365312,22274.689165383927,22112.021159162785,23676.210735109853,24376.35918093677,24427.950954912743,23908.579840345446,24518.3962923935,25035.47051530696,23852.505617431983,25467.95296424445,26134.21274444156,24465.134502864683,27835.845648537674,25476.730295504072,28766.513654758815,27889.474533970377,29142.624989129003,29971.255883893413,28596.994094364596,29215.179651648246,29268.365208931893,28874.179651648246,29511.439431845356,28665.43742251365,27238.65808192232,28646.14254019152,27974.214753773267,27500.695193379048,30355.59189633569,27817.25186523,27634.697202710755,27728.513654758815,27675.587877672275,29440.2227911001,31329.898834648062,32470.653119772905,32259.520748599643,24568.500655282565,21425.25789322512,21526.808537080946,19129.726276840654,19152.946936249326,20710.61695180217,20248.837611210845,20440.724267508947,20983.355162273358,23799.95497357616,22004.505617431983,23445.025177826203,22691.134502864683,22210.355162273358,22455.800499754114,23471.691174715634,24582.581849677154,24943.87874133099,24494.47051530696,25412.87874133099,25103.730295504072,26312.95497357616,25931.47252463867,27084.25186523,27822.919871451137,28601.587877672275,28345.105428734787,28934.773434955925,30063.84966720109,28044.548756883836,29116.550766215543,28392.734314167486,28650.845648537677,29166.179651648246,29555.070326609763,27928.10341940308,29385.550766215543,27812.326088143458,27475.80652774924,27614.140530859808,28910.810546412657,26854.511645427105,27848.03321515303,29655.631017124128,32199.346181460525,32428.875788513287,32504.40941422946,21678.937955436497,21104.631017124128,20481.843639205967,19657.654063258902,18657.02115916279,18827.39026439838,20178.058270619516,19242.167595658,20942.280939359895,20239.39026439838,21695.652053927195,21989.837611210845,23649.658081922316,23471.13651219639,23035.542728888715,23252.61695180217,24538.10141007137,23009.505617431983,24714.767406960804,24084.3962923935,24512.43340385023,24875.06429861464,25334.658081922316,25445.47252463867,26341.10341940308,26754.548756883836,26860.511645427105,28591.367218263604,27694.736323499194,28543.847657869384,28764.107438066494,27415.474533970377,29687.589887003982,27843.697202710755,27525.326088143458,28868.884769326112,28505.884769326112,28778.996103696303,27310.177642316536,28272.216763104974,28070.32809747516,28099.810546412657,26242.992085032885,28347.36922759531,28636.371236927018,28141.781472282753,31478.764454143096,30966.112522575615,21388.494627287448,20878.927908777965,19558.17563298483,17918.392273730085,18439.984047706057,18753.095382076244,19139.909824792598,19108.427375855106,20256.614942470464,19279.464487311838,20768.503608100276,20586.984047706057,20809.318050816626,22152.542728888715,22930.876731999284,23002.210735109853,23773.06429861464,24031.730295504072,26292.7383328309,24182.02718715791,24250.43541318194,24842.95497357616,24664.28696735502,26410.95698290787,25975.06630794635,26608.808537080946,27158.699212042462,27027.513654758815,27805.255883893413,26626.808537080946,27581.550766215543,27260.476543302088,27621.884769326112,28147.996103696303,27669.402320388625,28040.107438066494,29441.96301090299,28869.220781768392,27684.107438066494,27413.996103696303,26724.699212042462,27013.03321515303,27265.1094473982,29122.26392122024,27815.637045119245,28925.83465839314,26418.178708162246,18663.15258685005,17681.697202710755,17237.062289282934,16792.798490422407,15849.75936963397,15969.386245734966,17012.392273730085,20262.43541318194,18492.76137896568,19982.1385215281,20739.542728888715,21240.435413181942,20516.136512196394,21358.02718715791,22687.550766215543,21106.099400739662,22705.400311056917,21895.91384345601,23896.624989129003,22173.324078811747,24238.775444287632,22475.76941629251,25469.781472282753,23456.177642316536,25862.7383328309,25470.699212042462,24774.808537080946,24114.806527749235,25800.890797321237,25058.439431845356,26083.441441177063,24937.697202710755,26081.55277554725,25219.845648537674,25579.662100585734,24370.474533970377,26111.292995350144,25379.292995350144,24452.919871451137,24919.736323499194,24407.14254019152,26294.517673422233,24595.107438066494,24967.261911888538,26946.377264922136,24482.078363936595,22803.711268032705,22017.05531780181,25804.29607052755,25730.95804875357,28856.85274237851,28460.549822729547,28332.106494580494,23641.71327736441,25153.832649061434,33012.372302772725,31327.36225611419,30967.622036311303,28908.05732713352,29949.469571820962,35201.300089190976,30994.246903080588,30530.836667724845,32265.618017647885,32548.026243671913,32964.21180095556,31693.356228119064,34094.36225611419,37121.85274237851,37179.372302772725,35792.51472060452,36635.774500801635,38063.88784450353,33808.28401453732,33360.24690308058,37590.44250702277,35598.32514465746,40273.85676104193,35096.397358239214,38485.96206741699,37828.960058085286,35924.993150878596,41338.339209979415,35176.54580406613,40020.493683801455,29705.018206345085,35959.28803320073,43531.82567758032,42777.67522242169,40377.33720064771,28914.97707622494,27764.863732523045,30170.574878196032,27583.795537604703,24053.238865753756,41752.77958531076
19,28357.029893696228,17191.148152163616,23625.624946327483,26963.88815181652,29337.547942679896,30074.358186556932,27714.804388745484,29813.671008860212,30749.542785827416,32924.97351745854,30578.29665346677,29056.07275108701,29611.592402641647,29996.821461873886,33762.682925136134,32874.436792775494,35370.258952928474,31307.838535002287,33205.99574743942,30597.31888344765,37296.91874379183,36758.13072989567,36820.17518985743,31833.318883447646,38091.18710613335,40753.86397012512,38928.68452770711,39816.53407469344,40170.09818620984,37103.13072989567,40175.137489319124,40280.260555499444,39850.371705403835,37283.08626993391,39766.723830816394,35947.007663715354,44116.262158070414,38061.62299461695,43777.540834116895,44524.89295952946,41738.85881327265,41198.35623484642,38816.528917840966,33332.024736843756,25897.08982421541,33026.51700156504,13117.476445024324,6124.355330554517,12882.34146256807,17168.85080041776,19036.929406636325,20851.54989439041,21721.214842106252,20393.985782874013,19852.136235887687,21304.840486712812,23467.81309987946,23756.87463296962,24985.433587633543,22126.73449366089,24575.103692201857,26390.014772278344,25134.389127671784,27017.802786174507,24662.645573737376,24386.584040647216,24811.790869898578,26299.640416884904,27322.595956923145,26731.037002259225,25327.896862950496,25839.70710682754,24602.835329860332,27301.908779226425,25604.31052145322,25827.182298420423,25740.019929130816,25014.293448324817,25717.584040647216,27293.177141567947,25747.729336808417,26263.2045284013,25209.729336808417,24541.773796770172,23506.52766440953,26780.84724613626,23611.13107903521,23796.108849054333,23309.79602675105,23352.31567830569,22491.399441376732,19512.54989439041,14176.984180303034,24290.106897343816,15817.114005906808,17588.80118360353,21096.276375196412,22350.79602675105,22190.968709745608,22989.214842106252,24424.025085983292,23281.778953622652,24696.79602675105,25560.438744486015,25162.50543442865,26595.87463296962,25584.857559841214,26353.438744486015,27760.372054543383,29496.59595692314,31776.401043947713,31377.69163627011,28149.28829147234,26743.377211395855,29145.2216015297,28100.39428452426,29482.199371548824,29275.120765330263,28070.3327514341,28192.6233437565,28654.495120723703,28565.165225292018,30434.512193852104,28493.45581761442,28961.997699149942,28980.2045284013,29814.495120723703,28992.059232240103,28991.51735070458,29814.2216015297,28588.22675838218,27943.645573737376,29587.428430781063,28920.433587633543,29001.3498245625,27115.896862950496,27617.28829147234,29767.758326212745,28174.088221644433,21990.0763053685,19573.556653813863,21525.33951085755,25368.524110128033,26703.2216015297,25488.896862950496,24469.589197499692,24473.13107903521,23592.449058190967,24198.449058190967,25655.44390133849,27401.042159111697,26922.025085983292,27604.438744486015,27813.896862950496,26715.79602675105,30358.01477227834,27400.25414521553,29649.83017300786,27867.148152163616,29172.87463296962,29553.85240298874,28351.896862950496,30736.47289074282,29395.790869898578,22992.621741185518,29708.6233437565,28459.980626021534,29645.31052145322,29487.958396040656,29762.1874552729,30438.83017300786,30403.372054543383,31053.433587633543,31541.785713046098,31761.67971999418,30486.6233437565,31049.01477227834,30096.6233437565,31067.03700225922,30009.93616605978,31294.640416884897,31608.0763053685,30090.08146222098,30211.120765330263,30322.6404168849,31560.57372694226,31573.66940628923,30643.00606114437,25918.75992878373,25138.53086955149,25720.317280876672,27095.556653813863,25587.773796770172,25171.44390133849,22878.013169707367,26667.483204447773,25478.81825673193,25383.655887442328,28842.958396040656,26174.00801285489,28583.460974466892,28985.293448324817,29069.293448324817,29321.896862950496,30241.93616605978,28217.963552893132,28935.773796770172,29410.438744486015,26740.030242835768,27925.06954594505,27972.98578287401,31552.26606149146,30904.93616605978,32428.411357652658,35278.440347056996,32672.389127671777,31109.165225292018,30911.3327514341,30784.438744486015,32187.662646865778,33150.38912767178,31127.142995311136,33333.618186904016,31920.3498245625,31824.68487684666,31755.0592322401,31252.394284524256,32405.098535349378,31449.08146222098,31800.83017300786,31353.57888379474,30293.70710682754,31363.09853534938,34186.56857008979,34507.60271634659,33975.045364253645,31573.510242141587,28402.81114816893,27326.753169360276,27015.411357652665,24752.337908286572,24375.00801285489,26156.025085983292,25985.67296057073,27226.460974466892,25300.136235887687,27093.52766440953,27704.13107903521,27157.46613131937,28026.108849054333,26648.594354352168,28538.42167135761,30400.56181066634,28538.36013826745,28802.19261212537,29090.58919749969,29337.25414521553,29681.544737537934,29121.42167135761,28788.44390133849,30245.606270628094,31690.37205454338,30544.06438909258,29308.42167135761,32428.97546916905,31462.416514505137,31868.85240298874,32613.372054543375,32198.913936078894,31507.332751434096,31853.623343756495,32193.936166059775,34655.19937154882,30732.751566789295,32737.37205454338,32059.059232240103,32203.142995311133,31155.56181066634,29400.209685253776,32230.2216015297,31841.701949975057,33254.780556193626,33630.81470245043,33638.71546882197,34916.33240229455,29851.096583638864,27698.083064791954,27449.305364600747,24849.90201980297,24861.778953622652,26347.79602675105,24972.71742053249,25612.32083515817,25693.82341358441,25959.030242835768,27640.13107903521,25195.493518152725,27265.15330901609,28636.50543442865,28734.50543442865,26728.82341358441,29276.399441376732,28936.98578287401,30531.751566789295,29426.544737537934,28508.862716693682,28378.633657461447,29150.04731596417,30218.628500608975,28777.756723641767,30896.438744486015,31330.729336808417,31453.81309987946,29389.73449366089,33576.89170609802,30279.39944137673,30372.25414521553,32786.120765330255,31883.561810666335,32969.89170609802,30555.209685253776,32308.455817614416,32315.226758382174,30758.919092931374,33523.38912767178,32570.847246136254,31201.57888379474,33550.383970819305,34779.22836095316,33890.547942679885,36080.645224597836,30322.241879800065,28540.915538649875,26642.869476117143,23989.52766440953,25526.04731596417,25157.86271669369,25831.214842106252,26078.091775925932,25179.532821262008,26680.92424978385,27611.29860517729,26831.80118360353,26375.136235887687,27836.382368248327,26611.57212437129,27173.57212437129,29712.773796770172,27327.594354352168,27689.030242835768,28156.008012854887,30222.460974466892,28791.276375196412,27655.34306513905,28526.382368248327,29254.04731596417,33511.8027861745,30071.377211395855,30615.315678305695,28846.52766440953,30118.02508598329,28938.15330901609,29712.879789822095,30750.06438909258,30145.315678305695,32369.97546916905,31254.729336808417,31455.729336808417,31744.3327514341,31761.16522529202,32733.372054543375,31790.913936078898,32446.8027861745,31989.975469169058,31591.26606149146,32858.03184540674,32832.652333160826,35830.185503562374,37076.5785346552,30199.387175961263,29727.51379642308,27780.260904638984,25589.628500608975,24320.48836130025,21913.39268195328,24410.990939726486,25805.17553899697,26263.57212437129,26058.884946674567,27294.69519055161,25837.532821262008,28577.025085983292,25167.348221991524,28416.13107903521,27606.92424978385,28703.36013826745,28617.61142748057,29166.19261212537,29155.276375196412,28139.52766440953,28026.214842106252,28643.21484210625,28183.29860517729,30812.209685253776,29449.42167135761,29821.857559841214,30050.941322912255,34403.529266980506,29803.399441376732,30936.66780371826,31649.707106827544,29574.25414521553,30965.751566789295,30145.690033699135,30877.919092931374,31553.248988363055,31544.667803718257,32937.57888379474,32080.830173007864,31223.455817614416,30296.271218343936,30889.142995311136,33126.154911587066,35054.664249436755,35843.52055584653,36907.221252390154,29199.91198436838,27604.47965016627,28060.260904638984,26089.522507557056,25255.73449366089,24482.884946674567,24719.136235887687,25019.365295119926,26865.985782874013,26522.25930206801,26699.34306513905,28666.544737537934,25957.845643565284,26950.25930206801,26553.67811742321,28524.04731596417,26823.11400590681,30098.231915234654,27339.40459822921,28067.069545945047,27108.968709745608,26867.884946674567,29292.79602675105,28981.963552893132,30236.39944137673,29492.483204447773,28939.81825673193,30516.354981414977,30080.919092931374,30520.231915234657,29546.483204447773,27786.32083515817,29624.56696751881,32954.57888379474,29363.87978982209,29069.44390133849,29755.712263680012,32963.724179955934,32197.081462220973,31928.936166059775,30776.606270628097,30095.980626021534,30208.271218343936,31675.3498245625,32472.86431926466,35070.72578252692,35646.85560813069,37279.86397012512,31051.113656767266,27927.915538649875,27330.366897690903,25707.31567830569,24735.32083515817,23878.555051242885,24865.11400590681,26167.382368248327,26899.13107903521,25484.968709745608,27487.276375196412,26899.25930206801,26538.80118360353,27285.50543442865,27066.42682821009,27607.00801285489,27577.80118360353,27916.15330901609,26943.449058190967,28842.65073058985,28004.32083515817,30001.086619073452,27604.030242835768,34260.780556193626,30032.941322912247,29155.276375196412,28819.04731596417,29218.56696751881,29991.086619073452,29062.50543442865,30061.712263680012,29250.170382144493,28154.695190551607,28765.84048671281,30357.086619073452,30195.690033699135,30782.667803718257,31233.50027757617,30739.835329860332,31401.019929130813,30110.522507557056,29307.690033699135,31715.18229842042,33478.30020774827,35901.03344797772,35527.14620045309,37539.96996317704,28876.017977420295,27963.831775578838,27410.992542297463,25094.399441376732,24681.466131319372,25864.19261212537,24046.845643565284,26099.611427480573,26564.29860517729,24762.555051242885,27630.81825673193,27123.69519055161,25998.449058190967,26526.25930206801,28521.65073058985,28002.840486712812,28918.65073058985,29323.963552893132,27670.63365746145,28884.19261212537,27317.57212437129,28988.42167135761,28333.84048671281,27592.40459822921,31233.165225292018,27826.488361300246,29314.025085983292,29342.483204447773,29482.399441376732,29208.589197499692,30041.544737537934,28968.98578287401,28884.131079035207,30065.857559841214,30812.606270628097,29877.483204447773,31799.93616605978,31967.24898836306,30683.606270628094,29684.857559841214,30230.148152163616,30072.751566789295,30726.394284524256,32922.8027861745,34251.25059093403,35239.794075040525,37956.81951016336,29944.823064444867,27748.541183256435,27241.84724613626,25368.170382144493,24429.32083515817,23989.303762029765,24305.365295119926,26063.00801285489,27889.399441376732,24753.784110475124,26666.466131319372,27208.840486712812,27336.92424978385,26909.34306513905,28542.81825673193,28612.87978982209,28442.963552893132,24888.6610442948,27522.633657461447,29135.712263680012,28905.50543442865,28968.589197499692,28431.276375196412,28737.337908286572,29107.337908286572,29611.56696751881,28842.81825673193,28990.73449366089,29239.337908286572,30182.690033699135,29874.544737537934,29138.337908286572,29106.81825673193,27552.510591281127,29141.73449366089,31017.042159111697,29983.919092931374,29496.131079035204,31599.332751434096,30499.751566789295,30854.87463296962,29529.399441376732,28972.544737537934,31496.47289074282,32002.701949975053,33545.524110128026,36515.0179774203,38865.797280182494,29985.135886748147,28068.831775578838,27766.802786174507,25500.148152163616,24559.17553899697,25776.04731596417,25128.11400590681,26597.90201980297,27641.025085983292,26886.54989439041,26899.466131319372,29319.852402988738,28558.460974466892,29752.584040647216,28296.04731596417,27807.15330901609,28315.13107903521,29273.025085983292,30273.751566789295,28182.69519055161,28538.90201980297,30365.606270628094,30013.064389092575,28814.67296057073,28417.54989439041,29480.56696751881,29038.13107903521,28300.75672364177,32268.84724613626,30385.522507557056,28246.17553899697,30046.460974466892,30207.148152163616,30704.377211395855,30999.064389092575,30432.460974466892,30933.98062602153,30405.148152163612,30493.667803718257,29866.857559841214,30618.645573737376,30161.500277576175,33272.92585235483,34315.792472469555,35187.794075040525,36230.66229772623,28787.995747439418,27783.228360953155,22710.32083515817,26593.87463296962,25641.460974466892,24312.57212437129,25040.778953622652,25648.06954594505,27119.108849054333,26547.92424978385,26940.52766440953,26554.94647976473,27447.985782874013,26220.968709745608,26836.030242835768,28597.231915234654,27681.75672364177,28850.79602675105,28850.025085983292,27988.84048671281,29628.751566789295,28780.04731596417,29767.399441376732,27897.29860517729,30486.059232240103,29552.025085983292,29472.19261212537,29862.31567830569,29318.963552893132,31461.790869898578,31395.31052145322,29215.483204447773,29712.857559841214,26252.845643565284,29438.65073058985,31193.584040647216,29167.50543442865,28731.52766440953,29566.963552893132,30071.606270628094,30447.958396040656,29810.522507557056,30510.72417995594,31590.472890742814,34545.47965016628,34353.08982421541,38103.50668786009,29192.51539899406,27374.876235540592,28229.300207748267,24883.460974466892,25550.94132291225,24690.40459822921,23822.761880494247,24126.18069584944,24386.17553899697,25756.11400590681,25562.968709745608,26310.54989439041,25209.616584333045,27228.00801285489,26831.63365746145,27866.44390133849,27744.52766440953,28359.36013826745,28910.108849054333,29066.94132291225,28544.65073058985,29722.690033699135,29188.086619073452,29873.209685253776,29065.483204447773,29258.65073058985,29236.87978982209,29463.170382144493,30298.064389092575,30511.729336808417,32201.891706098017,29888.857559841214,31253.645573737376,27355.655887442328,29253.963552893132,30697.125922182735,29381.50543442865,29022.98578287401,28469.77895362265,30283.62850060897,27985.42682821009,29124.108849054333,29858.042159111697,30271.39428452426,31184.95323918818,34010.95999861164,35868.978674311016,37363.57337780272,29514.66069515526,26777.524110128033,28193.67456314171,27251.098535349385,25630.500277576175,25068.65073058985,24912.466131319372,25181.34306513905,25723.091775925932,24248.013169707367,24993.05247281665,25563.73965051337,27057.75672364177,27260.840486712812,27618.81825673193,28255.31567830569,23633.621741185518,29782.125922182735,29301.751566789295,28913.170382144493,28962.857559841214,27902.069545945047,29368.002856002415,29745.896862950496,29000.276375196412,29687.231915234654,29875.460974466892,30473.354981414977,30980.56181066634,30225.438744486015,30290.690033699135,30544.042159111697,30343.231915234657,30211.729336808417,30675.98062602153,29845.773796770172,29007.611427480566,30455.835329860332,31171.500277576175,29734.31567830569,29004.81825673193,28942.79602675105,30230.729336808417,29098.377211395855,32658.57372694226,34439.25059093403,34864.023134272764,35409.82982386831,28710.850451278216,26756.792472469555,27268.009615425868,25849.416514505137,25922.896862950496,23924.05247281665,27015.835329860332,25171.57212437129,25475.23707208713,25905.40459822921,26065.48836130025,25405.136235887687,27263.36013826745,26093.11400590681,27196.92424978385,27430.23707208713,29207.544737537934,27997.19261212537,28993.231915234654,29581.064389092575,28584.963552893132,30178.87463296962,28447.42167135761,28861.963552893132,30014.980626021534,30892.790869898578,28527.92424978385,30545.584040647216,31525.68487684666,31186.3327514341,31144.019929130816,30151.460974466892,29090.483204447773,29889.31567830569,30850.1874552729,30237.002856002415,29263.963552893132,29269.21484210625,29392.50543442865,29517.483204447773,28766.170382144493,29625.500277576175,29710.790869898578,30749.68487684666,33634.27282091491,34880.08466736293,35823.746060797275,27863.313726595174,26995.10529477283,27635.132681606192,25719.24898836306,23978.29860517729,25339.522507557056,23250.219998958728,25105.15330901609,24704.42682821009,24796.594354352168,25818.17553899697,25633.19776897785,26659.15330901609,26527.48836130025,27623.19261212537,26922.382368248327,22130.749964218317,27321.840486712812,28533.086619073452,28585.42167135761,28343.50543442865,28906.337908286572,27427.633657461447,28603.276375196412,28781.628500608975,28997.712263680012,30502.584040647216,30932.416514505137,30673.667803718257,31331.01992913082,29898.064389092575,32185.517350704577,30753.584040647216,29826.773796770172,29050.73449366089,30247.23191523465,26291.82341358441,30534.064389092575,29076.65073058985,29012.963552893132,29437.086619073452,28756.086619073452,30150.24898836306,32251.17714156794,32075.56857008979,33814.15135730557,35589.20417926175,28648.330799723575,26365.334354005074,27472.154911587066,25085.667803718257,24543.50543442865,23166.11400590681,23814.05247281665,25131.90201980297,24446.907176655448,26482.628500608975,25436.63365746145,24117.806340456,26064.63365746145,27890.460974466892,26569.67296057073,26037.968709745608,26547.40459822921,27172.091775925932,26859.778953622652,28889.544737537934,28369.25414521553,28625.73449366089,27941.90201980297,28817.56696751881,29720.896862950496,29195.94132291225,29705.773796770172,31432.68487684666,30454.896862950496,31421.45581761442,30999.4780475953,31441.936166059782,29759.377211395855,29916.544737537934,30506.980626021534,30438.064389092575,28772.94132291225,28925.276375196412,29556.25414521553,29581.544737537934,28488.52766440953,30111.667803718257,31087.28829147234,31480.618186904023,34367.47965016628,33459.02829112524,35987.243482371035,27034.12912732469,26350.836932431317,25676.037002259225,22763.92424978385,21871.761880494247,23692.25930206801,24986.963552893132,24236.00801285489,23538.264458920483,24696.968709745608,25709.44390133849,24515.18069584944,26305.840486712812,24857.471288171844,26785.75672364177,25849.281532048888,27015.15330901609,25321.158465868568,27052.06954594505,27259.54989439041,27260.54989439041,30116.08146222098,29782.835329860332,28197.963552893132,28746.963552893132,28681.276375196412,29787.209685253776,29460.544737537934,24770.74480736584,30928.958396040656,30314.354981414977,30629.209685253776,31245.31052145322,30233.293448324817,30841.271218343936,29411.337908286572,30073.31567830569,29015.19261212537,29631.857559841214,29232.73449366089,27756.091775925932,29413.399441376732,28398.87978982209,29506.500277576175,31581.618186904023,32081.881392393072,32120.575329513245,33434.14780302407,27380.917141220856,27773.4744933138,26211.327594581624,24202.896862950496,22102.387525100807,23581.80118360353,23225.449058190967,23195.387525100807,24552.655887442328,23069.28668890136,23627.264458920483,23848.11916275928,24774.158465868568,24836.82341358441,25516.281532048888,26379.75672364177,26883.29860517729,26392.34306513905,26857.091775925932,27920.36013826745,26894.25930206801,27466.466131319372,27441.15330901609,25944.096932778404,27849.46613131937,28981.25414521553,29788.438744486015,28954.19261212537,28590.73449366089,29160.87978982209,30217.606270628094,30064.857559841214,30487.751566789295,30845.019929130816,30208.460974466892,30886.271218343936,30197.980626021534,30745.1874552729,28590.36013826745,27908.09177592593,28546.756723641767,28503.276375196412,29907.896862950496,28380.170382144493,30114.120765330263,31862.423273928587,33700.60947577005,33719.43839534647,27055.06759423453,26459.3121240242,24380.56181066634,22930.00801285489,23145.466131319372,23418.52766440953,21677.3704519724,23819.990939726486,22333.996096578958,23391.11916275928,23762.409755081684,24061.471288171844,24441.784110475124,25173.67811742321,24579.951636617203,25695.884946674567,25138.616584333045,26105.42682821009,26350.42682821009,26538.94647976473,26483.510591281127,24681.3704519724,27859.52766440953,27651.29860517729,28646.94132291225,29317.606270628094,28781.73449366089,24114.70550425656,29847.919092931374,29700.544737537934,29684.002856002415,29190.712263680012,28924.65073058985,29795.31567830569,30594.125922182735,30161.209685253776,28851.44390133849,28150.44390133849,27599.86271669369,28180.29860517729,28291.50543442865,28684.94132291225,27948.025085983292,30936.243831510583,31899.98222859251,33631.693238841086,31079.01282056782,27174.252193505014,25459.37881396684,23223.628500608975,20971.890103527043,21603.013169707367,21205.91233350792,20906.873030398638,21989.91233350792,22360.996096578958,22956.74480736584,23198.43198506256,23793.264458920483,23877.43198506256,25108.884946674567,24108.264458920483,24677.555051242885,25452.449058190967,26272.54989439041,25779.82341358441,24933.951636617203,27296.382368248327,27378.840486712812,27832.75672364177,27589.985782874013,27023.594354352168,28169.589197499692,27927.611427480573,27810.15330901609,29565.919092931374,30191.438744486015,30355.584040647216,28216.840486712812,29831.064389092575,29171.56696751881,29540.94132291225,31463.372054543383,28751.65073058985,24289.2251558112,29207.25414521553,27708.382368248327,28374.67296057073,28855.086619073452,28230.002856002415,29531.93616605978,30468.869476117143,30508.44550390947,32264.46933646133,31944.77860448311,25355.15651415805,23512.489963871223,25761.763483065224,20525.74480736584,20803.11916275928,20034.89526037952,21058.102089630876,20730.14654959264,21109.89526037952,23275.951636617203,22596.577281223763,24825.968709745608,24396.67811742321,23862.264458920483,27419.751566789295,23828.05762966912,24774.784110475124,25082.387525100807,24483.18069584944,24931.555051242885,26129.303762029765,26562.34306513905,26687.884946674567,26055.532821262008,28002.50543442865,27269.34306513905,28133.61142748057,28270.90201980297,28799.36013826745,28950.04731596417,28243.50543442865,29266.56696751881,28614.276375196412,28453.214842106252,28065.840486712812,28485.04731596417,29309.399441376732,28325.13107903521,28238.840486712812,26388.42682821009,29154.025085983292,27216.40459822921,27659.73449366089,28002.399441376732,28050.500277576175,30451.719023103462,31363.469336461327,32111.90167066343,25487.75992878373,22983.785713046105,23053.31567830569,20083.74480736584,19608.16362272104,19345.14654959264,20402.727734237436,21257.76703734672,22236.828570436883,22325.973866598084,22688.6610442948,22628.39268195328,23348.5157481336,23520.59951120464,23283.3704519724,22716.185852701918,24892.784110475124,25908.80118360353,25264.387525100807,27340.87978982209,25998.365295119926,26458.655887442328,27083.06954594505,26876.34306513905,26863.34306513905,26704.05247281665,28023.06954594505,28572.086619073452,28809.56696751881,26910.40459822921,27824.633657461447,29939.980626021534,28716.25414521553,28954.108849054333,28520.36013826745,28711.589197499692,29005.108849054333,27741.69519055161,28185.98578287401,25395.951636617203,27577.69519055161,27594.589197499692,26660.23707208713,27848.460974466892,26557.65073058985,31030.630103179952,32478.631705750926,32327.672611431193,24608.636862603405,23687.177141567947,22221.377211395855,19771.68327427568,19043.52090498608,19535.040556540716,19088.732891089916,19962.208082682795,20876.353378843996,22899.890103527043,23348.409755081684,22307.247385792078,21932.124319611758,23570.638814313923,24317.555051242885,24282.035399688244,23808.74480736584,24260.784110475124,24678.242228939605,24003.28668890136,25507.219998958728,25882.82341358441,24385.996096578958,27645.90201980297,25340.845643565284,28390.025085983292,27722.611427480573,29087.712263680012,29718.606270628094,28440.81825673193,29098.963552893132,29212.108849054333,28740.963552893132,29208.56696751881,28416.382368248327,27151.57212437129,28519.73449366089,27819.00801285489,27278.80118360353,30266.85240298874,27652.23707208713,27414.985782874013,27699.025085983292,27510.483204447773,29238.746409936823,31466.60787319907,32787.525712699,32600.231566095117,24789.01121799685,21338.790869898578,21448.67296057073,18951.476445024316,19093.66620114728,20627.973866598084,20130.16362272104,20403.29184575384,20940.185852701918,23758.40459822921,21873.28668890136,23361.493518152725,22695.996096578958,22070.185852701918,22371.934563488798,23413.43198506256,24661.929406636325,24774.761880494247,24387.242228939605,25212.761880494247,24847.845643565284,26256.40459822921,25848.42682821009,26908.23707208713,27777.36013826745,28258.483204447773,28120.50543442865,28738.628500608975,30010.271218343936,27892.06954594505,29131.25414521553,28258.21484210625,28385.90201980297,28966.963552893132,29415.460974466892,27593.32083515817,29338.25414521553,27654.69519055161,27230.48836130025,27423.54989439041,28722.857559841214,26637.840486712812,27656.231915234654,29590.26606149146,32177.541183256435,32418.671008860205,32669.628151469435,21957.021531701794,21306.266061491464,20270.71742053249,19406.202925830323,18772.124319611758,18461.230312663676,20148.353378843996,19174.855957270236,20747.727734237436,20098.230312663676,21410.01832655984,22097.16362272104,23654.57212437129,23377.18069584944,22895.5157481336,23362.973866598084,24398.136235887687,23054.28668890136,24469.074702797527,24170.784110475124,24424.013169707367,24845.907176655448,25019.57212437129,25383.42682821009,26235.32083515817,26651.06954594505,26798.840486712812,28562.293448324817,27544.399441376732,28320.086619073452,28680.690033699135,27364.611427480573,29469.667803718257,27612.985782874013,27339.69519055161,28744.31567830569,28473.31567830569,28668.002856002415,27096.778953622652,28133.19261212537,27930.87978982209,28037.857559841214,25955.63365746145,28310.4780475953,28700.662646865785,28150.366897690903,31465.98383116349,31501.024736843752,21438.457420185397,20686.09853534938,19526.594354352168,18014.414911934156,18332.89526037952,18801.582438076235,19179.437141915038,19022.45937189592,20259.7892673276,19239.688431128157,20684.102089630876,20426.89526037952,20695.95679346968,22058.5157481336,22898.577281223763,22917.638814313923,23781.907176655448,23907.845643565284,26193.584040647216,24017.67811742321,24169.19776897785,24847.40459822921,24653.281532048888,26454.589197499692,26009.091775925932,26387.67296057073,27194.170382144493,26955.025085983292,27653.606270628094,26678.67296057073,27465.25414521553,27290.79602675105,27411.31567830569,28141.002856002415,27536.337908286572,27766.690033699135,29456.142995311144,28655.56181066634,27508.690033699135,27370.002856002415,26707.170382144493,26853.231915234654,27213.87463296962,28953.344667710026,27735.81985930291,29089.072751087006,27103.057280529578,18664.657490013306,17993.985782874013,17165.722577384964,16831.749964218317,15821.336305715597,15863.861114122712,16969.414911934156,20243.19776897785,18267.52090498608,20034.36529511993,20434.5157481336,21220.19776897785,20434.180695849445,21260.67811742321,22432.25414521553,21077.951636617203,22558.15330901609,21754.806340456,23766.712263680012,21995.510591281127,24056.81309987946,22260.25930206801,25403.366897690903,23279.778953622652,25785.584040647216,25403.170382144493,24513.67296057073,23929.48836130025,25940.869476117143,24804.56696751881,25935.751566789295,24741.985782874013,25943.438744486015,25054.90201980297,25353.94132291225,24399.611427480573,25846.835329860332,25404.835329860332,24309.36013826745,24843.399441376732,24258.73449366089,26126.39428452426,24380.690033699135,24843.160068439545,26697.21644467723,24305.199371548824,22917.27797776739,22398.262507209965,25477.29825603775,25730.867524406625,29048.734144521357,28083.347872851984,28154.783761335584,23318.462577037877,24853.88815181652,32966.94097377271,30920.0179774203,30576.62139204598,28403.44710648045,29475.335956576055,35075.66745457871,30713.96160118261,30265.25735035749,31586.252193505014,32543.771845059655,32717.917141220852,31287.464179608854,33787.0179774203,36680.73414452135,36948.94097377271,35413.30341289022,36311.90682751591,37653.77860448311,33453.19066041485,33008.96160118261,37069.02989369623,35220.78891818806,39622.103343062314,34711.062437382054,37863.23672294759,37429.0521236771,35607.91198436837,40826.08111308143,34830.978674311016,39363.55114782184,29408.033447977727,35500.559858955814,43001.42808164153,42463.32724544208,39724.89651381095,28607.435190204516,27485.563413237316,29913.469336461327,27506.659092584283,24315.223204100683,41726.78341219605
20,29630.709749407317,18159.39730227548,24577.943523047114,27872.123067837783,30399.28491102938,31202.338015826623,28515.133183037262,30487.330429427016,31809.406293423075,33875.565607814795,31634.3152566278,30003.19134543424,30712.219162232792,30986.22169103266,34767.54031981611,33992.44928302085,36528.71227820718,32319.310199028067,34421.532733416505,31796.28238222951,38591.87412139877,37939.78814220324,38215.72239340666,32962.28238222951,39458.932283795744,42081.18263498274,40107.992974992594,41261.101713386946,41428.06378138892,38523.78814220324,41514.119414986024,41705.164933383654,41123.000561392204,38689.85389099982,40967.04860858971,37215.74262380561,45543.61758856015,39210.97021579378,45269.43298616973,45922.481033367236,43107.30401737644,42648.36470857329,40241.223095780646,34372.83113180101,26921.27985342964,34242.013205391544,13743.025568694793,6340.953357550483,13381.770159908057,18044.040741494002,19727.15200868822,21624.258218282703,22452.298679080603,21200.29615028073,20495.18741188638,22219.28350628139,24327.437763073372,24657.46052227219,25879.54397266786,22915.326495879155,25593.46305107206,27360.594548665227,26284.60972146444,28280.680527860764,25538.457993472322,25176.435234273504,26053.470637471666,27252.57937586602,28297.645124662602,27774.561674266937,26404.427647873898,26907.48075267114,25503.404888675082,28227.637538263,26507.498454270222,26900.57431826628,26590.473166271535,25891.40994627482,26578.435234273504,28208.695700659984,26591.447878272847,27445.54144386799,26095.447878272847,25591.382129476264,24567.291092680993,28050.614779064177,24520.308794280074,24748.341668678368,24063.349255077974,24254.377071876526,23472.36695667705,20256.258218282703,14870.843495104245,25326.36836142505,16668.220286284675,18499.22787268428,22154.321438279418,23118.349255077974,23047.207642285328,23949.2986790806,25115.351783877843,23964.260747082568,25780.349255077974,26656.42259027416,26166.323967079286,27720.46052227219,26630.37201427679,27333.42259027416,28908.52121346904,30815.645124662602,32841.81961185355,32749.844899852236,29345.531328668516,27895.399831075345,30465.62995186339,29380.488339070744,30725.662826261683,30431.551559067462,29208.46557987193,29409.490867870612,29870.566731866675,29720.48581027088,31698.655239862077,29785.511098269562,29941.506040669825,30215.541443867987,31119.566731866675,30058.52879986864,30075.53385746838,31218.62995186339,29726.50856946969,29169.457993472322,30919.665355061552,30052.543972667856,30232.55408786733,28123.427647873898,28884.531328668516,30965.746276657355,29490.82719825316,23057.617307864053,20629.589491065497,22317.796852654734,26578.86513025119,27856.62995186339,26782.427647873898,25598.31385187981,25336.308794280074,24558.179825486775,25134.179825486775,26688.301207880468,28489.44029187324,27964.351783877835,28820.42259027416,28876.427647873898,27761.34925507797,31665.594548665227,28319.354312677708,30874.526271068775,29002.397302275473,30168.46052227219,30656.493396670485,29414.427647873898,32012.599606264965,30561.470637471666,23784.03821269413,30740.490867870612,29769.417532674423,30544.498454270222,30591.450407072716,30734.452935872585,31612.526271068775,31574.521213469037,32319.543972667852,32661.592019865362,33025.63500946313,32009.490867870616,32439.594548665227,31525.490867870616,32185.561674266937,31140.48328147101,32438.579375866015,32921.61730786404,31321.49592547035,31539.551559067462,31655.579375866015,32822.6779990609,33297.877774250526,32463.289968629117,27442.198931833846,26663.19640303398,27190.829727053024,28469.58949106549,26743.382129476264,26377.301207880468,23650.141893488744,27442.35684147758,26409.31638067968,26389.215228684934,29907.450407072716,27312.26327588244,29680.38971587587,30001.40994627482,30225.40994627482,30460.427647873898,31468.48328147101,29320.32902467902,29970.38212947626,30479.42259027416,27769.230401484143,29089.286035081255,29216.296150280734,32846.5642030668,32092.48328147101,33714.57684706614,36613.87524545066,33999.60972146444,32548.48581027088,31935.465579871925,31815.422590274156,33496.546501467725,34455.60972146444,32498.51868466917,34748.61225026431,33443.55408786733,33231.51362706943,32914.52879986864,32601.48833907074,33770.58443346575,32575.495925470354,32900.526271068775,32519.556616667203,31343.48075267114,32727.584433465752,35502.79938145459,36337.976397445396,35592.345602226225,33694.68193260876,30473.464455820053,28496.86765905105,27956.57684706615,25675.344197478236,25229.26327588244,27233.351783877843,26877.303736680336,28059.38971587587,26343.187411886378,28133.291092680993,28713.30879428007,28061.268333482174,29211.341668678364,27790.192469486115,29646.33408227876,31483.468108671797,29657.31132307994,29929.331553478893,30336.313851879808,30658.35431267771,30784.37960067639,30247.334082278758,29853.30120788047,31404.40235987521,33038.52121346904,31767.40741747495,30504.334082278758,33769.538915068115,32686.455464672457,32894.493396670485,34061.52121346904,33250.5161558693,32689.465579871925,33201.49086787061,33364.48328147101,36038.66282626169,32081.415003874557,33797.52121346904,33502.52879986864,33543.518684669165,32463.4681086718,30577.420061474295,33498.62995186339,33083.60213506484,34529.71340225906,35138.890418249866,35691.2672094303,37190.94998539483,31651.61365501231,29130.94858064685,28633.619836663915,25968.306265480205,25617.260747082568,27318.34925507797,25919.237987883753,26553.25568948283,26460.19499828598,26983.230401484143,28694.30879428007,26212.114076690188,28323.27591988178,29868.323967079283,29995.32396707928,27965.19499828598,30505.36695667705,30069.296150280734,31860.415003874557,30699.37960067639,29832.25063188309,29358.248103083224,30376.31890947955,31470.369485476916,29952.29362148086,32156.422590274156,32774.44787827285,32641.437763073372,30618.326495879155,34624.54903026759,31458.36695667706,31503.354312677708,34008.55155906746,33102.4681086718,34346.54903026759,31671.420061474295,33475.51109826956,33607.50856946969,31731.394773475604,34822.60972146444,33856.61477906418,32579.556616667196,34826.73110385814,36388.96122464619,35646.284911029376,38101.939870195354,31913.626299011645,29927.9688110458,28003.581904665887,24867.291092680993,26612.31890947955,26014.250631883093,26987.2986790806,26984.25316068296,26184.169710287297,27624.27339108191,28538.288563881124,27802.227872684278,27488.187411886378,28960.27844868165,27697.225343884405,28333.225343884405,30769.382129476264,28288.192469486115,28821.230401484147,29346.263275882437,31416.38971587587,29969.32143827942,28695.222815084537,29619.27844868165,30253.31890947955,34855.680527860764,31293.39983107534,31737.37707187653,29940.291092680993,31191.35178387784,30009.275919881777,30774.339139878495,31907.407417474944,31658.377071876534,33654.538915068115,32493.447878272844,32614.447878272844,33040.46557987193,33028.485810270875,33907.52121346904,33001.5161558693,33585.680527860764,32934.538915068115,32895.5642030668,34210.68305666064,34568.78926625512,37544.47962861926,39327.03849339023,31974.63641421112,31237.107895038574,28970.685585460502,26662.36948547692,25340.23545908388,22595.03568389426,25572.174767887034,26862.24304548349,27080.225343884405,27120.217757484803,28445.270862282043,26795.169710287293,29532.35178387784,25980.101432690844,29550.308794280074,28822.273391081908,29721.311323079946,29539.280977481518,30226.331553478896,30474.32143827942,29249.291092680996,29262.2986790806,29894.298679080595,29321.28856388112,32063.420061474295,30572.334082278758,30877.372014276796,31568.361899077318,35921.74374785749,31191.36695667705,32095.42511907403,32855.48075267114,30703.354312677704,32250.41500387456,31415.39224467574,31927.39477347561,32960.47569507141,32780.42511907403,34323.5566166672,33327.526271068775,32363.511098269566,31548.442820673114,32120.518684669165,34585.72857505827,36574.99915664422,37647.43916782136,39151.10929978655,30768.542848615976,28901.93087904777,29116.685585460502,27051.412475074685,26337.326495879155,25649.217757484803,25577.187411886378,25841.189940686243,27741.29615028073,27353.23293028401,27623.22281508454,29558.379600676395,26977.16212388769,28033.232930284015,27404.18235428664,29564.318909479545,27938.220286284668,31194.387187076005,28467.245574283355,29037.28603508126,28173.207642285328,28148.2177574848,30404.34925507797,30309.32902467902,31425.36695667705,30602.356841477584,30108.31638067968,31951.43270547363,31276.394773475608,31663.387187076005,30797.356841477576,28787.25568948283,30910.346726278105,34249.55661666719,30606.33913987849,30189.301207880468,30826.359370277445,34081.56926066654,33620.49592547035,33281.48328147101,31841.402359875217,31252.417532674423,31424.44282067311,32930.55408786733,33868.70328705959,36688.02191584304,37258.39870702346,39529.187692582476,32948.699634207835,29139.9688110458,28499.642595862733,26698.377071876526,25743.25568948283,24681.136835889007,25887.22028628467,27109.27844868165,27938.308794280074,26536.207642285328,28579.321438279414,27751.23293028401,27674.227872684278,28222.323967079283,28042.212699885065,28528.26327588244,28745.227872684274,29056.27591988178,28066.17982548677,30019.336611078626,29227.25568948283,31107.374543076658,28649.23040148414,35715.71340225906,31322.361899077314,30415.321438279418,30040.318909479545,30521.3467262781,31228.374543076658,30277.323967079283,31359.35937027745,30338.364427877183,29306.270862282043,29991.283506281387,31207.374543076658,31516.39224467574,32128.425119074032,32589.445349472975,32031.40488867508,32662.47316627154,31309.41247507469,30658.39224467574,32912.57431826628,35007.741219057614,37626.13571183712,37363.423995022145,39767.14976058445,30389.499859018208,29348.978926245276,28688.62742306352,26313.36695667705,25718.268333482174,26932.331553478893,25103.162123887694,27048.280977481518,27530.28856388112,25719.136835889003,28785.31638067968,28054.270862282043,26988.17982548677,27741.23293028401,29747.336611078626,29082.283506281387,30052.33661107863,30289.329024679017,28875.248103083228,29875.33155347889,28282.2253438844,30208.334082278758,29491.283506281383,28788.24557428335,32386.485810270875,28983.235459083877,30832.351783877843,30533.356841477573,30658.366956677055,30424.313851879808,31237.379600676395,30346.29615028073,30214.308794280074,31221.372014276792,31728.402359875217,31027.356841477584,33239.48328147101,33231.4756950714,31943.40235987522,30814.372014276785,31334.397302275473,31143.41500387456,32033.488339070747,34132.680527860764,35675.9283502479,37087.37594782465,40147.255970178936,31634.674346209154,29222.95363824659,28388.614779064177,26388.364427877183,25156.25568948283,24825.167181487428,25064.18994068625,27065.26327588244,28823.366956677048,25608.139364688876,27782.268333482174,28299.283506281387,28501.27339108191,28062.22281508454,29496.316380679673,29804.3391398785,29460.32902467902,25877.093846291238,28715.248103083224,30285.359370277445,30242.323967079283,30127.31385187981,29601.321438279418,29915.34419747823,30276.344197478233,30779.3467262781,30175.316380679677,30293.326495879155,30527.344197478233,31426.392244675742,31034.379600676395,30237.344197478233,30387.31638067968,28787.20258468559,30158.326495879155,32092.440291873245,31204.39477347561,30699.308794280074,32973.46557987193,31659.415003874557,32385.46052227219,30809.36695667706,30136.379600676395,32615.599606264965,33264.60213506484,35159.865130251186,38051.49985901821,41152.28631577736,31501.669288609413,29176.978926245272,28956.680527860768,26571.397302275473,25577.24304548349,26710.31890947955,26213.22028628467,27581.306265480205,28478.351783877835,27844.2582182827,28076.268333482174,30372.493396670485,29846.38971587587,30628.435234273504,29233.31890947955,28832.275919881784,29358.308794280067,30376.35178387784,31543.41500387456,29155.270862282043,29677.306265480205,31479.402359875214,31071.40741747495,29987.303736680333,29553.258218282703,30502.346726278098,30214.308794280074,29507.29362148086,33507.61477906418,31809.412475074685,29230.243045483487,31336.389715875866,31363.397302275476,31775.39983107535,32377.407417474948,31641.389715875866,32257.41753267442,31692.39730227548,31681.425119074032,30838.372014276792,31736.457993472326,31327.44534947298,34634.7260462584,35879.92329264816,36891.37341902478,38395.03849339023,30419.532733416505,29016.961224646195,23647.25568948283,27517.46052227219,26800.38971587587,25289.225343884405,26193.260747082568,26626.286035081255,27999.341668678364,27456.27339108191,27779.291092680993,27705.240516683618,28466.29615028073,27155.207642285328,27859.230401484143,29713.387187075998,28807.293621480858,29898.349255077967,29971.351783877846,29245.28350628139,30870.415003874557,29758.318909479545,30888.36695667705,28982.28856388112,31688.52879986864,30733.35178387784,30703.331553478896,31082.37707187653,30588.329024679024,32769.47063747166,32764.498454270222,30475.356841477576,30756.372014276796,27123.16212388769,30579.33661107863,32143.435234273504,30240.323967079286,30016.291092680993,30680.329024679017,31347.402359875214,31514.450407072713,31017.412475074685,31739.56926066654,33006.599606264965,36117.930879047766,36208.279853429645,40174.26608537841,30917.56055021506,28622.91317744869,29421.741219057618,25987.38971587587,26446.361899077318,25550.245574283355,24652.172239087166,25188.121663089794,25310.24304548349,26725.220286284668,26533.207642285328,27386.258218282703,26099.159595087825,28163.263275882437,27789.248103083224,28917.301207880468,28678.291092680993,29305.31132307994,29838.341668678364,30327.361899077307,29623.336611078623,30823.392244675735,30481.37454307666,31182.420061474295,30392.356841477573,30509.336611078626,30392.339139878495,30601.364427877183,31626.407417474948,31953.447878272847,33787.54903026759,31149.37201427679,32746.457993472326,28696.215228684934,30515.329024679024,32100.430176673766,30498.323967079283,30015.296150280727,29551.260747082568,31252.36948547692,28990.212699885065,30175.34166867837,30844.44029187324,31531.48833907074,32453.571789466412,35393.903062249214,37752.444225421095,39735.16493338366,30997.573194214405,28217.865130251186,29248.756391856834,28186.584433465756,26743.44534947298,26038.33661107863,25815.268333482174,25931.22281508454,26525.253160682965,25011.141893488744,25946.197527085853,26514.20511348546,28024.293621480858,28181.283506281387,28899.316380679677,29380.377071876523,24441.03821269413,30724.430176673766,30433.415003874557,30003.36442787718,30364.37201427679,29054.286035081255,30356.38465827613,31124.427647873898,30087.32143827942,30772.387187076,31194.389715875874,31703.43270547363,32233.4681086718,31332.42259027416,31626.392244675742,31666.440291873238,31506.387187076,31472.447878272844,31800.417532674423,30976.38212947626,30066.28097748152,31753.404888675082,32195.445349472975,30892.377071876534,30160.316380679684,30218.34925507797,31275.44787827285,30142.399831075345,34229.67799906089,36044.9283502479,36657.37847662451,37695.008147791814,30314.520089417165,27964.923292648164,28654.715931058934,26753.455464672454,26878.427647873898,24705.197527085853,27888.404888675082,26057.225343884405,26339.265804682305,26840.245574283355,27049.23545908388,26512.187411886378,28267.31132307994,27095.220286284668,28225.27339108191,28431.265804682305,30167.379600676395,29067.33155347889,30186.387187075998,30446.407417474948,29547.32902467902,31553.46052227219,29693.334082278758,29927.32902467902,31226.417532674423,32296.470637471666,29709.273391081915,31871.435234273507,32813.51362706943,32599.465579871925,32334.473166271535,31322.38971587587,30452.35684147758,30990.37707187653,32070.452935872585,31358.384658276133,30312.329024679017,30363.298679080595,30710.323967079286,30599.356841477573,29971.364427877183,30689.44534947298,31074.470637471666,31953.513627069427,35038.895475849604,36629.398707023465,37798.033435790494,29433.403764623214,28331.915706248557,28932.76144945657,26680.475695071404,25028.288563881124,26276.412475074685,24085.177296686907,26098.27591988178,25599.212699885065,25700.192469486115,26559.24304548349,26529.210171085193,27745.27591988178,27331.23545908388,28675.33155347889,28052.27844868165,23092.96234869807,28461.283506281387,29734.374543076658,29577.334082278758,29304.323967079286,29949.344197478233,28696.24810308323,29644.321438279418,29923.36948547692,30131.359370277445,31724.435234273504,32035.45546467245,31889.425119074025,32543.473166271535,31040.407417474948,33371.53385746838,32156.435234273504,31206.382129476267,30260.32649587915,31171.387187076005,27355.19499828598,31380.40741747495,30178.33661107863,29934.32902467902,30631.374543076658,29951.374543076658,31266.475695071404,33682.69570065998,33620.7993814546,35458.30261262846,37738.020791791154,29920.49227261861,27765.918235048426,28791.728575058278,25955.425119074032,25460.323967079286,24014.22028628467,24836.197527085853,26078.306265480205,25298.184883086513,27475.36948547692,26458.248103083228,24915.106490290582,26967.248103083228,28923.38971587587,27486.303736680333,26880.207642285328,27605.245574283355,27977.253160682965,28014.260747082568,29936.379600676395,29530.354312677708,29591.326495879155,29094.306265480205,29951.346726278098,30800.4276478739,30226.36189907731,30974.382129476264,32498.513627069427,31654.427647873894,32913.51109826956,32254.478223871272,32570.48328147101,30878.399831075345,31157.3796006764,31837.417532674423,31630.407417474944,30060.36189907731,29973.321438279418,30615.354312677704,30458.3796006764,29612.291092680993,31270.42511907403,32196.531328668512,32689.61225026431,35637.930879047766,35076.25709423082,38054.073896588394,28570.335487026754,27789.857543851576,26807.561674266937,23702.27339108191,22899.17223908717,24636.232930284015,26056.329024679024,25150.26327588244,24352.11154789032,25639.207642285328,26511.301207880468,25179.121663089794,27248.283506281387,25800.146951088478,27789.293621480858,26751.200055885718,28167.27591988178,26317.154537488088,28091.286035081255,28287.2582182827,28617.258218282706,31525.49592547035,30963.404888675082,29273.32902467902,29880.329024679017,29558.32143827942,31073.420061474295,30654.379600676395,25742.083731091763,31910.450407072716,31619.43270547364,31865.42006147429,32412.49845427021,31548.40994627482,31929.442820673114,30686.34419747823,31172.37707187653,30150.33155347889,30804.372014276792,30216.32649587915,28826.25316068296,30633.36695667705,29562.339139878495,30528.44534947298,32743.61225026431,33586.79179505499,33627.13318303726,35467.88929419799,28816.421466222288,29090.052261441462,27204.586962265625,25399.427647873898,23106.157066287957,24397.227872684278,24019.179825486775,24057.157066287957,25322.215228684934,24058.078673492026,24506.11154789032,24722.098903890976,25528.154537488088,25675.194998285988,26495.200055885718,27315.29362148086,27783.28856388112,27273.22281508454,27802.253160682965,28982.311323079943,27917.23293028401,28592.268333482174,28448.27591988178,26985.131778289266,28845.268333482178,30000.354312677708,30876.42259027416,29939.331553478896,29645.32649587915,30376.339139878495,31179.40235987521,30895.37201427679,31698.415003874554,31997.473166271535,31436.38971587587,32194.442820673114,31294.417532674426,32047.45293587259,29696.311323079946,29028.253160682965,29524.293621480858,29524.321438279418,30958.4276478739,29605.364427877183,31532.551559067462,33452.78673745525,35309.3076702282,36038.91458219667,28253.312727827935,27825.95110944672,25339.468108671797,23903.26327588244,23844.268333482174,24256.291092680993,22544.06855829255,24558.174767887038,22860.053385493342,24274.098903890976,24678.124191889663,24803.14695108848,25347.139364688876,26170.18235428664,25466.119134289926,26593.217757484803,26153.15959508782,27058.212699885065,27239.212699885065,27646.240516683618,27490.20258468559,25686.06855829255,28942.291092680993,28617.28856388112,30090.361899077314,30560.40235987521,29828.326495879148,24992.02809749465,30967.394773475608,30848.379600676395,30781.38465827613,30240.359370277445,30129.336611078626,30832.377071876526,31564.430176673766,31350.420061474295,29824.301207880464,29328.301207880468,28621.25063188309,29151.28856388112,29520.323967079283,29737.36189907731,28991.35178387784,32088.5970774651,33267.87018785092,35163.30261262846,32859.62124141191,28650.38100542439,26535.85248625184,24116.36948547692,21725.09637509111,22361.141893488744,21820.063500692813,21516.00786709571,22793.063500692813,23252.053385493342,23708.083731091763,24256.091317491373,24764.11154789032,24839.091317491373,25792.217757484803,25057.11154789032,25639.136835889007,26394.179825486768,27215.258218282703,26885.19499828598,25820.119134289926,28349.27844868165,28364.283506281387,28846.293621480858,28699.296150280727,28044.19246948612,29200.313851879808,28870.280977481518,28723.27591988178,30553.394773475608,31432.422590274156,31409.435234273504,29338.283506281387,30846.407417474948,30283.3467262781,30574.361899077318,32339.521213469037,29760.33661107863,25188.05591429321,30282.35431267771,28832.27844868165,29338.303736680333,29870.374543076658,29241.384658276133,30777.48328147101,31523.581904665887,32005.75386305696,33782.17364383516,33806.73250860613,26539.181230234764,24716.688114260378,26655.624894263652,21283.083731091763,21449.098903890976,20746.974992697415,21799.010395895577,21507.94464709899,21881.974992697415,24135.119134289926,23245.103961490713,25615.207642285328,25345.18235428664,24847.11154789032,28419.415003874557,24629.07614469216,25731.139364688872,25813.157066287953,25457.121663089794,25852.136835889003,27080.167181487428,27504.22281508454,27625.217757484803,27099.169710287297,29188.323967079283,28215.222815084544,29221.280977481518,29447.3062654802,29535.311323079943,29890.318909479545,29371.323967079283,30244.346726278105,29734.321438279414,29416.298679080595,29182.283506281383,29584.31890947955,30265.36695667705,29422.30879428007,29266.283506281383,27373.212699885065,30218.35178387784,28140.245574283355,28645.32649587915,28822.366956677048,29020.44534947298,31749.69064306024,32998.17364383516,33959.77044060416,26832.19893183385,24109.592019865362,23790.377071876526,20787.083731091763,20340.033155094396,19926.94464709899,21098.995223096364,21937.050856693473,23059.07361589229,23088.086259891636,23509.093846291238,23387.03568389426,24178.081202291898,24340.071087092423,24006.06855829255,23593.0002806961,25899.139364688876,26927.227872684278,26191.157066287953,28146.339139878495,27031.189940686243,27442.21522868493,28098.286035081255,27948.22281508454,27963.22281508454,27695.197527085853,29210.28603508125,29872.374543076658,29889.346726278098,27791.245574283355,28879.248103083228,30935.41753267442,29936.354312677708,29821.341668678364,29697.311323079943,29765.313851879808,30035.341668678368,28762.27086228204,29169.296150280734,26214.119134289926,28591.270862282043,28605.313851879808,27433.265804682305,28777.38971587587,27629.336611078626,32377.822140653414,33999.2747958299,34247.780555803634,25925.15341343621,24535.695700659984,23199.399831075345,20373.060971892948,19789.959819898202,20206.98763669676,19731.873840702672,20619.96740629781,21789.980050297152,23600.09637509111,23994.124191889663,23064.02303989492,22798.977521497283,24520.12672068953,25137.136835889007,25122.10901909045,24701.083731091763,25158.139364688876,25636.144422288613,24748.078673492026,26464.177296686903,27078.19499828598,25311.05338549334,28741.3062654802,26255.16212388769,29466.351783877835,28827.280977481518,30269.35937027744,31013.402359875214,29492.31638067968,30015.329024679017,30268.341668678364,29758.32902467902,30334.346726278105,29402.278448681645,28169.225343884405,29602.326495879148,28847.263275882437,28421.227872684278,31192.493396670485,28609.265804682305,28376.29615028073,28670.35178387784,28589.356841477573,30283.53638626825,32600.855015051708,34377.31778542767,34607.866534999164,25945.168586235424,22344.470637471666,22263.30373668034,19687.02556869479,19559.972463897546,21286.086259891636,20602.033155094396,20994.957291098333,21752.000280696102,24426.245574283355,22507.07867349203,24135.114076690188,23607.053385493342,22923.000280696102,23237.030626294523,24297.091317491373,25279.15200868822,25899.172239087166,25314.144422288613,26152.172239087166,25656.162123887694,27059.245574283355,26794.212699885065,27976.265804682305,28945.311323079935,29359.356841477576,29230.323967079286,29851.36948547692,31228.442820673114,28917.286035081255,29986.354312677704,29233.298679080595,29558.306265480198,30110.32902467902,30442.38971587587,28677.255689482834,30339.35431267771,28477.270862282043,28228.23545908388,28633.258218282706,29670.37201427679,27633.283506281387,28626.387187075998,30684.564203066806,33519.95363824659,33883.33042942702,34629.85136219996,22809.925821448032,22122.56420306681,21157.237987883753,20169.088788691504,19384.977521497283,18975.93453189952,20572.980050297152,19793.919359100306,21403.995223096364,20845.93453189952,22248.020511095052,22755.033155094396,24458.225343884405,24358.121663089794,23669.081202291898,24105.086259891636,25271.187411886378,23920.078673492026,25360.164652687563,24796.139364688876,25296.141893488744,25815.184883086513,26172.225343884405,26416.212699885065,27146.25568948283,27708.286035081255,27787.283506281387,29680.40994627482,28488.36695667705,29347.374543076658,29751.392244675735,28260.280977481518,30602.425119074032,28642.296150280727,28369.270862282043,29715.377071876526,29414.377071876523,29513.384658276133,28130.260747082568,29116.33155347889,29159.339139878495,29011.37201427679,26969.248103083224,29268.478223871272,29704.546501467725,29423.642595862733,33126.32284302741,33227.83113180101,22580.963753446063,21646.58443346576,20178.19246948612,18523.00280949597,18975.974992697415,19369.98257909702,19706.969935097677,19631.937060699383,20967.017982295183,19957.939589499256,21392.010395895577,21236.974992697415,21387.997751896233,22968.081202291898,23650.103961490713,23540.12672068953,24614.184883086513,24817.162123887694,27197.435234273504,24908.18235428664,25102.210171085197,25700.245574283355,25540.200055885725,27482.313851879808,26824.253160682965,27317.303736680336,28086.364427877183,28071.351783877835,28695.40235987521,27668.303736680333,28367.354312677708,28246.34925507797,28379.377071876526,29227.384658276133,28453.344197478233,28826.392244675735,30259.51868466917,29803.468108671797,28562.392244675735,28152.384658276133,27631.364427877183,27935.387187075998,28119.46052227219,30207.675470261027,28724.769035856174,30374.19134543424,28400.552963815462,19675.667883861428,18805.296150280737,17815.116605490064,17306.96234869807,16490.891542301753,16482.79797670661,17420.00280949597,21030.2101710852,19023.959819898202,20783.18994068625,21108.081202291898,21993.2101710852,21144.121663089798,22058.182354286644,23538.35431267771,21800.119134289926,23441.27591988178,22758.106490290582,24642.35937027745,22800.202584685594,25279.437763073372,23166.232930284015,26307.642595862737,24375.260747082568,26825.435234273504,26474.364427877183,25595.303736680336,24796.23545908388,27097.581904665887,25973.346726278105,27157.415003874557,25733.29615028073,26936.42259027416,25901.306265480205,26426.361899077318,25103.280977481518,26792.404888675082,26496.404888675082,25187.311323079943,25850.36695667705,25073.326495879155,27131.488339070747,25472.392244675735,25863.607192664575,27965.751334257096,25525.662826261687,23897.774093455915,23804.138240637,26498.767911804298,26756.60859741257,29992.80584380232,28997.580780614015,29082.618712612046,24084.842371052368,25669.123067837787,34268.841247000484,32214.499859018215,31823.517560617296,29612.20651823345,30754.370890224916,36077.90446699719,31879.355717425704,31424.259623030688,32840.38100542439,33436.40882222294,33975.42146622228,32405.295026228854,35024.49985901821,38189.805843802314,38379.84124700047,36811.646529410595,37836.66423100968,38989.740095005734,34884.35824622557,34182.3557174257,38545.70974940731,36639.497330218335,41328.94239899522,36052.43411022163,39324.74515260547,38976.67687500902,37288.54284861598,42241.97527339352,36221.4442254211,41046.19022138235,30841.13571183713,36913.49480141847,44588.14470298471,43781.06631018879,41318.906995797064,29790.996627844353,28729.920763848295,31274.173643835158,28807.12053903792,25415.082607039883,43977.098060535194
21,29491.43010218547,18128.86485131004,24437.302412368022,27945.256425493564,30501.200888029263,31239.229539798787,28861.690454402044,31004.654018117428,32069.409234931038,34178.49519023961,31907.502974754705,30496.43612062581,31007.879700124133,31542.73820735126,34961.91011796841,34447.00385779208,36978.28860941259,32680.785960300465,34826.33459628705,31992.34238080214,38771.23307194829,38503.0438262262,38533.72263832107,33445.34238080214,39702.97873817206,42539.970953656964,40435.58291162294,41512.498722389115,41654.62111398231,38882.0438262262,41897.50827297896,42129.96140306712,41138.1584333043,38892.36501413133,41435.47007061959,37715.59069613804,46040.63419672166,39679.85634657886,45696.963169141876,46348.274806457164,43446.17930055874,42969.78347400963,40580.70706929089,34797.638449087244,26901.483873575024,34797.45096943991,13700.664288923359,6345.657224624351,13488.955058984207,18042.815332286078,19950.58965027937,21782.646953818425,22677.38306945235,21245.524562225226,20833.608751459054,22406.232026089623,24393.600966943966,24781.32753198805,26090.658270483014,23087.82664895067,25798.186039215165,27482.828415025426,26293.979458388145,28375.01766074751,25775.469024760925,25309.742459716843,26047.761560896528,27430.6773716627,28497.998559567826,27885.667821072857,26579.166938035483,26992.195589805007,25786.440372991397,28564.423037886467,26714.20514039485,26902.96035720846,26941.62006812365,26096.157387445644,26848.742459716843,28383.168704110234,26893.034995852446,27582.799763255898,26400.034995852446,25703.713807947315,24702.807547770986,28170.696472842385,24693.81709836083,24642.97769231339,24323.553213994754,24429.996793493076,23541.562764584596,20490.646953818425,14983.851768570694,25356.531626524233,16790.769345411616,18553.34486709298,22286.10963449643,23356.553213994754,23058.47680927602,24068.38306945235,25413.411721221877,24181.50546104554,25879.553213994754,26705.44992358124,26124.968141723548,27755.32753198805,26727.279779038836,27509.44992358124,28937.931705438932,30734.998559567826,33078.235558239125,33028.82063051033,29503.365734347415,27971.723358537158,30497.847516205104,29337.771111486367,30659.00811015767,30538.233792164378,29298.044546442285,29410.629618713487,30033.384835527097,29972.912604259247,31701.43258847631,29853.497676530453,29910.78066207621,30322.799763255895,31267.384835527097,30359.50722712029,30253.224241574535,31303.847516205104,29894.63916930333,29101.469024760925,30941.86661738479,30028.658270483014,30343.092299391494,28197.16693803548,28791.36573434741,31136.33884865264,29453.811079920488,23164.554980069508,20874.111400571182,22756.50899319505,27059.68868832729,27815.847516205104,26768.166938035483,25550.53411281507,25509.81709836083,24569.03322977769,25268.03322977769,26797.241576679466,28458.459474171083,28209.41172122187,28769.44992358124,29064.16693803548,27988.553213994754,31729.82841502542,28581.270228448993,30971.64871989317,29201.864851310038,30426.327531988045,30815.48812594061,29789.16693803548,32016.545429479662,30707.761560896528,23931.95682505896,30975.629618713487,29726.732909127,30591.20514039485,30730.893503079562,30921.752010306685,31749.64871989317,31728.931705438932,32279.658270483014,32744.9699077983,33242.56453065934,31985.629618713487,32557.82841502542,31635.629618713483,32309.667821072857,31113.054097032127,32627.6773716627,32859.5549800695,31523.346633167726,31702.233792164378,31831.6773716627,33017.15915352039,33319.98122446289,32447.917902483503,27854.01164230717,27047.15313508005,27304.669587147608,28367.11140057118,26806.713807947315,26245.241576679466,23834.15562137089,27712.128735676117,26700.39262004219,26468.052330957376,30054.893503079562,27350.363968272664,29564.28932962868,30166.157387445637,30367.157387445637,30546.16693803548,31514.05409703213,29436.685156177788,29876.713807947315,30597.44992358124,27986.2033743201,29092.090533316747,29215.524562225226,32875.52632829998,32101.054097032127,33839.818864435576,36896.122717235776,34156.979458388145,32474.912604259243,32273.04454644229,32198.44992358124,33803.51677771013,34553.979458388145,32620.073198211812,34800.83796561527,33498.092299391494,33380.35618375757,33279.507227120295,32786.77111148636,33943.39438611694,32515.346633167726,32785.64871989317,32533.95080661862,31479.195589805007,32840.39438611694,35700.367500422166,36613.463006320584,36016.80506148015,34175.98652268715,30698.154901154805,28938.54719555441,28030.818864435576,25878.836199540514,25344.363968272664,27221.411721221877,27158.10008390659,28030.28932962868,26433.608751459054,28328.807547770986,28780.81709836083,28281.080982726904,29335.97769231339,27800.325765913294,29853.402170632027,31864.9030536694,29736.67560558795,29973.54366340491,30258.53411281507,30610.270228448993,30872.855300720195,30432.402170632027,29892.241576679466,31537.581865764278,33224.93170543893,31883.298880218517,30634.402170632027,33933.941256028775,32689.6105175338,33228.48812594061,34214.93170543893,33427.21469098469,32731.044546442285,33245.62961871349,33438.05409703213,35945.008110157665,32036.874401899877,33844.93170543893,33616.507227120295,33513.073198211816,32458.903053669404,30515.59141635412,33728.8475162051,33348.40393670678,34875.17825470008,35519.273760598495,35812.19133743942,37734.9882887619,32513.806827554905,29603.019426822262,28856.413487296624,25833.95859113371,25724.50546104554,27466.553213994754,26100.77889600146,26641.7884465913,26783.184273140418,27109.2033743201,28802.81709836083,26051.712041872568,28378.656504408264,29967.968141723548,30048.968141723544,27938.18427314041,30579.562764584593,30232.524562225226,31743.874401899877,30671.8553007202,29680.07143213706,29510.21292490994,30360.25112726931,31565.421271811712,29995.666054998102,32274.44992358124,32838.034995852446,32799.600966943966,30737.826648950664,35020.375284937254,31521.562764584593,31503.270228448997,34275.23379216438,33194.903053669404,34336.375284937254,31868.59141635412,33675.49767653045,33621.63916930333,31918.006344082918,35072.979458388145,33924.69647284238,32448.950806618617,35097.18780528991,36597.311962957865,36007.20088802926,39148.55425985342,32723.099363690504,30609.887484639225,28236.53587888982,25107.807547770986,26534.25112726931,26099.07143213706,26770.38306945235,27143.929939364185,26116.599200869212,27753.797997181144,28640.949040543866,27955.34486709298,27425.608751459054,28952.515011635387,27859.486359865856,28314.486359865852,30987.71380794732,28451.325765913294,29009.203374320095,29561.363968272664,31641.28932962868,30163.109634496424,28678.62785263874,29554.515011635383,30638.25112726931,35370.017660747515,31388.72335853716,31932.996793493076,30184.807547770986,31391.411721221866,30026.656504408264,31085.119185086274,31992.298880218517,31654.996793493076,33933.941256028775,32583.034995852442,32632.034995852442,33055.04454644228,33086.91260425925,33900.93170543893,33078.21469098469,33842.017660747515,33142.941256028775,33074.52632829998,34228.87616797463,34872.93347151368,38108.305944517524,40136.177534483984,32692.533392598983,31551.10538213084,29418.73467520175,26822.42127181172,25437.920388774342,22709.098317831835,25427.31621532345,26901.4959104557,27087.48635986586,27249.9108381845,28413.939489954024,26783.599200869212,29661.41172122187,26187.419505736965,29608.817098360825,28835.797997181144,29890.67560558794,29877.373518862503,30210.543663404907,30485.109634496424,29586.807547770983,29490.383069452346,30095.383069452342,29410.94904054386,32422.59141635412,30755.402170632024,31109.279779038836,31595.84575013035,36098.480341425515,31294.562764584593,32273.30843080836,32795.19558980501,30967.270228448993,32618.874401899873,31667.1478368558,32051.00634408292,32787.47857535077,33012.30843080836,34369.95080661862,33369.64871989317,32597.497676530456,31602.317981398202,32247.073198211812,34684.329298062796,37080.189571364666,38236.5698288836,40108.215736843355,31540.76862519553,29359.00987623242,29499.73467520175,27425.01589467276,26499.82664895067,25481.9108381845,25672.608751459054,26008.467258686178,27959.524562225226,27468.06188154722,27837.627852638736,29698.855300720195,26974.02367918785,27973.06188154722,27396.89173700481,29597.251127269305,28075.769345411616,31190.43082240155,28531.35441768282,29046.090533316743,28191.476809276017,28224.910838184493,30613.553213994754,30513.685156177788,31420.562764584593,30724.128735676113,30090.392620042192,31981.88395248972,31378.00634408292,31826.43082240155,30905.128735676113,28893.788446591305,30989.69470676763,34465.95080661862,30755.11918508627,30394.24157667947,31095.987242903237,34256.24334275421,33592.34663316773,33473.05409703213,32034.581865764278,31294.732909127,31411.317981398202,32942.092299391494,34031.7442257916,37118.91613640875,38012.97520602256,40565.687968111204,33431.99607327699,29685.887484639225,28773.140052340706,26858.996793493076,25986.7884465913,24772.43860691665,25974.769345411616,27030.515011635383,27965.81709836083,26560.47680927602,28563.109634496428,27824.06188154722,27623.34486709298,28296.968141723548,28053.193823730257,28703.36396827266,28749.34486709298,29208.656504408264,28178.03322977769,30158.26067785915,29400.788446591305,31173.138286265952,28771.203374320095,35707.17825470008,31281.845750130353,30602.109634496428,30161.25112726931,30662.69470676763,31367.138286265952,30431.96814172355,31386.987242903233,30582.704257357473,29421.93948995402,30086.232026089627,31525.138286265952,31659.147836855795,32290.30843080836,32487.176488625326,32061.440372991397,32922.620068123644,31340.01589467276,30704.147836855795,33192.96035720846,34981.62183419839,38061.54896162916,37898.41878552087,40923.66886693152,30938.174002334483,29986.321513547708,28696.989008977984,26366.562764584596,25810.080982726904,26837.54366340491,25180.02367918785,27234.373518862507,27645.949040543866,25701.43860691665,28701.39262004219,28211.939489954024,27019.03322977769,27760.06188154722,29743.26067785915,29242.232026089623,30096.26067785915,30513.685156177788,28783.21292490994,29876.54366340491,28484.486359865856,30159.40217063203,29623.232026089623,28903.35441768282,32443.912604259247,29136.92038877434,30710.411721221873,30561.128735676113,30856.562764584593,30595.53411281507,31371.855300720195,30432.52456222523,30136.817098360825,31433.279779038836,31987.581865764278,31274.128735676113,33314.05409703213,33144.47857535077,31868.581865764278,30904.279779038832,31246.86485131004,31348.874401899873,31899.77111148637,34561.017660747515,36102.151369005296,37620.10714820559,41307.726170470574,32277.411001005785,29492.736441276502,28536.696472842385,26498.704257357473,25302.7884465913,24912.740693642096,25385.467258686178,27202.363968272664,28908.562764584593,25738.297114143767,27782.080982726904,28270.232026089623,28443.797997181144,27908.627852638736,29615.39262004219,29727.11918508627,29520.685156177784,25926.843984055602,28712.212924909938,30586.98724290323,30401.968141723548,30224.53411281507,29645.109634496428,30032.83619954051,30301.83619954051,30944.694706767626,30208.392620042192,30476.826648950668,30552.83619954051,31532.147836855795,31211.8553007202,30344.836199540507,30603.39262004219,28908.75979482177,30376.826648950668,32285.459474171083,31257.006344082914,30761.817098360832,33060.04454644228,31825.874401899877,32536.327531988045,30964.562764584593,30246.855300720195,33061.54542947966,33391.40393670678,35403.6886883273,38721.17400233449,42275.02825719602,32335.69398655155,29722.321513547708,29329.01766074751,26472.86485131004,25595.4959104557,26786.25112726931,26217.769345411616,27607.958591133705,28555.411721221873,27979.64695381842,28101.080982726904,30549.48812594061,29538.28932962868,30726.742459716843,29357.25112726931,28865.656504408264,29574.81709836083,30544.41172122187,31572.874401899877,29306.93948995402,29815.958591133705,31704.581865764278,31320.298880218517,29963.100083906585,29563.64695381842,30632.69470676763,30284.817098360825,29743.666054998102,33753.69647284238,32162.01589467276,29486.495910455695,31281.28932962868,31397.86485131003,31938.72335853716,32495.298880218514,31703.289329628675,32234.732909127,31759.864851310038,31892.308430808363,31118.279779038836,31967.469024760925,31458.17648862532,35112.47079083568,36135.434354551064,37553.10714820559,39246.177534483984,31024.33459628705,29455.31196295786,23708.7884465913,27426.32753198805,26761.28932962868,25198.48635986586,26065.50546104554,26667.090533316747,28187.97769231339,27587.797997181144,27969.807547770986,27604.63740322858,28455.524562225226,27086.47680927602,27844.2033743201,29918.430822401555,28887.666054998106,30146.553213994757,30118.41172122187,29398.232026089623,30826.874401899873,29883.25112726931,31025.562764584596,29187.949040543866,31860.50722712029,31064.411721221866,30834.54366340491,31269.99679349308,30695.685156177784,32938.76156089653,32919.20514039485,30551.12873567611,30956.27977903884,27200.02367918785,30497.26067785915,32523.742459716843,30326.968141723548,29982.807547770986,30742.685156177788,31360.58186576428,31677.893503079562,31208.01589467276,32057.243342754216,33107.54542947966,36409.00987623242,36520.48387357502,41612.30169215194,31343.778175785374,29129.000325642577,29408.6218341984,26103.28932962868,26540.845750130356,25523.35441768282,24739.457708096335,25125.287563553924,25337.4959104557,26839.769345411616,26458.47680927602,27295.646953818425,26150.165171960733,28138.363968272664,27820.21292490994,28733.241576679466,28754.807547770986,29290.67560558794,29827.977692313387,30300.845750130353,29632.260677859147,30664.14783685579,30335.13828626595,31088.59141635412,30280.128735676113,30565.26067785915,30313.11918508627,30717.70425735747,31782.298880218517,31841.034995852446,33794.375284937254,31208.279779038836,32620.46902476092,28698.052330957376,30555.68515617779,32109.0254452626,30479.96814172355,30079.524562225226,29663.505461045537,31355.42127181171,29080.193823730253,30379.977692313387,31063.459474171083,31573.771111486367,32584.101849981336,35643.5662967341,38260.42833611072,40679.536924748485,31520.070711920973,28403.68868832729,29473.772877561118,28441.39438611694,26834.176488625322,25986.26067785915,25880.080982726904,25917.62785263874,26673.929939364185,25156.15562137089,26154.042780367534,26523.618302048897,27946.66605499811,28312.232026089623,28791.39262004219,29391.996793493076,24613.95682505896,30943.025445262607,30564.87440189988,30100.704257357473,30263.279779038836,29084.090533316743,30512.572315174435,31205.16693803548,30300.109634496424,30930.430822401555,31152.289329628675,31776.883952489716,32306.903053669404,31363.44992358124,31515.1478368558,31865.45947417108,31672.43082240155,31621.03499585244,31986.732909126997,31316.713807947315,30124.373518862503,31889.440372991394,32340.176488625322,31085.99679349308,30098.39262004219,30173.553213994757,31433.03499585244,30239.723358537158,34154.15915352039,36364.151369005296,37572.96565543271,38801.309476667026,30903.04206015145,28368.43435455106,28725.036761927193,26962.61051753381,26902.166938035483,24886.042780367534,27861.440372991397,25962.48635986586,26412.222475499784,27036.35441768282,27100.920388774342,26440.608751459054,28405.67560558795,27158.769345411616,28162.797997181144,28479.22247549978,30177.855300720195,29026.54366340491,30366.430822401555,30614.298880218514,29526.685156177788,31445.32753198804,29687.402170632027,30051.685156177788,31121.732909127004,32227.761560896528,29826.79799718114,31878.74245971684,32809.35618375757,32530.044546442285,32403.620068123644,31304.289329628682,30443.128735676113,31032.996793493076,32165.752010306685,31405.572315174435,30589.685156177788,30299.383069452346,30744.968141723548,30820.128735676113,30022.704257357473,30758.176488625322,31170.761560896528,31865.35618375757,35448.990775052735,37470.69222047679,38967.46052002975,30026.550727703914,28491.8588328697,29292.48989201536,26632.478575350768,25015.94904054387,26354.01589467276,24082.174722550575,26057.656504408267,25729.19382373026,25934.325765913294,26594.4959104557,26636.335316503137,27767.656504408267,27556.920388774342,28723.54366340491,28133.515011635383,23205.20160824535,28441.232026089623,29775.138286265952,29689.402170632027,29444.968141723544,30043.836199540507,28765.212924909938,29790.10963449643,29981.421271811712,30253.987242903237,31759.742459716843,32162.610517533798,32005.30843080836,32603.620068123644,31117.29888021852,33706.22424157453,32138.742459716843,31201.71380794731,30276.826648950664,31461.430822401555,27329.184273140414,31761.298880218517,30453.260677859154,30100.68515617779,30811.13828626595,30045.138286265952,31559.47857535077,33973.16870411023,33964.367500422166,36155.210438619106,39018.16798389415,30701.59848065313,27998.717340096817,28926.329298062796,26005.308430808363,25432.968141723548,24052.769345411616,24558.042780367534,26129.95859113371,25333.750244231935,27510.42127181172,26384.212924909945,24932.136520191205,27093.212924909945,29006.28932962868,27761.10008390659,27002.47680927602,27683.35441768282,28132.929939364185,28044.50546104554,30165.855300720195,29442.270228448993,29759.826648950668,29142.958591133705,30002.69470676763,30975.16693803548,30434.845750130356,30855.713807947315,32870.35618375757,31695.16693803548,32969.49767653045,32257.337082577887,32653.054097032127,31059.72335853716,31106.855300720195,31967.732909127,31691.298880218517,30026.845750130353,29948.109634496428,30744.270228448993,30595.85530072019,29587.807547770986,31260.30843080836,32325.36573434741,32833.83796561526,36296.00987623242,35579.75730853094,39051.77215734504,29009.371032571667,27826.113166645933,27052.667821072857,23909.797997181144,22922.457708096335,24485.06188154722,25936.685156177795,25146.363968272664,24362.853534645445,25626.47680927602,26588.241576679466,25318.287563553924,27246.232026089623,25671.87263582513,27918.66605499811,26833.901287594657,28081.656504408264,26551.448157506493,28144.090533316747,28222.646953818425,28404.64695381842,31533.346633167726,31005.440372991397,29333.685156177788,29881.68515617779,29874.10963449643,31062.59141635412,30723.85530072019,25901.409955147123,32084.893503079562,31691.883952489716,31947.59141635412,32542.20514039485,31533.157387445634,32086.317981398206,30662.836199540514,31227.996793493076,30082.54366340491,30731.279779038832,30293.826648950664,28857.929939364178,30608.562764584593,29548.11918508627,30716.176488625322,33075.83796561526,33952.7919787408,34352.69045440204,36364.242622538135,29452.560278293757,29539.218223134194,27481.252893344063,25307.166938035483,22829.30666473361,24451.34486709298,24110.03322977769,24169.30666473361,25435.052330957376,24001.692940692883,24436.853534645445,24804.56099850984,25686.448157506493,25825.184273140418,26477.901287594657,27351.66605499811,28003.94904054387,27531.627852638736,27928.929939364185,29075.67560558795,28089.06188154722,28734.080982726904,28519.656504408264,27208.721592462407,29064.080982726904,30285.270228448993,31074.449923581236,30153.543663404907,29863.82664895067,30464.11918508627,31503.581865764278,31148.279779038832,31804.87440189988,32263.620068123644,31475.289329628675,32119.317981398202,31507.732909127,32085.752010306685,29741.675605587945,29028.929939364178,29464.666054998106,29611.109634496428,31089.16693803548,29676.704257357473,31431.233792164374,33514.07496428656,35898.927453073346,36989.82769480934,28854.644467527585,28078.877934049382,25611.903053669408,23848.363968272664,24078.080982726904,24351.807547770986,22539.258911784404,24619.31621532345,23165.107868421677,24192.56099850984,24765.146070781047,24929.87263582513,25527.297114143767,26093.891737004815,25599.429056326808,26579.9108381845,26363.165171960733,27175.19382373026,27302.19382373026,27600.637403228582,27552.759794821774,25641.258911784404,28875.807547770986,28957.949040543863,30042.84575013035,30650.581865764278,30030.826648950668,24832.52279615048,31005.006344082918,31078.855300720195,30918.572315174435,30340.987242903233,30104.26067785915,31064.996793493076,31756.025445262596,31415.591416354117,30101.241576679466,29172.241576679462,28687.07143213706,29272.949040543866,29657.968141723544,29924.845750130353,29277.41172122187,32269.686922252542,33719.40570278153,35735.210438619106,33866.95787091762,29337.824162659832,26833.396152191694,24266.42127181172,21783.702491282726,22559.15562137089,21960.54189733016,21480.654738333513,22751.54189733016,23321.107868421677,23825.409955147123,24125.985476828486,24673.853534645445,24821.985476828486,25773.9108381845,25129.853534645445,25519.43860691665,26343.03322977769,27305.646953818425,26948.184273140418,25917.429056326808,28310.515011635383,28544.232026089623,28828.666054998106,28762.524562225226,27943.32576591329,29405.53411281507,28918.373518862503,28854.656504408267,30704.006344082914,31390.449923581236,31432.742459716843,29289.23202608962,30837.298880218517,30283.69470676763,30721.845750130353,32640.931705438932,29826.26067785915,25086.9663756488,30322.270228448993,28756.515011635383,29438.10008390659,29990.138286265952,29164.572315174435,31089.054097032127,31850.53587888982,32184.914370333998,34195.42657003597,34764.87368168379,27149.002091717328,25052.59318242887,27001.130501750864,21474.409955147123,21738.56099850984,20817.49414438095,21964.513245560636,21460.192057655506,22018.49414438095,24098.429056326808,23321.278012964085,25815.47680927602,25391.891737004815,24836.853534645445,28471.874401899884,24720.83443346576,25890.297114143767,26001.30666473361,25465.287563553924,25866.43860691665,26945.740693642092,27387.62785263874,27804.910838184496,27235.599200869212,29332.968141723548,28233.627852638736,29276.373518862507,29515.958591133705,29678.675605587945,30075.251127269305,29347.968141723548,30406.69470676763,29668.109634496424,29559.383069452342,29213.232026089627,29763.251127269305,30516.562764584593,29477.817098360825,29475.232026089623,27392.19382373026,30247.41172122187,28175.35441768282,28712.826648950668,28999.562764584593,29304.176488625322,32043.45168965599,33493.42657003597,35010.0438262262,27438.011642307174,24522.969907798302,24006.996793493076,20812.409955147123,20290.23981060472,20119.192057655506,21161.36220219791,22021.24936119456,23200.975926238643,23228.268462374246,23727.843984055602,23403.098317831835,24307.55144792,24352.11741901152,24096.258911784404,23607.07921665215,26033.297114143767,27117.34486709298,26444.30666473361,28359.11918508627,26926.467258686178,27540.052330957376,28256.090533316747,27890.62785263874,28142.627852638736,27866.042780367534,29159.090533316743,30006.138286265952,30121.694706767634,28104.35441768282,28903.21292490994,31116.732909127,29898.270228448993,30110.977692313394,29784.67560558795,29875.534112815072,30069.97769231339,28806.93948995402,29350.524562225222,26412.429056326808,28653.93948995402,28690.53411281507,27641.222475499784,28927.28932962868,27908.26067785915,32754.094065466248,34565.76685912078,35332.760840680436,26588.558512219002,25053.168704110234,23514.723358537158,20499.68339010304,19981.343101018225,20408.786680516554,19938.153855296136,20730.918622699588,21662.21115883519,23588.702491282726,24097.146070781047,23148.805781696235,22984.352651608067,24597.00457800817,25243.43860691665,25230.99502741833,24918.409955147123,25443.297114143767,25762.01412859801,24741.692940692883,26391.174722550575,27015.184273140418,25341.107868421677,28809.958591133705,26362.02367918785,29605.41172122187,28843.373518862503,30353.987242903233,30995.581865764278,29463.39262004219,30165.685156177788,30358.97769231339,29769.68515617779,30411.694706767634,29380.51501163538,28285.486359865856,29816.826648950664,28888.363968272664,28278.34486709298,31213.48812594061,28730.22247549978,28610.524562225226,28927.41172122187,28782.128735676113,30462.08274880165,32964.25465941881,34843.361481981825,35532.65755026693,26391.70955558173,22696.761560896528,22694.10008390659,19890.664288923355,19701.635637153828,21405.268462374246,20793.23981060472,21035.48459379111,21685.07921665215,24620.35441768282,22566.692940692883,24199.712041872568,23634.107868421677,22818.07921665215,23193.381303377595,24288.985476828486,25505.58965027937,26017.457708096335,25301.01412859801,26245.457708096335,25803.02367918785,27260.35441768282,26977.19382373026,27920.222475499784,28944.67560558795,29633.128735676113,29186.968141723548,30076.421271811712,31190.317981398202,29068.09053331674,30079.27022844899,29422.383069452342,29545.9585911337,30189.685156177788,30469.28932962868,28886.788446591305,30487.270228448993,28568.93948995402,28331.920388774342,28674.646953818425,29892.279779038836,27810.232026089623,29069.430822401555,30906.526328299977,33858.7364412765,34602.65401811743,35720.64799967709,23649.29286177818,22564.52632829998,21343.77889600146,20416.126969601362,19469.352651608067,19033.758028747026,20737.21115883519,19875.6069853843,21601.36220219791,20932.758028747026,22363.947274469116,22652.23981060472,24529.48635986586,24322.287563553924,23705.55144792,24100.268462374246,25394.608751459054,23860.692940692883,25448.882186414972,25024.297114143767,25379.15562137089,25829.750244231935,26166.48635986586,26343.19382373026,27259.7884465913,27631.090533316747,27890.232026089623,29662.157387445637,28642.562764584593,29506.138286265952,30077.147836855795,28533.373518862507,30862.308430808356,28723.524562225226,28321.93948995402,29995.996793493076,29665.996793493076,29701.572315174435,28317.50546104554,29259.54366340491,29188.11918508627,29233.279779038836,27014.212924909945,29453.337082577887,29974.516777710134,29797.140052340706,33670.078496436065,34223.49695631437,23248.17047018499,22215.39438611694,20342.325765913294,18684.937723879273,18979.49414438095,19455.06966606231,19693.77712992671,19810.616535974143,21079.088767241992,20111.475043201266,21492.513245560636,21233.49414438095,21536.220709425033,23031.55144792,23839.278012964085,23732.00457800817,24692.750244231935,24886.02367918785,27373.742459716843,25000.891737004815,25200.335316503137,25830.35441768282,25622.901287594657,27510.53411281507,27015.929939364185,27593.10008390659,28246.704257357473,28071.411721221877,28756.581865764278,27722.10008390659,28574.270228448993,28573.553213994754,28515.996793493076,29152.572315174435,28734.83619954051,29018.1478368558,30386.073198211812,29873.903053669404,28574.1478368558,28282.57231517444,27785.704257357473,28038.430822401555,28387.327531988045,30412.300646293268,29337.06541369672,31082.43612062581,29469.919668558254,19909.725124611912,19077.524562225226,17979.570549099684,17433.20160824535,16509.163405885978,16622.39863848253,17414.937723879273,21121.335316503137,19044.34310101823,20781.467258686178,21150.55144792,22073.335316503137,21217.287563553928,22264.891737004815,23651.270228448993,21817.429056326808,23445.656504408267,22733.136520191205,24965.987242903233,22965.759794821774,25025.600966943966,23254.06188154722,26575.140052340706,24388.50546104554,26941.742459716843,26514.704257357473,25653.10008390659,25040.920388774342,27024.535878889823,25921.694706767634,27213.874401899884,26006.524562225226,27071.44992358124,26193.95859113371,26529.845750130356,25335.373518862507,27008.440372991397,26356.440372991397,25534.675605587952,26066.562764584596,25303.82664895067,27187.77111148637,25534.147836855802,26137.12095116102,28144.055863106878,25942.00811015767,24345.782428150967,24398.40746885629,26912.175768409248,27230.08981310066,30455.05337681605,29384.646233602343,29307.52384200914,24289.962123283214,25913.256425493564,34276.07247799572,32331.174002334486,31965.18355292433,29766.587163988534,30733.390133751353,36429.53515867374,32114.23909038863,31683.615815758058,33039.82416265983,33813.267742158154,34042.56027829376,32899.63491693774,35228.17400233449,38386.05337681604,38499.07247799572,37045.96742150746,38026.97697209731,39363.732188910915,35016.09759761575,34530.239090388626,38878.43010218547,36649.31549510737,41681.41276708054,36481.85281442936,39695.44920336516,39128.2695082329,37472.76862519553,42602.57336103311,36461.28684333784,41385.54647533833,30883.548961629167,37060.45698788024,45269.09334525016,44132.47962120944,41772.39366590086,30043.33106413755,28732.57584732394,31514.426570035972,29237.397918266444,25769.520309859636,45166.750569874515
22,28306.37780691228,17404.931261726546,23471.839650474365,26957.698426405357,29603.782393441754,30035.10682012557,27876.141174345135,29752.774759170738,30940.09536871904,33035.06864877049,30855.110637261074,29309.68697499884,30081.904531833217,30314.01521881816,33818.96177892105,33122.977047463086,35769.488493897225,31456.88926329119,33518.62971796622,30924.671706456807,37372.57246093362,37145.80910344553,37147.931241836995,32338.671706456807,38306.11826158732,40655.07627309674,39094.774749225966,40050.53428957854,40312.87398480439,37636.80910344553,40327.309098473146,40785.30146420213,40112.1068101808,37402.68696505406,39789.20986289473,36445.816737716545,44280.11443450704,38249.77856636147,44260.034284606154,44792.13733732009,42038.389248374035,41440.04573601268,39402.84726485584,33498.69078218957,26142.561019471865,33441.660245105515,13092.660274939833,6157.7289933237425,12891.48088946053,17397.324396849497,19147.194624187017,20782.84347755465,21724.614469313747,20388.503782328804,19889.744241976226,21458.950347404083,23363.702253485648,23888.69843635014,24943.35110685328,22249.832026148128,24773.809123335086,26430.56484655215,25337.228968461815,27213.328204040234,24653.587749365197,24225.591566500705,25071.141184289918,26460.90072464249,27568.778586251028,26772.12591574789,25536.259505545877,26034.583932229692,24804.263322681385,27441.4465252962,25628.358741124295,25892.679350672606,25827.251871274864,25182.48469665127,25800.591566500705,27439.992325949897,25670.145001425426,26521.24041986834,25380.145001425422,24510.26713981689,23935.282408358922,27162.450342431704,23756.057217253525,23932.49614805779,23459.82820901262,23460.045765847,22632.603017907226,19643.84347755465,14365.690812023891,24554.435063944893,16229.183172780495,18163.515233735325,21478.61065217824,22447.82820901262,22222.62973785578,23212.614469313747,24433.93889599757,23270.954164539595,24947.828209012623,25698.038131575988,25171.72133916319,26569.698436350147,25774.82439187712,26324.03813157599,27860.354923988794,29690.778586251028,31939.41598821213,31732.522858061562,28234.79767192857,26937.0419487115,29459.114464341365,28025.915993184528,29731.55339514563,29600.683167808114,28054.919810320032,28244.02668016947,28894.347289717778,28680.80530619958,30614.221334190803,28605.912176049016,28854.69080207913,29179.240419868343,29861.347289717778,29170.686984943626,29006.90835891351,30024.114464341365,28689.801489064077,28172.5877493652,29982.664082130577,29011.351106853283,29156.79385479306,27253.259505545877,27812.79767192857,29921.206065648767,28610.748049166963,22521.561029416647,20287.343472582266,22006.419805347636,26026.408353941115,26928.114464341365,25844.259505545873,24521.27859122341,24576.057217253525,23674.412181021402,24219.412181021402,25652.725156298697,27476.812940470598,27073.93889599757,27567.03813157599,27840.25950554588,26729.828209012623,30607.56484655216,27342.049582982516,29742.57629795868,27976.931261726557,29051.698436350147,29392.137367154413,28399.25950554588,30871.786220522044,29396.14118428992,22972.213709864558,29678.02668016947,28635.816757606106,29598.3587411243,29551.255688410372,29562.366375395315,30384.57629795868,30531.354923988794,31053.351106853286,31564.454159567216,31761.335838311254,30784.02668016947,31381.56484655216,30287.02668016947,31033.125915747893,29948.69461921464,31258.900724642495,31716.56102941665,30352.248054139356,30614.683167808118,30437.900724642495,31713.217517055295,32250.961788865832,31710.00376741164,27110.01903595367,26642.908348968725,26414.858736151902,27383.343472582266,25630.267139816893,25348.725156298697,22967.751876247246,26533.160269967455,25456.389278208357,25303.96179881061,28842.255688410372,26376.06485152454,28523.599200771725,29007.484696651274,29050.484696651274,29512.25950554588,30326.69461921464,28183.942713133078,28999.267139816893,29308.03813157599,26719.625920720275,27969.061034389037,28121.50378232881,31812.236602732835,30959.69461921464,32649.790037657556,35508.85110188089,32800.22896846182,31059.80530619958,30791.919810320032,30931.03813157599,32493.461793838233,33149.22896846182,31308.244237003848,33534.33965544676,32132.79385479306,32018.022863033962,31787.686984943626,31303.915993184528,32457.122098612384,31356.248054139356,31721.57629795868,31390.904541778003,30457.583932229696,31746.122098612384,34628.53049233258,35410.27858127863,35166.43888108041,33299.1602500779,30120.641169372742,27978.519040926054,27376.79003765755,25009.606835042738,24419.06485152454,26186.93889599757,26147.83584328364,27177.599200771725,25324.744241976234,27028.282408358922,27712.05721725353,27167.28622549443,28179.496148057795,26673.965615946123,28582.164087102967,30483.03049730498,28558.16790423847,28974.05340011802,29094.278591223418,29477.049582982516,29688.15645283195,29283.164087102967,28687.725156298697,30319.152635696442,31970.354923988794,30594.37400966633,29422.164087102967,32615.129732883397,31400.477062380254,32045.137367154413,32695.354923988794,32113.13355001891,31622.919810320032,32018.026680169474,32255.694619214642,34629.55339514563,30932.706070621163,32563.354923988794,32307.68698494363,32466.244237003844,31345.030497304975,29474.92744459105,32519.114464341365,32067.89690750699,33706.7671348445,34430.51522379055,35058.00758454715,36995.89307048192,31256.171701484414,28522.061024444254,27812.671716401594,25060.946530268582,24769.954164539595,26205.828209012627,25060.957981675107,25670.73279056971,25593.076302931062,25885.625920720275,27771.05721725353,25110.53431941287,27162.61828644926,28635.72133916319,28791.72133916319,26882.076302931066,29260.603017907233,28917.50378232881,30657.706070621163,29603.15645283195,28777.511416599824,28478.40072961488,29370.499965193307,30290.713704892172,28948.39309534387,31151.03813157599,31488.14500142543,31516.702253485655,29616.83202614813,33729.572480823175,30305.603017907233,30296.049582982516,33019.68316780812,32013.030497304975,33110.572480823175,30614.92744459105,32311.91217604902,32442.801489064077,30890.820574741618,33680.22896846182,32758.450342431708,31536.904541778003,33845.5419437391,35429.614459368975,35227.78239344176,38112.45032254215,31716.72513640913,29462.946520323807,27084.01141162744,24006.28240835892,25359.499965193303,24995.511416599824,25869.614469313754,26076.62210358477,25243.969433081627,26633.50759946432,27423.17172137398,26599.515233735332,26384.744241976234,27874.728973434205,26599.40454675039,26968.40454675039,29656.267139816893,27304.965615946123,27762.625920720275,28407.06485152454,30379.59920077173,29035.610652178246,27633.293859765443,28709.728973434205,29272.499965193303,33728.32820404024,30247.0419487115,30856.045765847008,28934.282408358922,30130.938895997566,28963.618286449262,29848.38546107285,30835.374009666335,30467.045765847008,32603.129732883393,31449.145001425433,31446.14500142543,31760.91981032003,31908.805306199585,32679.354923988794,31886.133550018905,32514.328204040237,32207.129732883393,31819.236602732835,33309.43889102518,33700.087744392804,37199.30529128242,39015.76711495495,31937.167884348914,30681.034304495704,28365.549578010123,25780.713704892172,24403.84729469016,21799.103022879615,24377.190807051513,25822.179355644992,25974.40454675039,26022.072485795557,27306.396912479373,25781.969433081627,28566.93889599757,25173.980884488148,28468.05721725353,27685.50759946432,28790.16790423847,28445.839660419148,29206.05340011802,29143.610652178246,28388.282408358922,28186.614469313754,28949.614469313754,28302.17172137398,30988.92744459105,29612.16408710297,29780.82439187712,30317.381643937344,34871.09537866382,30192.603017907237,30906.148818560934,31793.583932229692,29736.049582982516,31124.706070621163,30307.709887756664,30978.82057474161,31863.362558259807,31563.148818560934,32959.904541778,32194.576297958676,31221.912176049016,30502.92362745554,30976.244237003848,33552.431256754164,35954.27476414313,37412.53429952332,39411.86635053337,30611.072465906003,28429.286215549648,28309.549578010123,26230.595383636217,25391.83202614813,24552.072485795557,24515.74424197623,24974.854928961176,26969.50378232881,26457.73660770522,26546.293859765443,28623.15645283195,25787.637372126796,26946.73660770522,26336.522868006345,28617.499965193303,26825.1831727805,29856.488513786782,27316.29004262994,27954.061034389037,27173.629737855783,27035.072485795557,29407.828209012627,29251.942713133078,30248.603017907233,29561.16026996746,29050.38927820836,30712.480879515766,30178.820574741614,30476.488513786782,29637.16026996746,27844.732790569713,29770.717522027684,33132.904541778,29541.385461072852,29210.725156298697,29847.2709569524,32878.457976702724,32166.24805413936,32164.694619214635,30853.152635696442,30034.816757606106,30387.92362745554,31931.79385479306,33068.32438690473,36013.27094700762,36888.763307764224,39952.29764706663,32717.935058972504,28753.946520323807,27858.66789926608,25942.045765847004,24824.73279056971,23784.53050227736,24956.1831727805,25953.728973434205,26735.05721725353,25496.629737855783,27415.610652178246,26753.73660770522,26534.515233735332,27198.72133916319,26896.851111825672,27469.06485152454,27489.515233735332,27965.61828644926,26982.412181021402,28933.27477408791,28166.732790569713,29965.935078862065,27719.625920720275,34453.7671348445,30033.381643937344,29495.610652178246,28946.499965193303,29447.717522027684,30024.935078862065,29144.72133916319,30203.2709569524,29497.492330922287,28346.396912479373,28868.95034740409,30277.935078862065,30407.709887756664,31075.148818560934,31411.034314440483,30688.26332268139,31604.251871274864,30243.595383636217,29622.709887756668,31800.67935067261,33969.98469167888,36921.251861330085,36915.87017761366,40184.85871626236,30163.190787161955,29089.389268263578,27884.003777356425,25388.60301790723,24729.28622549443,25996.05340011802,23988.637372126796,26015.839660419148,26461.17172137398,24802.53050227736,27511.38927820836,27120.396912479373,26051.412181021402,26517.73660770522,28620.27477408791,27932.95034740409,28825.27477408791,29322.942713133078,27650.40072961488,28625.05340011802,27337.40454675039,29117.164087102967,28477.95034740409,27605.29004262994,31386.80530619958,28135.847294690164,29605.93889599757,29352.16026996746,29689.603017907233,29276.278591223418,30342.156452831954,29262.503782328808,29051.05721725353,29997.82439187712,30701.152635696446,30005.16026996746,32039.69461921464,31887.362558259807,30691.152635696442,29728.82439187712,30310.931261726557,30323.706070621163,30889.915993184528,33387.32820404024,34899.17552856471,36663.76712489973,40648.396882645044,31519.828189123065,28710.282398414143,27606.450342431708,25530.492330922287,24505.73279056971,23890.858746096685,24413.854928961176,25897.06485152454,27530.603017907233,24680.641189262304,26614.28622549443,27087.95034740409,27264.50759946432,26762.293859765443,28512.38927820836,28474.385461072852,28318.942713133078,24803.648823533316,27563.40072961488,29202.2709569524,29253.72133916319,28879.278591223418,28472.610652178246,28878.606835042738,29179.606835042738,29689.717522027684,28907.38927820836,29174.832026148135,29469.606835042738,30335.709887756668,30140.156452831947,29191.606835042738,29368.38927820836,27660.408363885894,29143.832026148135,31098.812940470594,30186.820574741614,29437.057217253525,31926.919810320032,30730.706070621167,31109.698436350147,29598.603017907233,29003.15645283195,31805.786220522044,32396.89690750699,34477.408353941115,37877.19078716196,41314.72512646437,31523.60681515318,28742.389268263578,28444.328204040237,25613.931261726553,24428.179355644992,25546.499965193303,25054.1831727805,26459.946530268586,27359.93889599757,26872.843477554656,27002.28622549443,29384.137367154413,28494.599200771725,29412.591566500712,27930.499965193303,27696.618286449262,28273.05721725353,29288.93889599757,30256.706070621163,28075.396912479373,28517.946530268586,30297.152635696442,29921.37400966633,28910.83584328364,28310.843477554656,29438.717522027684,29184.05721725353,28562.39309534387,32291.450342431708,30839.59538363622,28299.179355644992,30134.599200771725,30158.931261726557,30725.041948711503,31357.374009666335,30533.59920077172,30998.816757606106,30440.931261726557,30726.148818560934,29889.82439187712,30901.5877493652,30311.034314440483,33851.32056976922,35148.954154594816,36545.76712489973,38770.76711495495,30289.62971796622,28727.614459368975,22956.73279056971,26647.698436350147,25667.59920077172,24250.404546750386,24992.9541645396,25569.061034389037,26990.496148057795,26503.50759946432,26782.282408358922,26609.06866866005,27419.50378232881,26178.629737855783,26861.625920720275,28640.488513786782,27763.39309534387,28944.828209012627,28990.93889599757,28271.95034740409,29735.706070621163,28639.499965193303,29810.603017907233,27997.17172137398,30597.686984943626,29719.93889599757,29583.05340011802,30008.045765847008,29640.942713133074,31670.141184289925,31834.358741124295,29381.16026996746,29722.82439187712,26220.637372126796,29430.27477408791,31419.591566500716,29230.72133916319,28790.282408358922,29686.942713133078,30276.152635696442,30489.255688410372,29968.595383636217,30878.457976702724,32037.786220522044,35399.28621554965,35687.561019471876,40652.83963058483,30623.847274800602,28180.511406655045,28434.98469167888,25129.59920077172,25496.381643937344,24668.29004262994,23719.08012006657,24209.866380367697,24200.179355644992,25730.1831727805,25436.629737855783,26260.843477554656,25021.526685141853,27113.06485152454,26659.40072961488,27646.725156298697,27676.282408358922,28298.16790423847,28857.496148057795,29248.381643937344,28505.27477408791,29659.709887756668,29222.935078862065,29874.92744459105,29272.16026996746,29291.27477408791,29246.385461072852,29588.492330922287,30284.37400966633,30698.14500142543,32555.572480823175,30120.82439187712,31413.5877493652,27602.961798810615,29219.942713133078,30800.370192530823,29346.72133916319,28994.50378232881,28678.9541645396,30135.713704892172,28072.851111825672,29127.496148057795,29831.812940470598,30707.915993184528,31599.568663687667,34703.068658715274,37382.75567349321,40041.63352515697,30777.40070972532,27467.408353941115,28381.648813588537,27407.122098612384,25792.034314440483,25099.274774087906,24937.28622549443,24899.293859765443,25605.622103584767,24243.751876247246,24969.18698991601,25539.51905087084,26925.39309534387,27144.95034740409,27651.38927820836,28107.045765847008,23589.213709864558,29750.370192530823,29389.706070621163,28910.492330922287,28993.82439187712,27940.061034389037,29306.377826801836,29918.25950554588,28914.610652178246,29692.488513786782,29792.599200771725,30820.48087951577,31054.03049730498,30325.03813157599,30368.709887756668,30552.812940470598,30507.48851378678,30472.14500142543,30823.816757606102,30059.267139816893,28931.839660419148,30628.263322681385,31289.034314440483,29990.045765847008,29054.38927820836,29121.828209012627,30352.14500142543,29365.0419487115,33065.217517055295,35257.17552856471,36513.877811884675,38037.770932090454,30140.076283041504,27461.95415459482,27743.877821829443,25951.477062380254,25853.259505545877,23711.18698991601,26832.263322681385,25064.40454675039,25257.175538509488,25739.29004262994,26013.847294690164,25537.744241976234,27307.16790423847,25972.1831727805,26916.50759946432,27360.175538509488,29162.15645283195,27815.05340011802,29112.488513786782,29398.37400966633,28476.942713133078,30343.698436350147,28344.164087102967,28978.942713133078,30036.816757606106,30847.14118428992,28670.50759946432,30615.591566500712,31601.022863033962,31357.919810320036,31122.251871274864,30176.599200771725,29267.16026996746,29939.045765847008,30912.366375395315,30242.37782680184,29189.942713133078,29096.614469313758,29321.72133916319,29651.16026996746,28963.492330922287,29807.034314440483,30122.14118428992,31008.022863033962,34597.736597760435,36480.87399474917,37932.545740985064,29151.984681734102,27697.622093639988,28100.870187558427,25786.362558259807,23974.171721373976,25258.595383636217,23041.30149403646,25000.618286449262,24548.851111825672,24681.965615946123,25566.179355644992,25516.740424840726,26444.61828644926,26395.84729469016,27473.05340011802,26885.728973434205,22005.89310031625,27320.95034740409,28733.935078862065,28514.164087102967,28286.72133916319,28815.606835042738,27607.40072961488,28698.610652178246,28757.713704892176,29023.2709569524,30407.591566500712,30906.477062380258,30678.148818560934,31399.251871274864,29907.37400966633,32423.908358913508,30929.591566500712,29923.267139816893,29187.832026148135,30181.488513786782,26149.076302931066,30474.374009666328,29067.27477408791,29019.942713133078,29531.935078862065,28971.935078862065,30582.362558259807,32792.9923259499,32815.53049233258,35251.557202336364,38121.99230606035,29844.858726207123,27364.73278062493,27986.43125675416,25114.148818560934,24462.72133916319,23052.183172780497,23592.18698991601,25162.946530268586,24113.63355499129,26310.713704892172,25399.40072961488,23983.202258458037,25891.40072961488,27813.599200771725,26539.83584328364,25906.629737855783,26470.29004262994,26925.62210358477,26830.9541645396,28845.15645283195,28304.049582982516,28446.832026148135,28070.946530268586,28729.717522027684,29870.25950554588,29128.381643937344,29763.267139816893,31481.022863033962,30383.25950554588,31645.91217604902,30855.47324524475,31396.69461921464,29906.0419487115,30006.15645283195,30766.816757606106,30438.37400966633,29023.381643937344,28901.610652178246,29633.049582982516,29564.15645283195,28483.282408358922,30177.148818560934,31280.79767192857,31926.339655446765,34999.28621554965,34592.56483660738,38596.648793698994,28300.996133140627,27118.07629298628,26077.125915747885,22752.507599464312,21913.080120066566,23423.736607705214,24890.942713133074,24201.06485152454,23410.423632427923,24553.629737855783,25594.725156298697,24322.866380367697,26343.95034740409,24705.973250217136,26593.39309534387,25617.29767690095,27007.618286449262,25155.305311171967,26865.061034389037,27331.843477554656,27408.843477554656,30191.248054139356,29580.263322681385,28136.942713133078,28673.942713133078,28629.610652178246,29821.92744459105,29455.15645283195,24848.206075593545,30765.255688410372,30497.480879515766,30590.92744459105,31318.3587411243,30243.484696651274,30710.92362745554,29436.606835042738,29943.045765847008,29101.05340011802,29522.82439187712,29066.832026148135,27776.62210358477,29455.603017907233,28655.385461072852,29710.034314440483,31755.339655446765,32891.19843137775,33374.14117434514,35832.34726982822,28644.759490628705,28632.59919082694,26377.232785597327,24302.259505545873,22020.415998156903,23267.51523373533,23014.4121810214,23131.41599815691,24359.96179881061,22922.984701623656,23519.423632427923,23673.870197503205,24570.305311171964,24772.076302931066,25350.29767690095,26124.39309534387,26797.17172137398,26339.293859765443,26708.62210358477,27843.16790423847,26717.73660770522,27267.28622549443,27190.618286449262,25825.309128307475,27885.28622549443,28938.049582982516,29855.03813157599,28932.05340011802,28525.832026148135,29226.385461072852,30203.152635696442,29940.82439187712,30562.706070621163,30878.251871274864,30199.599200771725,30911.92362745554,30232.816757606106,30689.366375395315,28583.16790423847,27895.62210358477,28523.39309534387,28514.610652178246,29848.25950554588,28719.492330922287,30408.683167808118,32507.977057407865,35082.77857630626,36214.454139677655,28195.99995027613,27298.171711429197,24624.03049730497,22947.064851524538,23008.286225494427,23241.28240835892,21547.54195368388,23589.190807051513,22171.877831774218,23047.870197503205,23672.977067352644,23734.973250217136,24610.641189262304,25123.522868006345,24316.755693382755,25585.072485795557,25132.526685141853,25987.851111825672,26075.851111825672,26282.06866866005,26399.408363885894,24635.54195368388,27889.282408358922,27640.17172137398,28812.381643937344,29430.152635696442,28761.832026148135,23973.770961924783,29894.820574741614,29736.15645283195,29631.377826801836,29209.2709569524,28824.27477408791,29676.045765847008,30607.370192530823,30180.92744459105,28808.725156298697,28139.725156298697,27481.511416599824,28324.17172137398,28648.72133916319,28668.381643937344,28089.93889599757,31213.6755335371,32504.629727911,34940.557202336364,33112.94651037903,28605.98849886961,25983.854919016398,23249.71370489217,21072.759510518255,21613.751876247243,20971.32057971399,20743.885466045234,21811.320579713993,22253.877831774218,22692.206075593545,23287.538136548374,23635.423632427926,23704.538136548374,24895.072485795557,24129.423632427923,24634.53050227736,25177.412181021402,26175.843477554656,25706.076302931066,24619.755693382755,27159.728973434205,27359.95034740409,27579.39309534387,27707.50378232881,26938.965615946123,28094.278591223418,27684.839660419148,27796.618286449262,29552.820574741614,30103.03813157599,30255.591566500712,28108.95034740409,29727.37400966633,29192.717522027684,29492.381643937344,31454.354923988794,28690.27477408791,24205.988518759164,29100.049582982516,27895.728973434205,28220.83584328364,28756.935078862065,28243.377826801836,29785.69461921464,30718.01141162744,31253.538126603595,33456.91216610424,34267.706050731606,26424.244227059058,24285.660264995062,25828.893090371475,20499.206075593538,20925.8701975032,19990.44653524096,20975.996153030173,20540.11829142164,20970.446535240964,23167.75569338275,22341.091571473095,24645.629737855783,24300.522868006345,23715.423632427923,27363.70607062116,23644.874014638714,24660.641189262304,24976.41599815691,24439.866380367697,24856.53050227736,25887.858746096685,26412.293859765443,26629.072485795557,25999.969433081627,28181.72133916319,27170.293859765443,27994.839660419148,28389.946530268586,28590.16790423847,28972.499965193303,28308.72133916319,29248.717522027684,28617.610652178246,28575.614469313754,28236.95034740409,28493.499965193303,29446.603017907233,28344.05721725353,28172.95034740409,26398.851111825672,29055.93889599757,27107.29004262994,27784.832026148135,28093.603017907233,28266.034314440483,30989.770951980012,32631.912166104237,34444.80910344553,26624.01903595367,23762.45415956721,23191.045765847,19898.206075593538,19573.992335894665,19255.118291421637,20229.33203112051,21085.767144789275,22138.763327653767,22100.316762578484,22645.648823533316,22483.103022879615,23155.0953886086,23148.652640668828,23274.54195368388,22547.553405090403,24841.641189262304,26066.515233735332,24956.41599815691,27119.385461072852,25735.854928961176,26434.961798810615,27184.061034389037,26770.293859765443,26876.293859765443,26665.18698991601,27990.061034389037,28739.935078862065,28836.717522027684,26857.29004262994,27804.40072961488,29812.816757606106,28943.049582982516,28908.496148057795,28709.16790423847,28801.278591223418,29064.496148057795,27758.396912479373,28282.50378232881,25373.755693382755,27544.396912479373,27682.278591223418,26760.175538509488,27819.599200771725,26729.27477408791,31802.526675197074,33815.33964550198,34719.14116440036,25832.026670224684,24068.992325949894,22440.041948711492,19695.209892729046,19057.7824133313,19578.999970165678,19018.019055843215,19964.11447428613,20712.667909210853,22663.759510518263,23087.977067352644,22020.549587954898,21934.55722222591,23409.087754337586,24286.53050227736,24403.31294544298,23863.206075593545,24407.641189262304,24752.862563232193,23767.984701623656,25224.30149403646,25922.076302931066,24188.87783177422,27667.946530268586,25276.637372126796,28460.93889599757,27729.839660419148,29059.2709569524,29793.152635696442,28488.38927820836,28956.942713133078,29101.496148057795,28757.942713133078,29279.717522027684,28604.728973434205,27250.40454675039,28587.832026148135,27740.06485152454,27388.515233735332,30224.137367154413,27624.175538509488,27763.50378232881,27723.93889599757,27720.16026996746,29352.01904589845,31941.96560600134,33736.22132424603,34805.24039997878,25911.690792134345,22007.141184289914,21657.835843283632,18944.660274939833,18950.335848256018,20421.31676257848,20011.992335894665,20106.671726346358,20825.553405090403,23490.29004262993,21621.984701623656,23120.534319412865,22631.877831774218,22012.553405090403,22304.881648909726,23270.538136548374,24466.194624187025,24762.080120066574,24464.862563232193,25310.080120066574,24824.637372126796,26282.29004262994,25749.85111182567,26913.175538509488,27891.16790423847,28278.16026996746,28115.72133916319,28925.713704892176,29948.92362745554,27979.061034389037,29100.049582982516,28226.614469313754,28499.946530268586,28878.942713133078,29425.599200771725,27798.732790569713,29236.049582982516,27501.396912479373,27339.847294690164,27456.843477554656,28705.82439187712,26667.95034740409,27959.488513786782,29873.236602732835,32863.28239841414,33713.774759170745,35057.57627806912,22824.064841579762,21786.236602732828,20592.9579816751,19524.427449563424,18761.557222225907,18528.675543481862,19931.66790921085,19014.011421572202,20691.33203112051,20083.675543481866,21429.43890096995,21865.99233589467,23496.404546750386,23482.866380367697,22838.0953886086,23289.316762578488,24363.744241976234,22901.984701623656,24519.748059111742,24074.641189262304,24373.751876247246,24969.63355499129,25252.40454675039,25525.851111825672,26325.732790569713,26694.061034389037,26889.95034740409,28593.484696651274,27538.603017907233,28228.935078862065,29076.709887756668,27510.839660419148,29653.148818560934,27577.50378232881,27350.396912479373,28868.045765847008,28525.045765847008,28675.377826801836,27479.9541645396,28257.05340011802,28132.385461072852,28098.82439187712,26179.40072961488,28532.47324524475,29029.46179383823,28755.66789926608,32918.442698215906,33733.91215615946,22492.72514635391,21500.122098612377,19631.965615946116,17971.66409207534,18352.44653524096,18806.778596195792,18987.225161271075,18953.78623046681,20228.328213985005,19145.89691745175,20576.996153030173,20477.446535240964,20661.442718105456,22039.0953886086,22821.09157147309,22752.087754337586,23753.633554991287,23865.637372126796,26478.591566500705,24062.522868006345,24131.740424840726,24911.29004262994,24657.29767690095,26468.278591223418,25934.622103584767,26400.83584328364,27016.492330922287,27050.93889599757,27759.152635696442,26626.83584328364,27436.049582982516,27210.828209012627,27282.045765847008,28104.377826801836,27651.606835042738,27697.709887756668,29477.244237003848,28912.03049730498,27588.709887756668,27271.377826801836,26619.492330922287,26992.488513786782,27284.698436350147,29339.10683007035,28384.20224851326,30173.68697499884,28869.736587815663,19398.774769115513,18267.503782328804,17312.645006397805,16938.893100316243,15874.793864737823,15798.698446294908,16910.66409207534,20027.74042484072,18194.7824133313,19912.85492896117,20487.095388608595,21323.74042484072,20438.866380367694,21230.52286800634,22669.04958298251,21036.75569338275,22645.618286449255,21772.202258458034,23874.270956952398,21982.408363885887,24195.702253485648,22389.736607705214,25435.66789926608,23471.954164539595,25964.59156650071,25519.492330922287,24735.83584328364,24034.84729469016,25972.011411627438,25208.71752202768,26033.706070621156,24965.503782328808,25919.03813157599,25301.946530268582,25408.381643937344,24418.839660419144,25891.263322681385,25441.263322681385,24356.16790423847,25080.60301790723,24285.83202614813,26298.915993184524,24712.709887756668,25267.11828147687,27207.427439618652,25106.55339514563,23798.423622483144,23881.36254831502,26237.92360756598,25888.950327514533,29181.58391234014,28304.73277068015,28298.393075454307,23359.412171076623,24851.69842640536,33132.133530129344,31078.19078716195,30833.96559605656,28416.3510969085,29683.54575092984,34819.90070475294,30924.881629020172,30265.675523592312,31750.988498869607,32525.206055703988,32900.759490628705,31510.225141381525,33828.190787161955,37048.58391234014,37139.133530129344,35699.610632288684,36404.38544118329,38090.706050731606,33690.99231600511,33312.88162902017,37420.37780691228,35520.080100177016,40216.5610095271,34876.31292555343,38141.927424701484,37959.93887610802,35965.072465906,41046.999940331356,35220.75567349319,39901.408334051564,29642.251861330078,35775.96941319207,43509.41596832259,42720.98467178934,40296.01139173788,28876.164077158177,27978.84346760987,30532.912166104234,28442.587739420414,25168.927434646263,44487.144961646336
23,29463.899282357856,18023.58317632941,24578.500862075354,28132.283990260363,30816.074415666568,31309.05252400298,28981.70839184825,31053.484222812058,31999.16723472122,34137.10155973045,32099.34762043023,30616.39870097861,31085.815805345297,31542.671905742267,35102.54055576073,34445.72094146974,37183.755382754825,32863.63541963628,35094.97225456982,32150.21831526959,38926.545808161034,38478.43839466399,38747.17978434272,33519.218315269594,39767.23611729138,42489.99005659161,40680.782526818715,41801.59484388851,42000.75333793393,38846.43839466399,42102.58754666732,42165.99735381281,41340.35082800963,38971.69700498526,41363.616735552096,37895.02858751849,46092.23932487078,39805.07762324596,45811.74399589183,46671.0099034343,43488.082875646265,43060.62928517359,40601.687662943164,34813.992101412514,26954.36221487262,34404.63132999449,13830.736417974535,6437.749849658427,13504.270277880369,18058.873020356365,19894.541437823133,21810.497654495957,22609.195260847508,21324.339160450534,20851.526843380743,22392.058658465674,24533.280782680966,24977.985686253713,26339.236999353787,23281.612365214198,25930.841786650682,27464.359007293224,26658.495609675054,28529.466420790268,26023.12958585674,25418.424682283992,26109.4100878416,27744.222404911394,28698.481015232657,28107.229702132587,26824.856381093075,27105.834489429486,25907.15147752033,28651.912714041748,26894.82719220829,27096.510204117447,27107.26618823857,26350.863678314272,27032.424682283992,28772.6030231721,26856.705184268852,27540.380898956813,26495.705184268852,25779.446573947578,24985.62695965659,28236.207810469,24774.61966243539,24953.74896759603,24435.317268786945,24566.734373153635,23647.309971565748,20537.497654495957,15080.097189392554,25625.325728766642,17140.656148541377,18907.22444973229,22319.900164420254,23431.317268786945,23167.375646556517,24076.195260847508,25366.173369183918,24140.35375489293,26116.317268786945,26782.144180299132,26242.756264817224,27829.985686253713,26793.02217235969,27479.144180299132,28702.53209578104,31147.48101523266,33341.55194262373,32910.11294659345,29520.956497368927,28037.439276726385,30658.34441285083,29414.402790620403,30825.473718011468,30722.8053005447,29294.697887047656,29564.258891017373,30072.941902926534,30146.546690223433,31779.90541682055,29997.107694193153,30090.395493399206,30580.380898956813,31164.941902926534,30643.100396971953,30314.8125977659,31353.344412850827,29851.25159379618,29305.12958585674,31159.329818408438,30201.236999353787,30429.661400941673,28372.85638109308,28936.956497368927,31346.72503111154,29749.120243814643,23664.06391086597,21274.64680649928,23191.847039050976,27283.96174976922,28145.34441285083,26926.856381093075,25623.331863229338,25610.61966243539,24793.958542189823,25303.958542189823,26833.051361244477,28857.13688307794,28106.173369183918,28976.144180299132,29160.85638109308,28033.317268786945,31634.359007293224,28587.029469580888,31048.244296574983,29314.58317632941,30516.985686253713,30855.114991414346,29770.85638109308,32331.071208087167,31011.4100878416,23935.016919959395,31243.258891017376,29821.43197950519,30790.827192208293,30826.561284665826,31020.4173850628,31906.244296574983,31939.532095781044,32460.236999353783,32938.502906896254,33083.056613644774,32197.258891017373,32710.359007293224,31776.258891017376,32540.229702132594,31225.69058982646,32793.222404911394,33236.06391086597,31622.971091811316,31725.805300544704,32032.222404911394,33339.6103203933,33855.24225175408,33247.78661646051,28231.967002169516,27808.11090177255,27900.976344211616,28714.64680649928,26933.446573947578,26342.051361244477,23815.117036235246,27600.885569977858,26702.18796362631,26636.943947747433,30168.561284665826,27407.2098552899,29747.0148751385,30198.863678314272,30324.863678314272,30669.85638109308,31500.690589826456,29526.468465611168,30200.44657394758,30588.144180299132,28013.080550129263,29276.914758862647,29318.339160450534,33025.08580252956,32424.69058982646,33956.36630451442,37128.38615135711,34505.495609675054,32607.546690223433,32434.69788704766,32394.144180299136,33939.09309975075,34719.495609675054,32776.67599538407,35045.35171007203,33583.66140094167,33424.96379459012,33352.10039697195,32876.4027906204,34072.93460570534,32878.97109181132,33146.24429657498,32788.51750133865,31719.834489429486,32872.93460570534,35993.703139447956,37118.63016723599,36632.620825193895,35236.482177991165,31629.857543851576,29436.817850166197,28494.36630451442,25942.605067993,25416.2098552899,27199.173369183918,27102.90746164145,28301.0148751385,26376.526843380743,28298.62695965659,28865.61966243539,28214.922056083844,29211.74896759603,27753.239044174687,29887.18066640511,31815.553987444626,29803.475762832364,30214.324566008145,30459.331863229338,30782.02946958089,31091.59047355061,30738.180666405115,30077.05136124448,31712.29537712336,33246.53209578104,31922.0075779173,30664.180666405115,34016.52479855984,32951.273485459766,33504.114991414346,34253.53209578104,33621.81989498709,33089.69788704766,33275.25889101737,33664.69058982646,36183.47371801146,32290.57587910822,34184.53209578103,33429.10039697195,33672.67599538407,32657.553987444626,30858.288079902162,33748.34441285083,33220.92730848414,35239.5957259509,36013.522753738944,36771.08171288777,39151.22882007019,33304.367467272925,29979.213062869298,29052.920011262944,26071.76356203842,25730.35375489293,27408.317268786945,25991.64885132018,26607.641554098984,26716.095144571656,27283.080550129263,28825.61966243539,26171.699931868556,28376.490357274757,29797.756264817224,29958.756264817224,27937.095144571653,30857.309971565744,30331.33916045053,31860.57587910822,30771.59047355061,29976.929353305033,29442.073252908063,30457.04406402329,31617.166071962714,30222.48306005356,32350.144180299132,32830.70518426885,32943.280782680966,30909.612365214198,35014.949200147734,31658.309971565748,31817.029469580888,34430.8053005447,33309.553987444626,34743.94920014773,31851.288079902162,33693.10769419315,33831.25159379618,32195.727075932442,35120.495609675054,33993.207810469,32786.51750133865,35404.58842872971,37297.49356485416,36963.07441566656,40116.8044184823,33574.647969257785,31025.061866045075,28458.078505308367,25205.62695965659,26648.044064023285,26187.929353305037,26964.195260847508,27317.78545370201,26136.534140601936,27882.634256877787,28644.770859259617,27794.22444973229,27441.526843380743,28953.34645767173,28000.36834933532,28082.36834933532,31086.446573947578,28504.239044174683,28858.080550129267,29622.209855289897,31676.0148751385,30284.900164420254,29079.512248938354,29891.346457671734,30589.04406402329,35301.46642079027,31688.43927672638,32140.734373153635,30181.62695965659,31470.173369183918,30230.49035727476,31210.892867199058,32207.007577917302,31851.734373153635,33766.52479855984,32717.705184268852,32677.705184268852,33134.69788704766,33169.54669022343,34094.53209578104,33323.81989498709,33964.46642079027,33375.52479855984,33297.08580252956,34867.32252118724,35335.27873786006,38954.99414623341,41174.19233396421,33695.07237084567,32196.147387878533,29719.178621584215,26929.166071962718,25357.79275092321,22771.16081956242,25744.246341395883,26951.361052114124,27196.36834933532,27274.800048144403,28542.778156480814,26957.534140601936,29631.173369183918,26119.419429883696,29651.61966243539,28757.634256877787,30064.475762832364,29942.202558068704,30448.324566008145,30569.90016442025,29602.626959656587,29456.195260847508,30295.195260847504,29348.77085925962,32406.288079902162,30900.18066640511,31268.022172359688,31831.597770771805,36272.86893071457,31526.309971565744,32307.00028069611,33124.834489429486,30901.029469580884,32541.57587910822,31732.870975535465,32238.72707593244,32940.12228863554,32920.000280696106,34547.51750133865,33535.24429657498,32790.10769419315,31822.992983474916,32561.67599538407,35125.732328332735,37536.33507080874,39023.296539881856,41646.16314507942,32334.396656157704,29890.220360090494,29690.178621584215,27378.719778711245,26437.612365214198,25594.800048144403,25479.526843380743,25975.382943777713,27781.339160450534,27590.936650526237,27671.51224893835,29907.59047355061,26952.965839411023,28021.936650526237,27648.814642586796,29582.044064023285,28027.656148541377,31156.158774741525,28578.217152511097,29282.91475886264,28341.375646556517,28370.800048144403,30729.31726878695,30544.46846561117,31621.309971565748,30899.88556997786,30164.18796362631,32065.56858188702,31545.72707593244,31972.158774741525,31071.885569977858,28842.64155409898,31089.46116838997,34522.51750133865,30912.892867199058,30537.051361244477,31302.741670374835,34533.79800332351,33646.97109181132,33489.69058982646,32014.295377123362,31506.431979505185,31414.992983474916,33101.66140094167,34378.17132436302,37637.039974381485,38626.5989335303,41945.70225738555,34418.474880769965,30315.06186604507,29165.62491483569,27158.734373153635,25951.641554098984,24885.404835441303,25981.656148541377,27108.34645767173,27945.619662435394,26399.375646556517,28604.900164420258,27993.936650526237,27708.22444973229,28463.756264817228,27994.087847350464,28691.2098552899,28708.224449732294,29277.490357274753,28213.958542189823,30269.036766802084,29471.64155409898,31363.87827275666,28928.080550129263,36025.5957259509,31443.597770771805,30669.900164420254,30419.044064023285,30747.46116838997,31461.878272756665,30546.756264817224,31512.74167037483,30659.45387116878,29527.778156480814,30206.05865846568,31547.878272756665,31727.87097553547,32657.000280696106,32808.849083871886,32220.15147752033,32880.26618823857,31469.71977871124,30902.87097553547,33175.510204117454,35485.012830317595,38524.56449224522,38960.15993750002,42444.57295222492,32062.842949409183,30388.486267632958,29001.48831245386,26654.309971565748,25709.922056083844,26978.324566008145,25113.965839411023,27115.202558068704,27627.770859259617,25898.404835441303,28906.18796362631,28183.778156480814,27048.958542189823,27660.936650526237,29854.036766802084,29206.058658465678,30095.036766802084,30540.46846561117,29023.073252908063,30118.324566008145,28577.36834933532,30336.18066640511,29754.05865846568,29068.217152511097,32733.546690223433,29195.79275092321,30871.17336918392,30741.885569977858,31024.309971565748,30648.331863229338,31759.59047355061,30575.339160450527,30514.619662435387,31425.022172359688,32093.295377123362,31247.885569977858,33380.69058982646,33513.12228863554,31970.29537712336,30943.022172359695,31642.583176329415,31624.57587910822,32237.402790620403,34708.46642079027,36697.364259693524,38412.894029957555,42917.8169681038,33347.913876800245,30138.92526366324,28935.207810469,26737.45387116878,25232.641554098984,24938.678040204963,25400.382943777713,27277.2098552899,29014.309971565748,25707.260935838276,27799.922056083844,28312.058658465678,28403.634256877787,28048.51224893835,29634.187963626307,29698.892867199058,29691.468465611168,25966.85112869278,28918.07325290807,30418.74167037483,30471.756264817224,30330.331863229338,29593.900164420258,30289.605067993,30393.605067993,31126.46116838997,30216.18796362631,30441.612365214198,30722.605067993,31742.87097553547,31559.59047355061,30566.605067993005,30522.18796362631,29131.663445762573,30559.612365214198,32469.13688307794,31665.727075932435,30902.61966243539,33144.69788704766,32004.57587910822,32599.985686253716,31083.309971565748,30588.59047355061,33299.07120808717,33895.92730848414,36117.96174976922,39597.84294940918,43656.09017286746,33374.201676006305,30212.486267632958,29558.466420790268,26756.58317632941,25483.361052114124,26793.044064023285,26114.656148541377,27697.763562038424,28688.173369183918,27827.497654495957,27981.922056083844,30713.114991414346,29765.0148751385,30787.424682283992,29204.044064023285,28968.49035727476,29518.619662435394,30460.173369183918,31525.575879108215,29329.778156480814,29922.763562038424,31645.295377123362,31310.007577917302,30308.907461641455,29794.497654495957,30669.461168389975,30429.61966243539,29677.483060053564,33666.207810469,32220.719778711245,29577.361052114124,31339.0148751385,31561.58317632941,32107.43927672639,32522.007577917302,31722.0148751385,32376.43197950519,31802.58317632941,31859.00028069611,31191.022172359688,32251.12958585674,31546.849083871883,35133.87622793576,36744.65205889958,38409.894029957555,40854.336233567235,32052.972254569817,30240.493564854158,23900.641554098984,27870.985686253713,26766.0148751385,25461.36834933532,26209.35375489293,26735.914758862644,28143.74896759603,27572.634256877787,27939.62695965659,27521.50495171715,28687.339160450534,27334.375646556517,27956.080550129263,30000.158774741525,28942.483060053564,29956.31726878694,30242.173369183918,29314.058658465678,30972.57587910822,29819.044064023285,31097.30997156575,29207.77085925962,31661.100396971953,31013.173369183918,30972.32456600814,31235.73437315363,30735.468465611168,33018.4100878416,33271.82719220829,30849.885569977858,31113.022172359695,27316.965839411023,30756.03676680208,32686.424682283996,30450.756264817224,29880.62695965659,31005.468465611168,31544.295377123355,31796.56128466583,31219.719778711245,32077.798003323507,33457.07120808717,37030.22036009049,37432.36221487262,42963.09747008866,32553.38935893651,29621.22765731169,29783.012830317595,26435.0148751385,26582.597770771805,25713.217152511097,24825.39024099891,25339.26823305947,25413.361052114124,26831.656148541377,26708.375646556517,27419.497654495957,26259.10973901405,28190.2098552899,27870.073252908067,28896.051361244477,28888.62695965659,29326.475762832364,30156.74896759603,30486.597770771805,29850.036766802084,31149.870975535472,30724.878272756665,31303.288079902162,30329.88556997786,30746.036766802084,30494.892867199058,30796.453871168782,31844.0075779173,32113.705184268852,34004.949200147734,31389.02217235969,32826.12958585674,28899.943947747433,30661.46846561117,32224.71248149005,30671.756264817224,30333.33916045053,29940.353754892923,31648.16607196272,29170.087847350464,30648.748967596028,31162.136883077936,31825.4027906204,33014.65410372048,36258.803255723804,39209.008740675796,42209.565655003724,32433.66986092137,28962.961749769223,29893.14943269943,28460.934605705337,26806.84908387188,26196.036766802084,25881.922056083844,25877.51224893835,26536.78545370201,25280.117036235246,25981.95124496863,26733.519546159543,27936.483060053564,28249.058658465678,28732.18796362631,29327.73437315364,24543.016919959395,30885.712481490053,30745.57587910822,30128.45387116878,30306.02217235969,29138.914758862647,30516.30267434455,31209.85638109308,30174.900164420254,31039.158774741525,31108.0148751385,32087.56858188702,32457.553987444626,31542.14418029913,31707.870975535472,32010.13688307794,31803.158774741525,31774.705184268856,32089.43197950519,31408.44657394758,30181.202558068708,31862.151477520332,32654.84908387188,31135.734373153635,30238.18796362631,30441.317268786945,31583.705184268852,30443.43927672639,34413.6103203933,37174.364259693524,38245.75013035453,40297.48743039146,31835.691752584957,28935.652058899577,28989.451826347875,27022.273485459766,26979.856381093075,24778.95124496863,27865.15147752033,26057.36834933532,26223.06595568687,26920.217152511097,27129.79275092321,26503.526843380743,28328.475762832368,27225.656148541377,27989.634256877787,28539.06595568687,30394.590473550605,29091.324566008145,30388.15877474153,30765.007577917302,29599.468465611175,31487.985686253713,29665.180666405107,30164.468465611168,31502.43197950519,32201.4100878416,29942.63425687779,31877.42468228399,33044.96379459012,32619.697887047656,32604.266188238573,31528.014875138495,30587.885569977854,31240.734373153635,32260.417385062796,31556.302674344555,30631.46846561117,30343.195260847504,30798.756264817224,30785.885569977858,30264.45387116878,31168.849083871883,31433.410087841603,32360.96379459012,36267.23495453288,38210.455033927276,40259.48013317026,30920.31113432425,29066.083757708664,29531.861633493372,26975.122288635543,25120.770859259617,26294.719778711245,24074.102441792853,25994.490357274757,25668.087847350464,25749.239044174687,26600.361052114124,26608.23174695349,27613.490357274757,27502.79275092321,28651.324566008145,27959.34645767173,22924.333908050234,28461.058658465678,29841.878272756665,29738.18066640511,29381.756264817224,30103.605067993005,28747.073252908063,29940.900164420254,30151.166071962718,30393.74167037483,31706.42468228399,32251.273485459766,32185.00028069611,32674.266188238573,31229.007577917302,33835.8125977659,32177.424682283992,31166.446573947578,30420.612365214198,31457.15877474153,27289.095144571656,31699.007577917302,30443.036766802088,30245.46846561117,30817.878272756665,30277.87827275666,31701.12228863554,34110.6030231721,34626.703139447956,37231.06711844537,40454.1996311854,31450.27464821827,28506.939858105634,29024.732328332735,26210.000280696106,25475.756264817224,24137.656148541377,24708.95124496863,26041.76356203842,25381.67074298377,27379.166071962718,26451.073252908067,24991.131630677635,27173.073252908067,29007.0148751385,27573.90746164145,26895.375646556517,27654.217152511097,28266.78545370201,28145.35375489293,30174.59047355061,29571.029469580888,29830.6123652142,29311.763562038417,30079.46116838997,31153.85638109308,30402.5977707718,30882.446573947578,32748.96379459012,31746.85638109308,32923.10769419315,32320.978389032512,32777.69058982646,31149.43927672638,31332.59047355061,31999.43197950519,31813.007577917302,30220.597770771805,30271.90016442025,30982.029469580888,30752.590473550605,29801.62695965659,31369.000280696106,32368.956497368927,33276.35171007203,36637.22036009049,36676.657311299874,40716.889940315756,29776.196423606,28521.39344857831,27209.229702132587,23796.634256877787,22871.39024099891,24490.936650526237,25859.46846561117,25164.2098552899,24364.843831471582,25689.375646556517,26531.051361244477,25328.26823305947,27362.058658465678,25736.82923702919,27789.483060053564,26839.807345365603,28146.490357274757,26396.397538220106,28031.914758862644,28603.497654495954,28537.497654495957,31676.97109181132,30845.15147752033,29275.46846561117,29828.468465611168,29906.900164420254,31250.288079902162,30670.590473550612,25943.42672710489,31990.561284665826,31750.568581887022,31833.288079902166,32493.82719220829,31685.863678314272,32266.992983474913,30837.605067992998,31199.734373153635,30337.32456600814,30977.022172359695,30321.612365214198,29114.785453702007,30922.30997156575,29810.892867199058,31053.84908387188,33363.35171007203,34472.134838257036,35192.70839184825,37943.538510939834,30436.30383710305,29959.313179145145,27508.790706102307,25390.856381093075,23003.253638617076,24484.22444973229,24039.958542189823,24148.253638617076,25421.943947747433,23992.71452631095,24547.843831471582,24779.563329486722,25684.397538220106,25761.095144571656,26515.807345365603,27033.483060053564,28037.770859259617,27530.51224893835,28018.78545370201,29281.47576283236,28214.936650526237,28681.922056083844,28655.490357274757,27059.692634647356,28944.922056083844,30301.029469580888,31163.144180299136,30247.324566008137,29733.612365214198,30391.892867199058,31429.295377123355,31324.02217235969,31839.575879108215,32149.26618823857,31521.014875138495,32240.99298347491,31604.43197950519,32146.4173850628,29865.475762832364,29107.78545370201,29677.483060053564,29830.900164420254,31417.85638109308,29988.45387116878,32016.805300544704,34159.42263746309,36860.779319239315,38372.099514909554,29517.491520033258,28510.06916326627,25748.553987444626,23947.2098552899,23968.922056083844,24393.62695965659,22449.29012472306,24732.246341395883,23177.153522341225,24219.563329486722,24726.124333456442,24902.82923702919,25388.260935838276,26223.814642586796,25493.412132662495,26726.800048144403,26242.10973901405,27071.087847350464,27416.087847350464,27633.50495171715,27541.663445762573,25549.29012472306,29174.62695965659,28857.770859259617,30103.597770771805,30650.295377123362,29917.612365214194,24967.592518371508,31057.727075932435,31173.59047355061,30885.302674344548,30538.741670374835,30269.036766802084,30860.734373153635,31903.712481490053,31465.288079902162,30103.051361244477,29357.051361244477,28892.92935330504,29251.770859259617,29786.75626481722,30128.5977707718,29312.173369183918,32811.215107690194,34092.67395056317,36732.06711844537,35187.647969257785,30003.6062307515,27316.681247784363,24421.166071962718,22052.70722908975,22393.117036235246,21956.577923929115,21515.743715195727,22867.577923929115,23160.153522341225,23755.42672710489,24109.995028295805,24590.843831471582,24901.995028295805,25800.800048144403,25097.843831471582,25476.404835441303,26304.958542189823,27266.497654495957,26973.095144571656,25908.412132662495,28437.34645767173,28679.058658465678,29088.483060053568,28884.339160450534,28105.23904417469,29386.33186322934,29122.2025580687,28919.490357274757,30685.727075932442,31471.144180299132,31590.424682283992,29335.05865846568,31096.0075779173,30453.46116838997,30790.5977707718,32801.53209578104,29894.03676680208,25051.0096227382,30365.029469580888,28847.34645767173,29370.90746164145,29985.878272756665,29324.30267434455,31007.69058982646,32147.078505308367,32704.293332302455,35251.4059981998,36124.17248712153,28075.97429939072,25509.034721981185,27078.632212056888,21565.42672710489,21628.563329486722,20748.614410035098,21952.5998155927,21483.341205271434,21750.614410035098,23975.412132662495,23268.275530280665,25748.375646556517,25278.814642586796,24882.843831471582,28355.575879108215,24663.858425913975,25862.260935838276,26076.253638617076,25500.26823305947,26019.404835441303,26974.678040204963,27591.51224893835,27866.800048144403,27209.534140601936,29238.756264817224,28357.512248938354,29239.202558068704,29479.76356203842,29772.47576283236,30253.044064023285,29488.756264817224,30230.461168389975,29816.900164420258,29662.195260847504,29234.058658465678,29834.044064023285,30430.309971565748,29692.619662435394,29447.05865846568,27405.087847350464,30437.173369183918,28440.217152511097,28927.612365214198,29381.30997156575,29567.849083871883,32400.89082237816,34325.4059981998,36344.43839466399,27974.96700216952,24845.502906896254,24328.734373153635,20941.42672710489,20344.304719165448,20048.341205271434,21137.463213210875,22093.297421944255,23086.002325517,23244.282827501862,23674.85112869278,23401.16081956242,24242.57062670792,24307.14622512003,24173.29012472306,23610.175414004814,26049.260935838276,27069.22444973229,26339.253638617076,28268.892867199058,26933.382943777713,27496.943947747433,28366.914758862644,27945.51224893835,28057.51224893835,28055.95124496863,29334.914758862647,30079.878272756665,30193.46116838997,28043.217152511097,29118.073252908067,31121.431979505185,29885.029469580888,30079.748967596035,29891.475762832368,29936.331863229338,30343.74896759603,29063.778156480814,29551.339160450534,26376.412132662495,28710.778156480814,28863.331863229338,27970.06595568687,29181.0148751385,28018.036766802088,33382.408043020696,35438.65001407868,36706.0066958549,27193.557195024023,25206.6030231721,23446.439276726385,20731.72182353214,20003.477807653264,20373.894912019954,19786.37039415622,20723.04610884418,21526.32661082904,23662.707229089752,24175.124333456442,23257.88031757756,22810.470510432067,24491.980433853416,25196.404835441303,25365.98773107461,24784.42672710489,25360.260935838276,25715.973136632216,24971.71452631095,26455.102441792853,27123.095144571656,25336.153522341225,28837.76356203842,26462.965839411023,29676.173369183918,29098.202558068704,30379.74167037483,31003.295377123362,29999.187963626307,30283.46846561117,30559.748967596028,29913.46846561117,30598.46116838997,29635.34645767173,28430.36834933532,29786.612365214198,29155.2098552899,28499.22444973229,31548.114991414346,28834.06595568687,28570.339160450534,28954.173369183918,28835.88556997786,30682.66869816287,33457.53734818134,35804.2037208272,37081.97750697012,27086.69379740586,23079.4100878416,22744.90746164145,19906.736417974535,19769.758309638124,21388.282827501862,20914.304719165448,21023.621707256294,21545.175414004814,24623.217152511097,22787.71452631095,24165.699931868556,23672.153522341225,22986.175414004814,23292.448618768478,24318.995028295805,25567.541437823133,25999.39024099891,25583.973136632216,26440.39024099891,25894.965839411023,27356.217152511097,26911.087847350464,28088.06595568687,28926.475762832364,29531.885569977858,29429.756264817224,30197.16607196272,31277.99298347491,29087.91475886264,30278.029469580888,29472.19526084751,29884.76356203842,30366.46846561117,30637.014875138495,29008.641554098984,30538.02946958089,28802.77815648081,28413.792750923214,28749.497654495957,29909.02217235969,27970.058658465678,29278.158774741525,31222.08580252956,34204.925263663245,35608.48422281206,37082.84090458829,24167.508159296547,22970.08580252956,21651.64885132018,20501.138927898835,19638.470510432067,19167.916803683547,20737.32661082904,20007.780201301714,21456.463213210875,20870.916803683547,22347.02421718059,22924.304719165448,24632.36834933532,24402.26823305947,23795.57062670792,24134.282827501862,25430.526843380743,23971.71452631095,25501.821939807993,24993.260935838276,25321.117036235246,25918.67074298377,26422.36834933532,26531.087847350464,27572.641554098984,27898.914758862644,27998.058658465678,29777.863678314272,28763.309971565748,29706.878272756665,30106.87097553547,28705.202558068704,31037.000280696106,28992.339160450534,28581.778156480814,30096.734373153635,29613.73437315364,29908.30267434455,28556.35375489293,29448.324566008145,29187.892867199058,29326.02217235969,27492.073252908067,29644.978389032512,30373.09309975076,30340.62491483569,34514.91592162114,35733.70430220645,23737.34966525113,22443.934605705337,20528.239044174683,18927.031514401788,19212.614410035094,19502.18271122601,19828.90220924115,19837.772904080517,21073.16811678362,19993.629004477487,21655.5998155927,21273.614410035098,21538.319313607844,23071.57062670792,23790.275530280665,23892.980433853416,24830.67074298377,25054.965839411023,27462.424682283992,25010.814642586796,25136.23174695349,26010.217152511097,25664.807345365603,27665.331863229338,27239.78545370201,27681.90746164145,28363.45387116878,28162.173369183918,28972.29537712336,27895.90746164145,28760.02946958089,28496.317268786945,28686.734373153635,29254.30267434455,28721.605067993005,29098.87097553547,30750.675995384066,30067.553987444626,28823.87097553547,28506.30267434455,28012.45387116878,28407.158774741525,28743.985686253713,30677.754219996325,29926.429934684285,31811.398700978607,30569.533258539537,20463.185918805408,19147.339160450534,18195.556032265522,17780.333908050234,16590.363096935023,16570.68738224706,17712.031514401788,20847.23174695349,18916.477807653264,20755.382943777713,21160.57062670792,22086.23174695349,21458.26823305947,22216.814642586796,23567.029469580888,21909.412132662495,23577.490357274757,22767.131630677635,24784.74167037483,23076.663445762573,25122.280782680966,23333.936650526237,26747.62491483569,24520.35375489293,27148.424682283992,26614.45387116878,25659.90746164145,25138.79275092321,27233.078505308367,26252.46116838997,27082.575879108215,25912.339160450534,27127.144180299132,26312.76356203842,26540.597770771805,25462.202558068704,27032.15147752033,26597.15147752033,25567.475762832364,26016.309971565748,25376.612365214198,27302.402790620403,25807.87097553547,26365.639509278084,28443.437231905486,26382.473718011468,25020.142135478236,25138.420592642193,27721.589591488213,27211.655266478978,30498.431097442794,29272.238162112284,29363.079668066865,24152.25684619648,25990.283990260363,34003.41650300039,32368.842949409183,32006.83565218799,29690.53530336044,30913.181829163612,36375.819012924694,32069.045226781785,31550.513411696844,33095.6062307515,33874.02333511819,34061.30383710305,32675.498817254454,35243.84294940918,38323.43109744279,38531.41650300039,37129.49677243356,37980.48947521236,39404.17248712153,34949.901327178755,34456.04522678178,38776.89928235786,36618.98684901222,41761.660518879275,36429.58433908791,39639.884687915466,39182.76997719722,37585.3966561577,42466.78982403991,36464.008740675796,41312.558357782524,30857.564492245227,37376.13074861524,45105.14855063704,44373.609438330896,41864.67511332167,30076.478970411765,29143.795958502607,31748.405998199807,29793.42788986339,26377.586383908812,46544.89840029546
24,28144.290542208546,17366.326812551946,23808.768364778967,27183.07554166841,29736.169334920858,30290.809485831818,27914.768903746688,30084.289464273115,31051.4896798602,33033.41013259308,30890.24942115569,29417.755735696785,29962.662481412044,30300.835821931618,33952.67672739738,33411.43646869288,35541.46388272811,31719.90274011655,33774.15670583867,31050.99599440129,37502.55767598056,37068.664098315196,37266.15724480638,32333.995994401284,38510.54450793066,41046.70521936804,39370.70468040033,40394.158322741816,40509.55821494828,37692.664098315196,40618.371706378806,40788.49183573106,40054.224701959036,37636.17095182401,39795.51817183086,36660.54396896294,44561.519788734004,38480.1446157242,44049.865930805434,44498.15940067725,42102.02556430739,41524.18573677705,39213.478667681164,33522.61088714789,26132.82265388172,33341.09140455689,13168.845756175218,6160.349375877725,12935.338363698695,17586.885799292635,19403.512782153695,21151.793083975615,21933.56653228873,20826.393191769155,20119.93954942767,21776.52648917131,23737.100260865052,24013.660325541176,25284.380562686965,22457.473278003992,25026.833666060746,26599.84737307836,25640.88741619578,27457.74095074373,25140.486985021606,24679.926920345482,25297.353687619456,26704.807329960942,27635.314183469753,27167.593946323956,25885.406898786772,26274.04704969773,25134.846834110645,27661.794161911042,25923.26043333472,26233.460648921806,26155.527028139026,25459.193515149782,26245.92692034548,27694.780993861146,26053.793622943325,27020.2072221674,25597.79362294333,24941.28676943452,24075.046510730015,27280.234097234916,23970.259894367002,24216.513321121405,23638.033342680115,23693.94008839538,22927.246726317102,19793.793083975615,14452.365238766211,24553.889572066655,16238.192976182072,18341.712997740782,21804.126596964852,22840.033342680115,22541.326273584218,23373.56653228872,24633.206683199685,23416.96642449518,25151.033342680115,25884.060217747632,25333.29993748442,26963.660325541176,25989.59340735624,26789.060217747632,28084.820498010842,29948.314183469753,32052.274679320057,31798.00808451575,28572.51386008912,27213.5001530715,29574.274140352332,28472.56707125644,29959.52756710674,29719.900584245675,28499.007006580312,28750.74041177601,29184.940627363096,29071.39373073687,30831.00754554803,28856.127135932562,29283.780454893425,29480.2072221674,30264.940627363096,29478.34051956955,29221.68720060869,30460.274140352332,29025.953795412992,28355.486985021606,30343.700907626306,29315.380562686965,29467.073924765245,27494.40689878677,28062.51386008912,30423.24780425254,29110.794700878767,22826.40743775449,20777.500692039226,22579.714614643934,26561.39480867231,27436.274140352332,26143.406898786772,25122.606575406142,24749.259894367002,23937.419527868955,24492.419527868955,26035.73987280829,27871.273601384615,27323.206683199685,27938.06021774763,28215.40689878677,27136.033342680115,30950.84737307836,27782.380023719248,30167.167179049982,28424.32681255193,29545.660325541172,29866.913752295575,28729.40689878677,31303.1940541175,29776.35368761945,23289.71245877306,30302.74041177601,28915.713536708492,29954.260433334715,29754.966963462895,30025.140303982465,30913.167179049982,30816.820498010842,31458.380562686965,31949.67403255879,32164.620821391472,31101.740411776005,31555.84737307836,30577.74041177601,31420.593946323956,30405.2203902173,31805.807329960942,32016.407437754486,30634.087092815145,30948.900584245675,31095.807329960942,32247.567610224156,32777.26151127016,32263.51601596,27625.275757255495,27172.102416735932,27328.968041398337,27746.50069203922,26134.28676943452,25654.73987280829,23250.819420075415,26838.55336423882,25851.779915925712,25726.846295142925,29322.966963462895,26556.13976501475,28794.80679099322,29365.193515149782,29395.193515149782,29907.406898786765,30589.2203902173,28696.646618523555,29208.286769434515,29935.060217747625,27131.886338260345,28365.699829690875,28462.39319176915,32113.767286843526,31325.2203902173,32914.63398944137,35938.08817075058,33254.88741619578,31444.39373073687,31217.00700658031,31118.06021774763,32694.55390320653,33533.88741619578,31530.647157491272,33907.06075671535,32574.073924765242,32443.300476452136,32229.34051956955,31726.56707125644,32995.15401100008,31823.08709281515,31940.167179049982,31831.247265284816,30699.04704969773,31998.15401100008,35047.8879551635,35858.02179153336,35774.32950739053,34252.383796493275,30820.4765118103,28772.56814919188,27748.633989441372,25316.686661640975,24712.13976501475,26508.206683199685,26314.91321332786,27285.806790993225,25627.93954942766,27363.046510730015,27923.259894367002,27413.48644605389,28484.513321121405,27068.2862304668,28865.993299562695,30748.18034709988,28747.43323488657,29198.819959043125,29603.606575406146,29951.380023719248,30081.11342891494,29799.9932995627,29077.73987280829,30840.673493591068,32195.82049801084,31037.02017463021,29771.993299562695,32952.03388164783,31846.31364450203,32313.91375229557,33228.82049801084,32521.4738169717,32107.00700658031,32329.74041177601,32547.220390217302,34884.527567106736,31270.54019618892,33028.82049801084,32531.340519569545,32702.647157491272,31611.18034709988,29988.886877228062,32827.27414035233,32389.36739463707,34030.99437749813,34747.128213867996,36089.95595128387,37909.75789156764,32079.7036024649,29029.115045818107,28297.580778274056,25158.08655384743,25031.96642449518,26543.033342680115,25214.406359819055,25867.61974345604,26044.45957098637,26291.886338260345,27831.259894367002,25209.912674360145,27588.0064676126,28883.299937484415,29085.299937484415,27134.45957098637,29638.246726317095,29226.393191769155,30953.540196188915,29923.11342891494,28998.273062416905,28461.09972189733,29522.95325644528,30595.420066836665,29387.219851249585,31297.060217747625,31903.79362294332,31805.10026086505,29932.473278003985,34031.727243726105,30711.2467263171,30609.38002371925,33161.900584245675,32164.180347099882,33551.72724372611,30760.88687722806,32683.127135932562,32638.953795412992,31011.153472032365,33979.88741619578,33141.23409723492,31689.247265284816,34296.20776113511,35900.98174841595,35912.16933492086,39415.06452948936,32756.570305062756,30294.50176997466,27547.980670480512,24485.046510730015,25914.953256445282,25346.2730624169,26216.56653228872,26331.44640293647,25493.726165790675,26796.83312709303,27758.873170210445,27007.712997740775,26528.93954942766,28219.179808132165,27008.539657221205,27448.539657221205,30002.28676943451,27600.2862304668,28219.886338260345,28660.13976501475,30734.80679099322,29369.126596964845,27908.366316701635,28901.17980813216,29789.953256445275,34267.740950743726,30709.5001530715,31130.940088395375,29211.046510730015,30562.206683199678,29303.006467612602,30099.339980601835,31035.02017463021,30699.940088395368,33005.03388164783,31828.793622943325,31899.793622943318,32147.00700658031,32211.393730736872,32928.82049801084,32391.473816971702,32650.740950743726,32487.033881647825,32402.767286843526,33672.914291263296,34374.194593085216,37979.5165549277,40568.82480975258,32961.26366714103,31304.035498550988,28674.087631782866,26057.420066836672,24682.233019299485,21954.539118253495,24729.07284682982,26145.753040858195,26194.539657221205,26358.019635662495,27612.65978657346,25989.726165790675,28857.206683199678,25397.045971762294,28774.259894367002,28050.83312709303,28918.43323488657,28894.35314865173,29514.819959043125,29792.126596964845,28729.046510730015,28478.56653228872,29203.566532288725,28573.873170210445,31325.886877228055,30096.99329956269,30230.593407356235,30736.90004527796,35062.07446373296,30281.246726317095,31284.2335582672,31861.047049697725,30064.380023719248,31605.540196188922,30523.980131512795,31222.15347203236,32072.700368658585,32046.2335582672,33136.247265284816,32427.167179049986,31669.127135932562,30831.446941904185,31403.647157491272,33960.03442061555,36519.581856209494,38168.743106614595,40540.505003780956,31699.850067916952,29115.901662181117,28761.08763178287,26557.366855669352,25624.47327800399,24698.019635662495,24725.93954942766,25339.11288994723,27264.39319176915,26644.059678779915,26859.366316701635,28898.113428914945,26111.20614423197,27235.059678779915,26834.59286838852,28632.95325644528,27338.192976182065,30209.63345047365,27773.92638137776,28397.699829690875,27552.326273584218,27442.019635662495,29764.033342680108,29521.646618523555,30866.246726317095,29899.553364238815,29445.77991592571,31290.75357982591,30456.153472032358,30886.633450473655,30175.553364238818,28138.619743456038,30003.860002160534,33333.247265284816,29888.33998060183,29486.739872808295,30322.72670475839,33081.11396788266,32608.08709281514,32529.2203902173,31149.67349359107,30596.71353670849,30646.446941904185,32128.073924765245,33622.30101541986,36659.141920885624,37844.96965830149,41108.05190040718,33617.597180130266,29645.50176997466,28156.140842950183,26312.94008839538,25019.61974345604,24192.47273903627,25171.192976182065,26318.17980813217,26961.259894367002,25711.326273584218,27765.126596964845,26935.059678779915,26923.712997740775,27357.299937484415,27364.67295462336,27805.13976501475,27757.712997740775,28274.0064676126,27320.41952786895,29398.166640082265,28503.619743456038,30479.766747875805,28090.886338260345,34676.99437749814,30517.90004527796,29787.126596964845,29382.953256445275,29671.860002160538,30550.7667478758,29698.299937484415,30511.72670475839,29794.07338579753,28625.65978657346,29111.5264891713,30541.766747875805,30662.98013151279,31362.233558267195,31739.620282423755,31115.846834110645,31872.52702813902,30511.36685566935,29925.98013151279,32246.460648921802,34381.90112321339,37663.94224426625,37838.703063497174,41508.79847365278,31272.903279084272,29541.195132052944,28246.100799832762,25809.246726317102,25056.48644605389,26141.819959043125,24383.20614423197,26377.35314865174,26802.873170210445,24921.472739036268,27725.779915925712,27275.65978657346,26277.41952786895,26996.059678779915,28861.166640082265,28332.526489171305,29284.166640082265,29643.64661852356,28013.09972189733,29002.819959043125,27680.539657221205,29278.993299562695,28766.526489171305,27993.92638137776,31682.39373073687,28344.233019299485,30147.20668319968,29811.553364238818,30081.246726317095,29766.606575406135,30727.11342891494,29651.39319176915,29544.259894367002,30438.59340735623,31088.67349359107,30249.553364238818,32194.220390217302,32308.70036865859,31106.67349359107,30136.593407356235,30644.326812551935,30533.54019618892,31277.567071256435,33696.740950743726,35680.72832166155,37559.40959362536,41897.90543495513,32594.863774934573,29203.461726857247,27964.234097234916,25988.073385797532,24570.61974345604,24160.55282527111,24515.11288994723,26198.13976501475,28066.2467263171,24855.646079555838,26862.48644605389,27429.526489171305,27500.83312709303,27045.366316701635,28731.779915925705,28776.339980601835,28667.646618523555,25146.525950203588,28198.09972189733,29599.72670475839,29488.299937484415,29473.606575406142,28809.126596964845,29284.68666164097,29472.68666164097,30106.860002160538,29256.77991592571,29550.47327800398,29865.686661640975,30717.980131512795,30516.11342891495,29690.686661640975,29567.77991592571,28061.979592545074,29425.473278003985,31256.273601384615,30489.15347203236,29991.259894367002,32102.007006580312,31056.54019618892,31521.660325541172,29984.246726317095,29431.113428914945,32166.1940541175,32823.36739463707,34839.39480867231,38618.90327908426,42769.98552118996,32343.517093895432,29417.19513205294,28688.740950743726,25766.326812551935,24803.753040858195,25973.953256445282,25230.192976182065,26585.08655384743,27498.206683199678,27080.793083975608,27228.48644605389,29664.913752295575,29002.80679099322,29840.926920345475,28529.95325644528,28089.0064676126,28701.259894367002,29731.206683199678,30555.54019618892,28434.65978657346,28806.08655384743,30636.67349359107,30216.02017463021,29296.913213327858,29039.793083975608,29776.860002160538,29473.259894367005,28889.21985124958,32428.234097234916,31075.366855669352,28802.75304085819,30532.80679099322,30467.32681255193,31049.500153071505,31454.02017463021,30794.80679099322,31352.71353670849,30759.32681255193,30870.23355826719,30186.593407356235,31213.4869850216,30735.620282423755,34152.86108009598,35708.38164062241,37384.40959362536,39799.82480975258,31184.15670583868,29218.981748415954,23195.61974345604,27008.660325541172,25775.80679099323,24483.539657221205,25112.96642449518,25762.699829690875,27124.513321121405,26523.83312709303,26886.046510730015,26652.57970033862,27558.39319176915,26384.326273584218,27029.886338260345,28882.63345047365,28051.21985124958,29147.033342680108,29282.206683199678,28335.526489171305,29803.54019618892,29040.953256445275,29915.246726317095,28256.873170210445,30630.34051956955,29996.206683199678,29962.819959043125,30212.94008839538,29874.64661852356,31874.353687619452,31975.26043333472,29638.553364238818,30058.59340735623,26472.206144231965,29709.166640082265,31509.92692034548,29576.299937484415,29033.04651073001,29992.646618523555,30438.67349359107,30626.96696346289,30309.36685566935,31059.113967882662,32391.1940541175,35971.90166218112,36610.82265388172,42048.59879703341,31545.063451553942,28691.688278544134,28928.9011232134,25365.80679099323,25888.900045277962,24843.92638137776,24059.89950631025,24330.432695918855,24468.753040858195,25934.192976182065,25758.326273584218,26557.793083975608,25292.032803712398,27216.13976501475,27034.09972189733,28049.73987280829,27924.046510730015,28491.433234886572,29062.513321121405,29286.90004527796,28775.166640082265,29970.98013151279,29743.766747875805,30103.886877228055,29472.553364238818,29735.166640082265,29582.339980601835,29861.07338579753,30774.02017463021,31021.793622943318,32978.727243726105,30370.59340735623,31669.486985021602,27825.846295142925,29721.64661852356,31221.580239306335,29728.29993748442,29224.393191769155,28925.966424495182,30610.42006683667,28242.672954623355,29516.513321121405,30268.273601384615,30875.567071256435,32079.287308402232,35248.99491646585,38330.089787653735,41340.01185728976,31806.930154151793,28211.394808672314,29024.94116633082,27675.15401100008,25907.620282423755,25260.166640082265,25089.48644605389,25151.366316701635,25693.44640293647,24325.81942007541,25284.63291150594,25656.152933064648,27230.21985124958,27402.526489171305,27950.779915925712,28458.940088395375,23556.71245877306,29985.580239306335,29595.54019618892,29136.07338579753,29367.593407356235,28134.699829690875,29622.460109954085,30104.406898786765,29363.126596964845,29989.63345047365,30265.806790993218,30955.7535798259,31282.18034709988,30588.060217747625,30489.98013151279,31024.27360138461,30756.63345047365,30807.79362294332,30993.713536708492,30350.28676943451,29198.35314865173,30744.846834110645,31455.62028242376,30061.940088395375,29362.779915925705,29428.033342680108,30553.79362294332,29649.5001530715,33457.567610224156,35987.72832166155,37331.58293414493,39218.264745076456,30853.29000324083,28074.381640622414,28169.167718017707,26088.313644502035,26012.406898786772,24073.63291150594,27064.84683411064,25342.539657221205,25480.31310553432,26001.92638137776,26173.233019299485,25669.93954942766,27420.433234886572,26226.192976182065,27353.83312709303,27532.31310553432,29369.11342891494,28201.819959043125,29330.63345047365,29747.02017463021,28751.646618523555,30540.660325541172,28826.993299562695,29123.646618523555,30404.71353670849,31344.353687619445,28892.833127093032,31061.926920345475,31850.30047645213,31416.00700658031,31480.527028139022,30419.80679099322,29585.553364238818,30153.94008839537,31139.14030398246,30426.46010995408,29615.646618523555,29392.566532288725,29693.299937484415,29939.553364238818,29160.07338579753,30042.620282423755,30492.35368761945,31423.300476452132,35155.474894907136,37357.14299882106,39432.47812871344,30176.31633934063,28228.861619063704,28431.28784736996,25960.700368658592,24232.873170210445,25431.366855669356,23212.24618734939,25205.0064676126,24818.67295462336,24859.2862304668,25766.75304085819,25595.49961410379,26727.0064676126,26497.233019299485,27709.819959043125,27033.17980813217,22305.512243185975,27565.526489171305,28860.766747875805,28742.993299562695,28478.299937484415,29012.686661640975,27833.09972189733,28800.126596964845,28883.420066836665,29242.72670475839,30670.926920345475,31319.313644502032,31333.233558267195,31637.52702813902,30119.02017463021,32638.68720060869,31160.926920345475,30317.286769434515,29420.473278003985,30498.63345047365,26343.45957098637,30755.020174630205,29385.166640082265,29236.646618523555,29868.76674787581,29127.76674787581,30780.70036865859,33151.780993861146,33453.8879551635,36049.38271855784,39529.61142611559,30832.383257525562,27930.034959583274,28213.034420615553,25600.233558267202,24514.29993748442,23214.192976182065,23789.63291150594,25187.08655384743,24361.76620890809,26420.420066836672,25603.09972189733,24139.392652801434,26126.09972189733,28030.806790993225,26586.91321332786,26001.326273584218,26819.92638137776,27228.44640293647,27134.96642449518,29101.113428914945,28564.380023719248,28797.473278003985,28236.08655384743,29157.860002160538,30024.406898786765,29345.90004527796,30109.28676943451,31770.300476452132,30819.40689878677,31847.12713593256,31314.87370917816,31768.2203902173,30067.5001530715,30254.11342891494,30997.71353670849,30779.02017463021,29185.90004527796,29274.126596964845,29865.380023719248,29650.11342891494,28837.04651073001,30534.233558267195,31664.51386008912,32145.060756715346,35578.90166218112,35554.262589205595,39924.77159858526,29197.63614531225,27648.874787113604,26257.593946323956,23072.83312709303,22190.89950631025,23637.059678779915,25133.64661852356,24257.13976501475,23682.739333840575,24832.326273584218,25899.73987280829,24515.432695918855,26297.52648917131,24994.166101114548,26924.21985124958,25830.80625202551,27310.0064676126,25640.686122673258,27345.699829690875,27515.793083975608,27614.793083975608,30480.087092815145,30044.84683411064,28455.646618523555,28959.646618523555,28968.126596964845,30284.886877228055,29781.11342891494,24943.83258812531,31043.966963462888,30729.753579825905,30950.886877228055,31561.260433334715,30607.19351514978,31006.44694190419,29839.686661640975,30202.94008839538,29281.819959043125,30082.59340735624,29331.473278003985,28131.446402936468,29759.246726317095,28987.339980601835,30055.620282423755,32174.060756715346,33426.367933604786,34317.76890374668,37222.771059617546,29500.52972297761,29181.222007120457,26628.32735151965,24733.406898786772,22220.85946319283,23571.712997740775,23298.419527868955,23387.859463192828,24609.84629514293,23101.485907086175,23672.739333840575,23922.872631242728,24842.686122673258,25006.45957098637,25649.80625202551,26115.21985124958,27164.873170210445,26525.366316701635,26945.44640293647,27978.433234886572,27035.059678779915,27668.48644605389,27684.0064676126,26082.126057997128,28062.48644605389,29483.380023719248,30130.060217747625,29071.819959043125,28922.473278003985,29584.339980601835,30461.673493591075,30028.593407356235,30686.54019618892,31116.52702813902,30450.806790993218,31039.44694190418,30585.71353670849,31000.14030398246,28885.433234886565,28410.446402936468,28743.21985124958,28726.12659696485,30435.406898786765,29013.07338579753,31072.900584245675,33095.02125256565,35880.72939959698,37490.504464813246,28829.07608063612,27749.288386337677,25017.180347099886,23291.13976501475,23291.48644605389,23537.046510730015,21832.7925450079,23742.07284682982,22343.752501890478,23344.872631242728,23900.606036438425,23938.16610111455,24491.646079555838,25251.59286838852,24573.259355399285,25789.019635662495,25463.032803712398,26221.67295462336,26443.67295462336,26677.57970033862,26780.97959254508,24843.79254500789,28158.04651073001,28037.873170210445,28992.90004527796,29639.67349359107,29051.473278003985,24069.01909669478,29995.15347203236,30049.11342891494,29763.46010995408,29455.72670475839,29305.166640082265,29965.940088395375,30761.58023930634,30551.886877228055,29127.739872808295,28397.73987280829,27939.273062416898,28313.873170210445,28644.299937484415,29051.90004527796,28440.206683199678,31640.02071359793,33196.74148971144,35751.38271855784,34461.91698610188,29242.756274664505,26478.528106074464,23700.420066836672,21233.69929072316,21727.819420075415,21107.44586396876,20695.632372538228,21986.44586396876,22431.752501890478,23028.83258812531,23413.35260968402,23830.739333840575,23935.35260968402,24889.019635662495,24325.739333840575,24704.47273903627,25441.41952786895,26380.793083975608,26162.45957098637,25031.259355399285,27503.17980813217,27588.526489171305,28039.21985124958,27883.39319176915,27147.2862304668,28392.60657540614,28182.35314865174,27878.0064676126,29544.15347203236,30473.060217747625,30449.926920345475,28379.526489171305,30037.02017463021,29381.860002160538,29874.90004527796,31806.820498010842,28852.166640082265,24254.925842410048,29389.380023719248,28060.179808132165,28519.91321332786,29069.76674787581,28509.460109954085,30162.2203902173,30958.980670480512,31615.767825811246,34298.5423520598,35317.37062844337,27229.062373618508,24825.26097230244,26258.927459313192,20792.832588125315,21155.87263124273,20099.37894578382,21083.805713057798,20713.298859548988,21181.37894578382,23166.25935539929,22506.21931228187,24795.326273584218,24538.592868388525,24049.739333840575,27489.540196188922,23912.3125665666,24824.64607955584,25359.859463192828,24619.432695918855,25291.47273903627,26099.552825271105,26639.366316701635,26836.019635662495,26364.726165790675,28273.299937484415,27476.366316701635,28363.353148651735,28542.08655384743,28737.43323488657,29205.953256445275,28459.299937484415,29410.86000216054,28858.126596964845,28665.56653228872,28380.526489171305,28908.953256445275,29501.246726317095,28717.259894367002,28569.526489171305,26499.672954623355,29570.206683199678,27335.92638137776,27985.473278003985,28393.2467263171,28935.620282423755,31340.434312822006,33552.5423520598,36001.664098315196,27478.2757572555,24163.67403255879,23696.94008839538,20216.832588125315,19633.365777733925,19406.298859548988,20378.76566994038,21400.57916137091,22233.13922604704,22190.005928644885,22817.52595020359,22582.539118253495,23402.65924760574,23479.965885527465,23482.792545007895,22708.112350979518,25143.64607955584,26057.712997740775,25366.859463192828,27552.339980601835,25927.11288994723,26690.84629514293,27251.699829690875,27040.366316701635,26995.366316701635,27095.63291150594,28291.699829690875,29092.766747875805,29223.860002160538,27076.92638137776,28098.09972189733,30136.71353670849,29009.380023719248,29189.513321121405,29005.43323488657,28922.60657540614,29323.513321121405,27908.65978657346,28489.39319176915,25456.259355399285,27836.65978657346,27848.60657540614,27008.31310553432,28172.80679099322,27249.166640082265,32431.448019839623,34307.47597284258,36033.184119873906,26605.155627903245,24559.780993861146,22674.50015307151,20029.272523449188,19486.338902666408,19677.24564838167,19146.44532500104,20088.858924225115,20945.72562682296,22899.69929072316,23334.60603643843,22326.672415655645,21998.55228630339,23634.779376957995,24414.472739036275,24465.565993321004,23880.83258812531,24651.646079555838,24894.992760594978,24109.48590708617,25543.24618734938,26222.45957098637,24623.752501890478,27864.08655384743,25538.20614423197,28699.206683199678,28003.35314865174,29221.72670475839,29969.67349359107,28768.779915925705,29380.646618523555,29529.513321121405,28818.646618523555,29573.86000216054,28680.179808132165,27554.539657221205,28878.473278003985,28060.13976501475,27595.712997740775,30523.913752295575,27901.31310553432,27708.39319176915,28047.20668319968,28106.553364238818,29931.86054112826,32348.701446594034,34714.42276167526,36212.03765442185,26787.195671020665,22381.353687619456,22075.91321332786,19455.845756175215,19143.205605264255,20769.005928644885,20130.365777733925,20347.165562146838,20920.112350979518,23888.92638137776,21922.48590708618,23369.912674360145,22970.752501890478,22214.112350979518,22468.192437214355,23348.35260968402,24728.512782153688,25158.89950631025,24786.992760594978,25618.89950631025,25186.20614423197,26448.92638137776,25935.67295462336,27139.31310553432,27925.433234886572,28646.553364238818,28389.299937484415,29146.420066836665,30321.446941904185,28188.699829690875,29240.380023719248,28502.56653228872,28774.08655384743,29295.646618523555,29594.80679099322,28076.619743456038,29428.380023719248,27580.65978657346,27570.233019299485,27598.793083975608,29009.593407356235,27175.526489171305,28248.63345047366,30231.767286843526,33460.46172685724,34636.28946427311,36381.99761130444,23417.554981141984,22396.76728684353,20846.406359819055,19678.179269164455,18792.55228630339,18527.605497470715,19998.72562682296,19253.565454353295,20632.76566994038,20296.605497470708,21554.499075136075,22042.365777733925,23694.539657221205,23462.432695918855,23029.659247605745,23455.00592864488,24587.93954942766,23282.48590708617,24803.37948475154,24270.64607955584,24578.81942007541,25127.76620890809,25486.539657221205,25583.67295462336,26508.619743456038,26958.699829690875,27127.52648917131,28936.19351514978,27737.2467263171,28653.76674787581,29178.98013151279,27734.35314865174,29944.233558267195,28183.39319176915,27608.65978657346,29152.940088395375,28680.94008839538,28902.46010995408,27552.96642449518,28570.819959043125,28387.339980601835,28446.59340735624,26463.09972189733,28720.87370917816,29465.553903206535,29302.140842950183,33697.7694427144,35188.95756818702,22962.155088935528,21632.154011000086,19859.28623046681,18140.285691499088,18594.37894578382,18784.89896734253,19108.032264744685,19197.778837990278,20308.325734616505,19247.952178509848,20754.805713057798,20643.37894578382,20915.939010459948,22295.659247605745,23139.21931228187,22972.779376957995,23936.76620890809,24036.20614423197,26581.92692034548,24317.592868388525,24364.49961410379,25010.92638137776,24773.80625202551,26640.606575406142,26211.44640293647,26763.91321332786,27641.07338579753,27307.206683199685,28078.67349359107,26904.91321332786,27807.38002371925,27733.033342680115,27698.94008839538,28373.46010995409,27839.686661640975,28135.98013151279,29769.647157491272,29006.18034709988,27915.98013151279,27739.46010995409,26966.073385797532,27368.63345047366,27651.660325541176,29802.394269704586,28857.807868928667,31144.75573569678,29954.890111034372,19709.874248145883,18468.39319176916,17690.086014879722,17034.512243185978,15998.658708638031,15875.245109413958,16917.285691499088,20193.499614103792,18334.338902666408,19992.11288994724,20561.659247605745,21212.49961410379,20615.43269591886,21322.592868388525,22827.380023719255,21212.259355399292,22807.0064676126,22025.39265280144,23928.726704758395,22238.97959254508,24282.100260865052,22566.059678779915,25758.140842950183,23626.96642449518,26137.926920345475,25810.073385797532,25125.91321332786,24182.233019299485,26411.980670480512,25304.860002160545,26329.540196188922,25034.39319176915,26235.060217747632,25354.08655384743,25643.900045277962,24485.35314865174,26204.84683411064,25890.846834110645,24679.433234886572,25212.246726317102,24538.47327800399,26537.56707125644,24892.9801315128,25548.71407567621,27651.59448529168,25622.527567106743,24426.154549967807,24584.115584785828,26203.27737415865,26172.356921425766,29512.87748195219,28349.450175710495,28273.05028350404,23351.834743996187,25015.07554166841,33040.30424922617,31159.903279084272,30808.11666272126,28697.795778814205,29824.062912586225,35215.637762215396,31092.022869468805,30608.43592972516,31777.756274664505,32537.66302037977,32861.52972297762,31619.86269699914,34229.903279084276,37106.87748195218,37015.30424922616,35833.9570292193,36532.170412856285,38128.37062844337,34009.196209988375,33421.022869468805,37436.29054220854,35612.729938564706,40264.23787000893,35142.39642557546,38292.71730948251,37979.037115454135,36208.85006791695,40976.49129676334,35160.08978765374,39905.22524092675,29860.942244266254,35735.556598045136,43575.10511157451,42680.73155546785,40444.811102734966,29073.40851568993,28203.208300102844,30886.542352059798,28754.902201148838,25493.302093355298,45555.45448745222
25,28265.32023086693,17575.818390498876,23966.663087068242,27279.487038255393,29917.441022424096,30317.05092347945,27993.984162265937,30161.67808047154,31307.406510550616,33209.23621371668,30979.932394455725,29525.842625326564,30152.20971635556,30622.333997358193,34228.99340369033,33543.51928759543,36038.444511869566,31557.68383245045,33909.62056068242,31207.316741421455,37958.398496038266,37337.17294194865,37314.94163588011,32496.316741421455,38629.2569590989,41169.56077835985,39449.23970316215,40414.5837862755,40671.71957123596,37596.17294194865,40629.45375329396,40925.6908113414,40245.61254617006,37902.404248017185,40035.97388522015,36697.9358839012,44465.93711081323,38497.12117413843,44191.86459762081,45159.2259366709,42207.52626648637,41615.509010549635,39540.54927440203,33808.28571899346,26304.192460418824,33277.23395118324,13402.549083111391,6235.853937993751,13110.996701845164,17687.294769127206,19392.763133243192,21334.9829353539,22184.971431396076,20727.84715039344,20115.503067280093,21884.22574538026,23934.806886541053,24342.925415564776,25629.02668865176,22596.338522425067,25190.04969656741,26965.51230870448,25952.257994720294,27832.7378627941,25249.801134562138,24812.682605538415,25355.422539575316,26903.766622688665,28049.9979287572,27334.896655670214,26066.30976253051,26529.91966358586,25260.191233506783,28005.625085749292,26135.78963060431,26364.518060683393,26178.546820577954,25618.439795512055,26317.682605538415,27855.483548809916,26184.304010551594,27101.902407649126,25699.304010551594,25217.07270448306,24376.598588388166,27479.506556725566,24465.468555406616,24325.084208440887,23839.457051448793,23977.824142477788,23238.327018467244,20185.9829353539,14571.600850921606,24916.542295511084,16428.118720314364,18462.491563322266,21966.0899604198,22837.457051448793,22692.497315301178,23578.971431396076,24880.581332451427,23649.107216356533,25439.457051448793,26195.061200525233,25716.214241422436,27189.925415564776,26196.575580472516,27018.061200525237,28366.908159628038,30099.9979287572,32229.57331793908,32278.81612796544,28845.40528363858,27392.94267150151,29747.252242741382,28846.292506593767,30143.86789577565,29977.39953165967,28660.173977570048,28924.416787596405,29309.145217675483,29305.168225591136,31302.495052767743,29153.411035617493,29556.162473612225,29767.902407649126,30600.145217675483,29675.281002635944,29407.529564641216,30681.252242741382,29245.286754614855,28611.801134562138,30539.992176778287,29648.02668865176,29727.523812662304,27778.30976253051,28544.40528363858,30699.969168862637,29517.946160946987,23114.630837728204,21000.26374669921,22687.45478891536,26987.81037598653,27573.25224274138,26466.30976253051,25203.717117411892,25028.468555406616,24423.130224272187,24707.130224272187,26121.09571239871,28042.931167543687,27554.581332451427,28237.061200525237,28455.30976253051,27291.457051448793,31125.51230870448,27933.70561345406,30416.15672163331,28694.818390498876,29644.925415564776,30246.541068599043,29067.30976253051,31537.760870709753,30154.422539575316,23467.17048812457,30438.41678759641,29163.812638519965,30107.78963060432,30121.42829155423,30373.552572556866,31087.156721633313,31098.908159628038,31636.026688651764,32299.388027701843,32514.500804746654,31457.41678759641,31867.51230870448,31056.416787596405,31694.896655670214,30464.0439445885,32093.766622688665,32404.630837728204,30963.66534960168,31368.39953165967,31504.766622688665,32692.613581791466,33433.4317809997,32850.68958442936,28025.21546833447,27662.09118733183,27521.070441949625,28395.26374669921,26292.07270448306,25820.09571239871,23338.266009232648,27049.8298944567,26174.841398414523,25829.870158309088,29509.42829155423,26807.23149735917,29126.445547490966,29584.439795512055,29626.439795512055,30080.30976253051,30806.0439445885,28922.462803427705,29545.07270448306,30064.061200525237,27444.615844324904,28531.350026382894,28669.84715039344,32223.020936672852,31597.0439445885,32919.642341686034,36283.30749999707,33415.2579947203,31650.16822559114,31581.173977570048,31471.061200525233,33111.1509696544,33943.2579947203,31948.78387862541,34120.382275722935,32816.5238126623,32642.53531662013,32517.281002635955,32071.29250659377,33340.01518469394,32097.665349601684,32406.156721633313,32026.648093664942,31084.919663585864,32146.015184693937,35472.57906991799,36496.278740102505,36516.42376648735,34823.95313983793,31366.264973611247,29131.934656989164,27885.642341686027,25543.20848944352,24792.23149735917,26771.581332451427,26506.219993401348,27644.445547490966,25675.503067280093,27594.598588388166,28063.468555406616,27517.480059364443,28758.084208440887,27300.75162928536,29073.711365432977,31046.298258572686,29261.592836409254,29713.587084430346,29717.717117411892,30297.70561345406,30360.948423480422,29851.711365432977,29478.09571239871,30758.066952504145,32431.90815962804,31181.31551450942,30094.711365432977,33260.778126646495,32004.6768535595,32729.541068599043,33411.908159628045,32985.65959762277,32209.17397757005,32348.41678759641,32799.0439445885,35417.86789577565,31272.688357517327,33201.908159628045,32877.28100263595,32874.78387862541,31971.298258572686,30198.9369195226,32986.252242741386,32555.885151712388,34385.35351582837,35444.05318601288,36561.57105540564,38903.126926117344,32827.597552766776,29558.911649073514,28539.75511873084,25556.34427440398,25053.107216356533,26638.457051448793,25655.98868733281,26044.858654351265,26203.875910288,26300.615844324904,28082.468555406616,25426.898918203653,27706.852902372353,29115.214241422436,29454.214241422436,27351.875910288,29945.327018467244,29586.84715039344,31018.68835751733,30150.948423480422,29316.610092345996,28827.48581134335,29841.965679417157,30955.45129946988,29495.7228693908,31707.061200525233,32321.3040105516,32122.80688654105,30153.33852242507,34310.27525065704,30989.327018467244,30751.70561345406,33563.39953165967,32491.29825857269,33893.27525065704,31030.936919522606,32960.41103561749,32967.28675461486,31299.69410949624,34272.2579947203,33297.506556725566,32053.648093664942,34608.22348284682,36597.53305408669,36745.44102242409,40077.62980210681,33571.21895777994,30526.9058970946,27706.8909036913,24527.598588388166,26070.96567941716,25501.61009234599,26342.971431396076,26307.734373348627,25729.633100261643,26947.728621369715,27969.47430738553,27205.49156332227,26751.503067280093,28487.977183374987,27189.367282319632,27727.367282319632,30364.07270448306,27713.75162928536,28372.6158443249,28935.23149735917,31064.445547490966,29483.0899604198,28474.243001316994,29084.977183374984,29921.965679417164,34382.7378627941,30847.94267150151,31203.824142477788,29589.598588388166,30951.58133245143,29458.85290237235,30503.95992743825,31455.315514509417,31141.824142477788,33217.778126646495,32074.304010551594,32085.304010551597,32606.173977570048,32278.16822559114,33240.908159628045,32588.659597622765,33002.7378627941,32631.7781266465,32506.020936672852,34208.86214379674,34956.08194590745,38583.01065962706,41331.476761209604,33197.71608179049,31653.741352239573,29057.986424799372,26541.45129946988,25057.864406330176,22066.046207121937,25032.88166226691,26264.237249338083,26537.367282319632,26537.994439311722,27710.604340367077,26137.633100261643,28873.581332451427,25619.27751319047,28994.46855540662,28349.728621369715,29276.59283640925,29242.101464377625,29735.587084430343,29934.0899604198,28974.598588388166,28781.971431396076,29422.971431396076,28895.47430738553,31520.936919522603,30277.711365432973,30491.575580472512,30810.07845646197,35383.84488786,30777.327018467244,31548.185481527868,32293.919663585868,30267.70561345406,31789.688357517327,30891.5698284936,31402.694109496235,32459.671101580596,32357.185481527868,33541.648093664946,32728.156721633313,31984.411035617497,31087.05544854632,31719.783878625407,34363.09920184418,37097.39726912623,38819.02216358489,41473.95662928341,32140.11768469296,29563.04168205506,29049.986424799372,26711.56407651469,25827.338522425067,25048.994439311722,24978.503067280093,25339.627348282727,27215.847150393438,26810.74012532754,27142.243001316994,29075.948423480422,26391.260257253736,27481.74012532754,26709.25450527482,28955.965679417164,27426.11872031436,30512.321266488332,28106.36153034072,28622.350026382894,27773.497315301178,27674.994439311722,30020.457051448793,29894.462803427705,31116.327018467244,30198.829894456703,29761.841398414526,31426.558324535785,30949.694109496242,31234.321266488332,30489.829894456696,28357.858654351265,30356.332770446155,33574.648093664946,30118.959927438253,29851.095712398714,30366.954175459337,33451.26949867812,32721.665349601677,32608.0439445885,31419.066952504152,30654.812638519965,30747.055448546325,32441.523812662308,33614.856391817826,36918.51579814995,38283.03366754271,41892.80934036513,34057.82310685639,29657.9058970946,28525.87364775456,26415.824142477788,25170.858654351265,24084.017447227376,25267.11872031436,26601.977183374987,27161.468555406616,25855.497315301178,27867.0899604198,27150.74012532754,26974.491563322266,27275.214241422436,27285.74587730645,27928.23149735917,27896.491563322266,28537.852902372353,27511.130224272187,29604.83564643561,28692.85865435127,30561.699861475154,28247.615844324904,34954.35351582837,30875.07845646197,29981.089960419802,29524.96567941716,29892.332770446155,30761.699861475146,29947.214241422436,30837.954175459334,30095.202737464602,28883.60434036708,29454.22574538026,30756.699861475154,30811.569828493608,31676.185481527868,31982.179729548963,31514.191233506783,32150.546820577958,30811.56407651469,30036.569828493604,32401.518060683393,34943.720606857365,37938.108443268575,38483.276477569074,42325.19368733086,31660.004907648152,30009.403021105143,28400.127961738748,25922.327018467244,25125.480059364443,26325.587084430343,24421.260257253736,26440.10146437762,27025.47430738553,25266.017447227376,28016.841398414523,27389.604340367077,26377.130224272187,27072.74012532754,29077.83564643561,28414.22574538026,29428.83564643561,29738.462803427705,28291.485811343355,29395.587084430343,27983.367282319632,29627.711365432977,29086.22574538026,28505.361530340724,31758.16822559114,28689.86440633018,30271.581332451427,30175.829894456696,30336.327018467244,30123.717117411892,30974.948423480422,29964.847150393445,29696.468555406613,30678.575580472516,31348.06695250415,30614.8298944567,32654.0439445885,32548.671101580592,31234.06695250415,30397.575580472516,30825.818390498873,30828.688357517327,31249.292506593774,34110.7378627941,35972.91740105243,37980.91513851898,42775.28920843893,33018.58029683003,29728.160211078786,28324.506556725566,25913.202737464606,24737.858654351265,24226.508819259005,24806.627348282727,26525.23149735917,28267.327018467244,25116.14172823001,27026.480059364443,27515.22574538026,27878.728621369715,27375.243001316994,28833.841398414523,29100.95992743825,28953.462803427705,25310.904670182565,28294.485811343355,29827.954175459337,29631.214241422436,29764.71711741189,29010.0899604198,29496.20848944352,29746.20848944353,30198.332770446155,29739.841398414523,29784.338522425063,30010.20848944352,31057.569828493608,30786.948423480426,29802.20848944353,29777.841398414526,28530.248753295902,29800.33852242507,31686.931167543687,30823.69410949624,30140.468555406616,32211.173977570044,31099.688357517323,31607.925415564776,30232.327018467247,29664.948423480422,32318.760870709753,33156.885151712384,35334.81037598653,39276.00490764815,43502.78058047056,33022.33173482476,29839.403021105143,29237.7378627941,26148.818390498876,24929.237249338083,26229.96567941716,25390.11872031436,26802.34427440398,27780.581332451427,27327.9829353539,27289.480059364443,29842.541068599043,28944.445547490966,29995.682605538415,28555.96567941716,28168.852902372353,28885.468555406616,29790.581332451427,30805.688357517327,28522.604340367077,29146.344274403982,30824.06695250415,30495.31551450942,29527.219993401348,28864.982935353903,30069.33277044616,29916.468555406616,29147.722869390807,32819.506556725566,31428.564076514693,29078.237249338086,30666.44554749097,30880.81839049888,31316.942671501518,31822.31551450942,31151.445547490963,31448.812638519965,31039.818390498873,31119.185481527868,30466.575580472512,31277.801134562138,30912.17972954896,34513.974920841545,35934.66883904715,38261.91513851898,40750.476761209604,31684.62056068242,29646.533054086693,23295.858654351265,26962.925415564776,26064.445547490966,24474.367282319632,25530.107216356537,25966.350026382894,27399.084208440887,26679.728621369715,27251.598588388166,26879.11296833545,28014.847150393438,26780.49731530118,27308.615844324904,29263.321266488332,28225.722869390804,29456.457051448793,29460.581332451427,28488.22574538026,30225.688357517327,29354.965679417157,30390.327018467244,28635.47430738553,30722.281002635944,30168.581332451427,30056.587084430346,30531.824142477788,29954.46280342771,32229.422539575316,32334.78963060432,30169.8298944567,30388.575580472516,26613.260257253736,29856.83564643561,31932.682605538415,29592.214241422436,29350.598588388166,30161.462803427705,30700.06695250415,31054.428291554228,30408.564076514693,31356.26949867812,32788.76087070975,36251.04168205506,37393.19246041882,43019.78633244947,32089.987651711417,28982.17171503661,29162.720606857365,25559.445547490966,26004.07845646197,24864.36153034072,24127.757381264277,24492.27176121156,24673.237249338083,26189.11872031436,25825.497315301178,26621.9829353539,25685.1359762511,27435.23149735917,27246.485811343355,28249.09571239871,28146.598588388166,28704.592836409254,29247.084208440887,29521.07845646197,29072.83564643561,30059.569828493604,29801.69986147515,30454.9369195226,29670.8298944567,29959.835646435615,29886.95992743825,29991.202737464606,31221.315514509424,31194.304010551597,33180.27525065704,30625.575580472516,31827.80113456214,28148.87015830909,29834.462803427705,31502.434043533147,29893.214241422433,29537.84715039344,29061.107216356537,30664.451299469878,28632.745877306454,29787.084208440883,30505.931167543687,31135.292506593774,32498.393779680755,35696.674591026065,38706.27072559016,42013.06365434932,32291.609056724592,28426.810375986526,28940.46629287318,27951.015184693937,26153.17972954896,25196.83564643561,25264.480059364443,25243.243001316994,25934.734373348627,24649.266009232648,25478.000191290637,25720.373034298544,27443.722869390804,27523.22574538026,28072.841398414523,28617.824142477788,23814.17048812457,30242.434043533143,29754.688357517327,29150.202737464606,29459.575580472516,28361.350026382894,29882.196985485694,30391.30976253051,29533.0899604198,30103.321266488332,30652.445547490966,31216.558324535778,31591.298258572686,30834.061200525233,30917.569828493608,31148.931167543687,31046.321266488332,30934.304010551597,31247.812638519965,30418.07270448306,29311.101464377625,31112.191233506783,31519.17972954896,30241.824142477784,29504.841398414526,29772.45705144879,30858.304010551597,29771.94267150151,33596.61358179146,36548.91740105243,37863.03941952162,40019.35823218588,31519.99915566924,28468.668839047154,28449.477796831005,26366.676853559504,26273.30976253051,24117.000191290637,27165.191233506783,25437.367282319632,25486.35577836181,26161.36153034072,26271.864406330176,25799.503067280093,27608.592836409254,26359.11872031436,27531.728621369715,27690.35577836181,29618.948423480422,28271.587084430343,29624.321266488332,29967.31551450942,28954.462803427705,31035.925415564776,28970.711365432977,29394.462803427705,30599.812638519965,31478.42253957532,29268.728621369715,31015.682605538415,32251.535316620128,31963.173977570048,31608.546820577958,30679.44554749097,29833.8298944567,30537.824142477784,31388.552572556866,30724.196985485694,29693.462803427705,29705.971431396076,29949.214241422433,30288.8298944567,29429.202737464606,30309.17972954896,30654.42253957532,31696.53531662013,35414.30174801816,37762.15794854535,40156.22819920433,30730.282229547982,28646.295996039247,28859.714854878453,26182.671101580592,24442.47430738553,25638.56407651469,23507.00594326955,25412.852902372353,25076.74587730645,24891.75162928536,25915.237249338083,25798.621596303816,26914.852902372353,26763.864406330176,27996.587084430343,27154.977183374987,22459.442058045493,27731.22574538026,29104.69986147515,28827.711365432977,28576.214241422436,29351.20848944352,28059.485811343355,29041.0899604198,29288.451299469878,29623.954175459337,30905.68260553842,31451.676853559504,31385.18548152787,31963.546820577954,30562.315514509424,32904.52956464122,31440.68260553841,30388.072704483056,29635.338522425067,30698.321266488336,26672.875910288,30844.315514509417,29588.835646435607,29370.462803427705,30043.69986147515,29563.69986147515,30804.671101580592,33431.48354880992,33747.57906991799,36686.31098944254,40371.60679419115,31281.63206464024,28194.42027704188,28332.099201844183,25543.18548152787,24833.214241422436,23389.11872031436,23883.000191290637,25304.34427440398,24571.378786277455,26697.451299469878,25663.485811343355,24138.526075195743,26352.485811343355,28231.445547490966,26817.219993401348,26280.497315301178,26947.36153034072,27199.734373348627,27349.107216356533,29306.948423480422,28745.70561345406,28992.33852242507,28337.34427440398,29161.332770446155,30222.30976253051,29599.07845646197,30078.07270448306,31876.53531662013,30856.309762530505,32214.411035617497,31678.79538258323,31959.043944588502,30318.94267150151,30510.948423480426,31106.812638519965,30958.315514509424,29353.07845646197,29336.0899604198,30185.705613454065,29924.948423480426,29138.59858838817,30624.18548152787,31702.40528363858,32543.38227572293,35898.04168205506,36137.0739313951,40736.58953825441,29592.926642476814,27914.43753297862,26623.896655670214,23029.728621369715,22379.757381264277,23926.74012532754,25318.462803427705,24450.23149735917,23671.774637201015,24953.49731530118,25845.09571239871,24631.27176121156,26597.22574538026,25192.514571237916,27073.722869390804,25975.12447229327,27355.852902372353,25820.887414245823,27367.350026382894,27675.9829353539,27753.9829353539,30703.66534960168,30229.191233506783,28591.462803427705,29134.462803427705,29126.0899604198,30363.9369195226,29816.948423480422,25211.40754617202,31247.428291554228,30989.55832453578,31256.936919522603,31747.78963060432,31087.439795512055,31329.05544854632,29938.208489443517,30511.824142477788,29511.58708443034,30127.575580472512,29682.33852242507,28284.734373348627,29913.327018467244,29003.95992743825,30380.17972954896,32505.38227572293,34030.206226910086,34808.98416226594,37997.268463056724,29891.152196566432,29559.00717018159,26914.13946569657,24796.30976253051,22277.01169524846,23680.491563322266,23506.130224272187,23374.01169524846,24763.870158309088,23428.15898416675,23985.774637201015,24042.153232187833,24815.887414245823,25101.875910288,25629.12447229327,26211.722869390804,27186.47430738553,26758.243001316994,27106.734373348627,28121.592836409254,27243.74012532754,27857.480059364443,27712.852902372353,26253.768885222104,28334.480059364443,29463.705613454065,30295.061200525237,29479.587084430343,28969.338522425067,29735.95992743825,30617.06695250415,30302.57558047252,30934.688357517327,31336.54682057795,30691.445547490963,31387.05544854633,30728.812638519965,31154.552572556873,29038.592836409254,28429.734373348627,28794.722869390804,28935.0899604198,30408.30976253051,29159.202737464606,31220.39953165967,33385.95766490481,36401.55955144781,38469.51127308308,29416.80811345309,28053.03593007615,25161.29825857268,23314.23149735917,23389.480059364443,23642.598588388166,21851.661860156204,23804.88166226691,22387.916174140388,23515.153232187833,24099.396042214194,24158.514571237916,24666.14172823001,25447.25450527482,24801.147480208925,25923.994439311726,25634.1359762511,26474.74587730645,26591.74587730645,26807.11296833545,26906.248753295906,25092.661860156204,28355.598588388166,27968.47430738553,29307.07845646197,29936.06695250415,29084.338522425067,24209.673364114027,30273.69410949624,30246.948423480422,30163.196985485694,29772.954175459337,29550.83564643561,29995.824142477788,31082.434043533147,30539.9369195226,29217.09571239871,28680.09571239871,28148.61009234599,28636.47430738553,28921.214241422436,29243.07845646197,28645.581332451427,31866.636589707115,33439.0589379918,36249.31098944254,35265.46751978522,29794.16370052426,26900.188970973344,23844.451299469878,21341.0289511852,21780.266009232648,21302.413298150932,20829.679116092942,22196.413298150932,22541.916174140388,23023.40754617202,23371.780389179927,23885.774637201015,23987.780389179927,25182.994439311722,24462.774637201015,24879.017447227376,25551.130224272187,26550.9829353539,26204.875910288,25115.147480208925,27603.977183374987,27933.22574538026,28191.722869390804,28064.847150393438,27457.75162928536,28492.717117411892,28313.10146437762,28183.852902372353,30057.69410949624,30734.061200525237,30688.682605538415,28656.22574538026,30260.31551450942,29435.332770446155,30005.07845646197,31823.90815962804,29110.83564643561,24352.040455143026,29666.70561345406,28301.977183374987,28708.219993401348,29060.69986147515,28821.196985485694,30435.0439445885,31345.890903691303,32091.342011870547,34649.972658308114,36221.81160289856,27664.345501316024,25048.11070580201,26476.00368073611,20919.40754617202,21127.153232187833,20227.063463058676,21225.803397095577,20819.572091027043,21211.063463058676,23541.14748020892,22786.40179419311,25016.497315301178,24734.25450527482,24087.774637201015,27669.688357517327,24052.03470316411,25191.14172823001,25231.01169524846,24886.27176121156,25217.017447227376,26318.508819259005,26752.243001316994,26999.994439311722,26536.633100261643,28635.214241422436,27622.243001316994,28586.10146437762,28668.34427440398,29024.592836409254,29337.96567941716,28490.214241422436,29609.332770446155,29120.0899604198,28988.971431396076,28452.22574538026,29061.96567941716,29861.327018467244,28786.468555406616,28794.22574538026,26798.74587730645,29591.581332451427,27540.36153034072,28225.338522425067,28542.327018467244,28819.17972954896,31766.234986804644,33752.972658308114,36272.17294194865,27777.21546833447,24219.388027701847,23693.824142477788,20263.40754617202,19760.9219261193,19374.572091027043,20479.05771107976,21405.79189313775,22448.910422161476,22606.531827174655,22969.904670182565,22807.046207121937,23441.283265169383,23728.78614115884,23574.661860156204,22850.306273085036,25237.14172823001,26270.491563322266,25517.01169524846,27632.95992743825,26206.627348282727,26822.870158309088,27403.350026382894,27210.243001316994,27254.243001316994,27021.000191290637,28461.350026382894,29118.69986147515,29384.332770446155,27323.36153034072,28269.485811343355,30315.812638519965,29269.70561345406,29515.084208440887,29237.592836409254,29160.717117411892,29531.084208440887,28207.604340367077,28698.847150393438,25716.14748020892,27895.604340367077,28024.717117411892,27075.35577836181,28318.445547490966,27431.83564643561,32404.69759894172,34885.94389841355,36534.54578495656,26917.978410287025,24887.483548809916,22950.942671501514,20088.289017148294,19301.31777704286,19799.68486807185,19190.092222953237,20062.690620050766,21105.312025063948,23035.0289511852,23470.396042214194,22497.424802108755,22218.18774406131,23896.52032321683,24560.017447227376,24619.650356198377,24040.40754617202,24783.14172823001,24922.39029023528,24178.15898416675,25666.00594326955,26328.875910288,24671.916174140388,28104.34427440398,25549.260257253736,28809.581332451427,28174.10146437762,29522.954175459337,30191.06695250415,29023.841398414523,29575.46280342771,29631.084208440887,29050.462803427705,29703.332770446155,28865.977183374984,27729.367282319632,29125.33852242507,28179.23149735917,27792.491563322266,30746.541068599043,28136.35577836181,27888.847150393438,28173.581332451427,28245.8298944567,29998.653845643854,32827.31325197598,35186.056675458356,37004.02565303036,26916.72409630284,22494.422539575316,22194.219993401348,19260.549083111393,19134.939182056038,20845.531827174655,20146.9219261193,20424.19349604022,21057.306273085036,23874.36153034072,21818.15898416675,23473.898918203653,22959.916174140388,22234.306273085036,22827.79764511666,23649.780389179927,24751.763133243192,25281.757381264277,24880.39029023528,25669.757381264277,25344.260257253736,26565.36153034072,26331.74587730645,27350.35577836181,28185.592836409254,29008.8298944567,28689.214241422436,29357.451299469878,30454.055448546325,28441.350026382894,29659.705613454065,28674.971431396076,29125.34427440398,29492.462803427705,29838.445547490966,28313.858654351265,29776.70561345406,27888.604340367077,27718.864406330176,27875.9829353539,29173.575580472516,27190.22574538026,28333.321266488332,30596.020936672852,33758.16021107878,35308.67808047154,37187.27996701455,23661.79312004979,22577.02093667285,20987.988687332814,19897.65610817729,18980.18774406131,18481.0749670165,20222.312025063948,19273.329281000682,20894.05771107976,20417.0749670165,21620.30052110612,22122.9219261193,23770.367282319632,23662.27176121156,23189.283265169383,23686.531827174655,24805.503067280093,23399.15898416675,24763.384538256367,24379.14172823001,24736.266009232648,25371.378786277455,25629.367282319632,25849.74587730645,26688.858654351265,27081.350026382894,27268.22574538026,28986.439795512055,28033.327018467244,28812.69986147515,29234.569828493604,27854.101464377625,30276.18548152787,28101.847150393438,27777.60434036708,29258.824142477788,28907.824142477788,29132.196985485694,27799.107216356533,28645.587084430343,28560.95992743825,28477.575580472516,26514.485811343355,28931.795382583226,29727.150969654394,29806.87364775456,34116.30523746363,35590.534280998734,23374.65733508933,21954.015184693937,19932.75162928536,18177.430554087667,18570.063463058672,18938.43630606658,19323.814901053403,19182.199248019133,20392.176240103483,19412.32352902177,21009.803397095577,20775.063463058676,20928.1819920824,22459.283265169383,23200.40179419311,23156.52032321683,24009.378786277455,24279.260257253736,26661.682605538415,24608.25450527482,24424.621596303816,25206.36153034072,25034.12447229327,26809.717117411892,26376.734373348627,26878.219993401348,27680.202737464606,27590.581332451427,28185.06695250415,27202.219993401348,28009.70561345406,27787.457051448793,27825.824142477788,28480.196985485694,27888.20848944352,28238.569828493604,29870.7838786254,29338.29825857268,28138.569828493604,27982.196985485694,27218.202737464606,27481.321266488332,27778.925415564776,29924.489300788828,29153.08769788636,31268.842625326564,30429.863370708776,20080.116457780925,18725.84715039344,17847.023199206287,17090.442058045493,15995.96218997169,15984.363792874155,17072.430554087667,20376.621596303816,18527.31777704286,20237.627348282727,20671.283265169383,21576.621596303816,20824.27176121156,21606.25450527482,22860.70561345406,21311.14748020892,23008.852902372353,22183.526075195743,24286.954175459337,22551.248753295906,24540.806886541053,22774.74012532754,26151.87364775456,23969.107216356533,26406.682605538415,25920.202737464606,25253.219993401348,24534.864406330176,26530.8909036913,25576.332770446155,26550.688357517327,25304.847150393438,26490.061200525233,25457.34427440398,26065.07845646197,24765.10146437762,26385.191233506783,26047.191233506783,24828.592836409254,25570.327018467244,24839.338522425067,26776.292506593767,25180.569828493604,25771.13371371766,27862.21773086791,25845.86789577565,24695.336259891632,24871.23272427121,26852.178693927563,26545.3489907615,29427.0429089671,28398.9818997325,28475.846114772037,23426.691846962807,25057.487038255393,33017.782843004,31570.004907648152,31029.874874666602,28831.58831134238,29924.666576513715,35235.8898680699,31240.920890497895,30582.19821239773,32055.16370052426,32743.530791553254,33158.15219656643,32019.938146434633,34135.00490764815,37359.042908967094,37343.782843004,36065.21320580103,36988.08317281948,38242.81160289856,34307.04517150053,33765.920890497895,37702.32023086693,35774.880626645514,40562.75408310944,35481.77360157961,38556.06016490383,38209.70457783266,36585.11768469296,41285.3697361437,35316.27072559016,40217.93362136776,29993.10844326858,36129.756345642876,43984.696563320314,42946.8438522386,40642.01414907254,29594.272988123594,28491.544558044516,31255.97265830811,29074.362757252762,26020.498542213216,46076.550501314065
26,29486.0808469125,17923.34672315818,24485.43838159928,27788.27869525353,30630.12066812497,31308.115690473416,28623.706318557997,30862.544972995067,31976.252147778552,34305.23721482387,31855.403538038365,30516.415152558675,31108.84111664595,31613.69802247207,35073.66815656271,34448.81954682253,37088.937752738624,32778.68972638614,34836.09743908436,32170.263762298855,38740.77972561006,38394.64492752211,38585.36537604309,33461.263762298855,39766.488559610734,42449.32223639624,40465.054299437514,41614.901249960516,41757.04766256877,38815.64492752211,41875.899590743335,42109.32389561343,41411.62501691587,39079.92447900113,41330.90622761208,37715.220622652014,46162.71003848823,39580.34214700247,45750.15591318175,46468.43712387796,43630.45371604982,43109.01945587661,40551.0327296141,34820.21232656608,26811.40685647274,34306.909546046445,13860.381566719094,6376.053496445815,13526.834078281352,18044.523001675792,19946.226858024907,21728.21690272179,22604.927395939652,21265.070490113536,20830.223539590537,22441.785960982954,24517.057216376044,24934.76936881109,26257.04726107293,23283.35336002693,25920.626274637205,27774.185377595255,26672.32681255195,28621.3201756832,26056.912462984972,25665.200310549928,26168.196992115554,27847.043942638556,28736.323494117576,28270.04560185574,26581.62959307158,27348.62461542002,25903.917440636535,28766.752776639227,26963.622956202835,27230.330130986324,27004.053897941674,26472.631252288767,27183.20031054993,28662.461610639897,26970.48483968051,27758.190355246814,26616.48483968051,25845.20528820149,24961.356678461307,28393.040624204183,24994.355019244118,25043.494794983628,24464.065512461977,24681.491476549258,23790.063853244792,20472.21690272179,15015.684347238726,25826.398560386806,17008.363315330043,18969.934032808393,22502.639548374696,23503.065512461977,23153.07878619947,24252.927395939652,25390.922418288093,24286.07380854791,26131.065512461977,26792.915781419353,26335.496454200817,27717.769368811092,26827.777664897025,27744.915781419353,29108.335108637883,31156.323494117576,33403.44999611959,33171.019054380755,29538.76273194235,28166.203628984305,30757.182059160878,29406.195332898373,30956.321834900387,30907.617978551276,29319.483180463325,29652.052238724486,30186.759413507974,30012.338427072253,31972.75111742204,30008.907485333417,30182.193673681184,30577.190355246814,31340.759413507974,30491.905826116235,30429.619637768465,31402.182059160878,30187.050579507304,29281.912462984976,31307.178740726507,30408.04726107293,30629.474884377392,28507.629593071586,29113.76273194235,31597.599727162222,30260.020713597936,23879.8975300303,21470.471565943015,23488.737843684543,27778.87430098968,28384.182059160878,27002.62959307158,25798.06883089635,25837.355019244118,24986.65282211219,25341.65282211219,26896.784301765772,28663.914122202164,28166.922418288097,29015.915781419353,29227.629593071586,28090.06551246198,32122.185377595255,28877.779324114214,31155.048920290115,29515.34672315819,30458.769368811096,30839.909144550606,29862.629593071586,32304.899189247488,30859.196992115558,24014.66609584968,31342.052238724486,29890.20196976712,30963.62295620284,30914.34174550663,30986.198651332747,31875.048920290115,31975.335108637883,32531.04726107292,33139.328471769135,33248.89587081311,32328.052238724486,32718.185377595255,31658.05223872449,32501.045601855738,31406.48152124614,32734.043942638556,33221.8975300303,31759.76605037672,32021.617978551276,32188.043942638556,33382.463269857086,34275.158830120265,33732.83447977721,28923.985870037017,28528.128964210904,28368.877619424053,29038.471565943022,27199.20528820149,26548.784301765772,23811.79923472045,27672.636229940326,26717.92573672247,26659.64950367782,30277.34174550663,27367.93071437403,29927.77600567984,30300.63125228877,30454.63125228877,30825.629593071586,31642.48152124614,29700.210265853046,30272.205288201494,30791.915781419353,28120.790938634513,29312.642866809074,29528.07049011354,33205.90250768186,32384.48152124614,33905.18703681244,37136.30192429415,34380.32681255195,32536.338427072253,32469.48318046333,32253.91578141935,33977.90416689904,34912.32681255195,32710.478202811762,35057.183718378066,33858.47488437739,33549.76439115953,33491.90582611623,33021.19533289837,34084.75775429078,32949.766050376726,33271.04892029011,32975.331790203505,31747.62461542002,33183.75775429078,36556.59474951067,37499.5781573388,37645.68640795177,36007.65488282523,32581.960981779226,30027.731206815795,28733.187036812436,26057.351700809748,25399.930714374026,27490.922418288093,27206.641207591885,28158.77600567984,26548.22353959054,28152.356678461307,28703.35501924412,28362.64452602626,29545.49479498363,28044.937351242774,29979.92407750528,31993.34008628944,29953.211925070238,30537.067171679162,30524.06883089635,30900.779324114206,31063.348382375374,30668.924077505282,30138.784301765772,31646.06053481042,33352.33510863788,31977.774346462655,30880.924077505282,34024.333449420694,32755.05555715886,33386.909144550606,34326.33510863788,33653.62129698564,32931.48318046333,33406.052238724486,33648.48152124614,36131.32183490039,32250.345063941004,34001.33510863788,33676.90582611623,33515.47820281176,32712.34008628944,30818.058875593237,34094.182059160885,33621.7560950736,35549.45995142271,36784.44335925084,37717.122327342164,40217.486900393546,34048.51842552008,30611.15219325152,29442.754435856416,26244.498113418005,25836.07380854791,27523.06551246198,26314.361656112862,26622.359996895677,26790.79425706889,27140.790938634516,28810.355019244118,26125.373270633172,28453.21524350461,29869.496454200817,30175.496454200817,28124.79425706889,30802.063853244792,30322.070490113536,31965.345063941004,30892.348382375374,29988.646185243444,29681.78927941733,30586.782642548587,31658.920759070905,30236.213584287423,32509.915781419357,32968.48483968052,32938.05721637605,30964.353360026933,35148.76107272516,31781.063853244792,31719.77932411421,34446.61797855127,33333.34008628944,34623.76107272516,31914.058875593237,33651.90748533342,33846.0505795073,32061.489817332073,35146.32681255195,34177.04062420418,33039.331790203505,35639.45829220552,37605.4367223821,37801.120668124975,41557.05927708908,34651.802954650666,31758.00743986045,28708.90084846467,25225.356678461307,26656.782642548584,26098.646185243444,27034.927395939652,27166.503091069564,26353.225198807726,27637.35833767849,28642.49977263519,27896.9340328084,27504.22353959054,29188.07214933073,27991.07712698228,28380.077126982284,30948.20528820149,28465.937351242774,29060.790938634516,29710.930714374026,31741.776005679843,30380.639548374707,28998.220221156167,29893.07214933072,30579.782642548587,35370.3201756832,31828.2036289843,32174.49147654926,30271.35667846131,31557.92241828809,30298.215243504612,31313.637889157515,32261.774346462655,31878.49147654926,34011.333449420694,32867.48483968051,32895.48483968051,33163.48318046333,33329.33842707226,33961.33510863788,33532.62129698565,33738.3201756832,33376.333449420694,33205.90250768186,35033.17708150932,35903.1671262062,40243.10241673593,42900.47860430761,34689.230577955124,32781.13726029684,29764.03398733543,27112.920759070905,25496.504750286746,22713.809190023563,25385.93901045996,26678.0754677651,27358.077126982284,27245.506409503934,28390.501431852375,26927.225198807726,29751.922418288093,26177.088741502586,29644.35501924412,29116.35833767849,30118.211925070234,29956.929055156837,30464.06717167916,30696.639548374704,29524.356678461307,29504.927395939652,30319.927395939656,29603.499772635187,32418.058875593237,31157.924077505286,31233.77766489703,31699.35004159256,36236.742821336105,31397.063853244796,32322.77268724547,32987.62461542002,30993.77932411421,32612.345063941008,31611.63291150596,32232.489817332073,33065.910803767794,33128.772687245466,34631.331790203505,33693.04892029011,32852.90748533342,31961.771028028284,32468.47820281177,35312.60138637941,38279.29030977385,39911.391923518066,42954.47196743887,33409.52506238883,30606.153852468702,29894.03398733543,27589.488158114887,26576.353360026933,25542.506409503934,25654.22353959054,26031.080445416657,27956.07049011354,27514.647844460633,27788.220221156167,29801.348382375378,26928.65448132938,28021.647844460633,27698.509727938308,29711.782642548584,28224.36331533005,31315.919099853723,28488.93237359121,29244.642866809074,28570.078786199472,28283.506409503938,30978.065512461977,30662.210265853046,31809.063853244792,30910.63622994033,30404.92573672247,32302.34340472382,31481.48981733207,31893.919099853727,31022.636229940326,29024.35999689568,31224.20860663586,34583.331790203505,30938.63788915751,30480.784301765776,31255.493135766443,34553.61631933409,33646.76605037672,33520.48152124614,32084.060534810425,31578.20196976712,31703.771028028284,33505.47488437739,34778.03232811825,38250.00246220888,39780.6814303002,43644.03604804847,35451.65322360804,30852.00743986044,29324.46658829146,27195.491476549258,25992.359996895677,24880.085423068216,25762.363315330054,27099.072149330725,27850.355019244118,26595.07878619947,28605.639548374704,27982.647844460633,27681.9340328084,28163.49645420082,28201.792597851705,28855.930714374026,28671.934032808404,29236.215243504612,28117.65282211219,30401.780983331395,29597.359996895673,31496.63457072314,29193.79093863452,35892.45995142271,31495.35004159256,30790.639548374704,30384.782642548584,30974.20860663586,31570.63457072314,30487.496454200817,31706.493135766443,31081.206947418676,29642.501431852375,30262.785960982957,31472.63457072314,31747.63291150596,32525.77268724547,33059.6279338544,32359.91744063654,33029.053897941674,31462.488158114884,30812.632911505956,33441.330130986324,35704.88591550999,39200.563224384125,39952.250488561374,43848.896272308964,32802.95766334485,31129.435063164907,29338.325153334765,26680.063853244792,25872.64452602626,27062.067171679166,25126.654481329377,27103.92905515684,27580.499772635187,25913.085423068216,28777.92573672247,28061.501431852375,27116.65282211219,27636.647844460633,29924.78098333139,29131.785960982957,30114.7809833314,30482.21026585305,28902.78927941733,30149.067171679166,28567.07712698228,30299.924077505282,29886.78596098296,29150.932373591215,32858.33842707226,29294.504750286746,31008.922418288093,30917.636229940323,31157.063853244796,30914.068830896347,31765.34838237537,30688.070490113543,30504.355019244118,31648.777664897025,32114.060534810418,31311.636229940326,33404.48152124614,33389.910803767794,32056.06053481042,31028.777664897032,31733.34672315819,31691.345063941004,32462.195332898373,35066.3201756832,37175.29694664259,39608.969277865166,44660.02941117973,34356.08416534687,30669.866004903743,29211.040624204183,26710.206947418676,25496.359996895677,24889.36829298161,25454.080445416657,27052.930714374026,28888.063853244792,25707.942328894333,27873.64452602626,28300.785960982957,28322.35833767849,27986.220221156167,29644.92573672247,29884.63788915751,29655.21026585305,25905.51802402424,28930.789279417324,30625.49313576645,30497.496454200813,30483.06883089635,29848.639548374696,30344.351700809748,30509.351700809748,31270.208606635864,30395.92573672247,30584.353360026926,30902.351700809748,31755.632911505956,31543.348382375378,30600.351700809744,30686.925736722475,29162.364974547236,30555.35336002693,32415.914122202164,31600.48981733207,30828.355019244118,33140.48318046333,32089.345063941,32473.769368811092,31210.06385324479,30568.34838237537,33182.89918924749,34232.7560950736,36670.874300989686,40608.95766334486,45074.31228109312,34154.37035369464,30909.435063164907,29766.3201756832,26676.34672315819,25619.075467765095,26798.782642548584,26228.363315330054,27384.498113418005,28440.922418288097,27959.216902721797,28043.64452602626,30676.909144550606,29762.77600567984,30872.20031054993,29340.782642548584,28938.21524350461,29494.355019244118,30631.922418288093,31701.345063941008,29368.50143185238,29866.498113418005,31700.06053481042,31358.77434646266,30204.64120759189,29811.216902721797,30803.20860663586,30573.355019244118,29959.21358428742,33731.04062420418,32197.48815811489,29797.0754677651,31655.776005679836,31670.34672315819,32047.203628984305,32513.774346462655,31947.77600567984,32383.201969767117,31831.34672315819,32023.77268724547,31169.77766489702,32187.912462984983,31836.627933854405,35514.744480553294,37160.58313499036,39399.969277865166,42423.47860430761,32953.09743908436,30726.436722382095,23975.359996895677,27829.769368811092,26792.776005679836,25244.07712698228,26129.07380854791,26717.642866809074,28128.494794983635,27463.35833767849,27851.356678461307,27574.218561938982,28448.07049011354,27312.07878619947,27888.79093863452,29958.919099853723,28916.213584287423,29966.065512461984,30086.922418288093,29445.785960982957,31031.345063941008,30067.782642548587,31188.06385324479,29302.49977263519,31507.905826116235,30879.922418288093,30993.06717167916,31170.491476549258,30806.210265853046,33090.196992115554,33169.62295620283,30965.636229940323,31179.777664897025,27432.654481329377,30652.780983331395,32797.20031054993,30494.49645420082,30012.356678461307,30997.21026585305,31629.06053481042,31862.34174550663,31218.488158114887,32134.61631933409,33608.89918924749,37492.153852468706,38508.40685647274,44707.45703448419,33102.52340317164,30202.155511685887,29911.885915509985,26302.776005679836,26723.35004159256,25696.93237359121,24712.08210463384,25182.943988111518,25297.0754677651,26802.363315330054,26521.07878619947,27487.216902721797,26207.79757550326,27970.93071437403,28054.789279417328,29006.784301765772,28866.356678461307,29407.211925070238,29998.494794983628,30231.35004159256,29766.7809833314,30846.632911505956,30534.634570723145,31289.058875593233,30528.63622994033,30595.7809833314,30473.637889157515,30902.20694741868,31835.774346462655,31974.484839680514,34102.76107272516,31434.77766489702,32545.91246298498,28835.64950367782,30654.21026585305,32156.486498897706,30633.496454200817,30145.070490113543,29780.073808547906,31470.92075907091,29337.7925978517,30486.49479498363,31298.91412220217,32107.195332898373,33207.4732251602,36656.72788838143,40029.1057351703,43842.894613091776,33307.807932302225,29588.87430098968,29910.02735046668,28404.757754290786,26864.627933854397,25904.780983331395,25890.64452602626,26028.220221156167,26458.50309106956,25159.79923472045,25966.651162895007,26461.221880373356,28113.21358428742,28318.785960982957,28701.92573672247,29381.491476549265,24454.66609584968,30940.4864988977,30423.345063941004,30147.206947418676,30302.77766489702,29053.642866809074,30586.06219402761,31237.629593071586,30322.6395483747,30839.919099853723,31183.776005679836,32068.34340472382,32507.34008628944,31672.915781419353,31618.632911505956,31867.914122202164,31828.919099853727,31910.484839680517,32199.20196976712,31370.205288201494,30160.92905515684,31919.917440636542,32438.627933854405,31210.491476549258,30421.925736722467,30244.065512461984,31579.484839680517,30565.203628984305,34768.46326985709,37675.29694664259,38967.826183691286,41584.766451872565,32698.81290995378,29418.583134990353,29332.316857248825,27075.055557158863,27030.62959307158,24842.651162895007,27753.91744063654,25984.07712698228,26019.787620200143,26895.93237359121,26932.50475028675,26340.22353959054,28345.211925070238,27254.363315330054,28298.35833767849,28706.787620200143,30174.348382375378,29238.06717167917,30255.919099853723,30613.774346462655,29707.210265853046,31591.7693688111,29525.924077505282,30234.210265853053,31307.20196976712,32303.196992115558,29897.358337678495,31924.200310549935,32976.76439115953,32629.48318046333,32624.05389794167,31467.77600567984,30580.636229940326,31219.491476549258,32231.198651332743,31623.062194027603,30531.21026585305,30421.927395939656,30690.496454200813,30815.636229940326,30226.206947418676,31075.6279338544,31471.196992115554,32490.76439115953,36567.15717090308,39272.53833612632,41814.76479265538,31570.395241952436,29401.012417512004,29533.741162118917,26905.910803767787,25005.499772635187,26335.488158114884,24023.795916286075,25928.21524350461,25594.7925978517,25827.937351242774,26663.0754677651,26613.93569202559,27517.21524350461,27379.504750286746,28566.06717167917,27968.072149330725,22997.958921066194,28372.785960982957,29717.634570723145,29621.924077505282,29535.496454200813,30123.35170080975,28702.78927941733,29716.639548374704,30040.92075907091,30207.493135766446,31801.20031054993,32148.05555715886,31979.77268724547,32783.053897941674,31281.77434646265,33791.61963776846,32255.20031054994,31129.205288201494,30510.35336002693,31558.91909985372,27263.79425706889,31679.77434646265,30314.780983331395,30235.21026585305,30881.63457072314,30162.63457072314,31936.91080376779,34587.461610639904,34877.59474951067,37845.11900890779,41703.4802635248,32337.386945866503,29142.86932333812,29163.601386379407,26303.772687245466,25363.496454200817,24205.36331533005,24607.651162895007,26045.498113418005,25284.366633764424,27149.92075907091,26409.789279417328,24667.80255315482,27014.789279417328,28949.77600567984,27591.641207591885,26925.07878619947,27626.93237359121,28059.503091069564,28037.07380854791,29977.348382375374,29607.779324114214,29609.35336002693,29241.498113418,29978.208606635864,31109.62959307159,30546.350041592566,31062.205288201487,32844.76439115953,31684.629593071582,33005.90748533342,32362.767709593907,32729.48152124614,31004.203628984305,31222.348382375374,32005.20196976712,31752.77434646265,30123.35004159256,30311.6395483747,30883.779324114206,30618.348382375374,29722.356678461307,31299.77268724547,32592.762731942345,33258.183718378066,37213.153852468706,37191.6947040377,42415.046003351585,30650.258784647296,28819.303583511333,27485.04560185574,23743.35833767849,22877.08210463384,24502.64784446063,25909.21026585305,24998.930714374026,24243.516364807052,25635.07878619947,26340.784301765772,25172.943988111518,27291.785960982957,25755.513046372682,27749.21358428742,26708.508068721123,28188.21524350461,26386.083763851027,28184.642866809074,28520.216902721797,28494.216902721793,31549.76605037672,30818.91744063654,29335.21026585305,29746.21026585305,29816.6395483747,31091.058875593237,30776.348382375374,25766.090400719775,32079.34174550663,31777.34340472382,31943.058875593237,32516.62295620284,31650.63125228877,32019.771028028284,30870.351700809748,31343.491476549258,30393.067171679162,30844.77766489703,30363.353360026926,29001.503091069557,30738.063853244792,29743.63788915752,30958.627933854397,33487.183718378066,34780.024032032314,36027.706318558005,39590.77806639287,30986.393582735247,30450.28533212228,27722.614660116902,25548.62959307158,23036.94066967714,24371.9340328084,24004.65282211219,24008.940669677144,25295.64950367782,23885.376589067542,24479.516364807052,24704.231835676474,25690.083763851027,25914.79425706889,26526.508068721123,26938.21358428742,28049.499772635187,27414.220221156167,27844.503091069564,28969.211925070238,28054.647844460633,28720.644526026255,28507.21524350461,27098.371611415983,28913.64452602626,30337.77932411421,30902.915781419353,30087.067171679166,29780.353360026926,30501.63788915752,31410.06053481042,31371.777664897025,31723.345063941,32208.053897941678,31400.776005679843,32208.77102802828,31571.201969767124,31995.198651332747,29847.211925070234,29173.50309106956,29713.21358428742,29497.639548374704,31215.629593071586,30104.206947418676,32009.617978551276,34543.31022038008,37768.83282056003,39943.347124654036,30486.546632212252,28949.00909907763,25854.34008628944,23918.930714374026,24091.64452602626,24341.356678461307,22238.948965763077,24647.93901045996,23063.807530806378,24069.231835676474,24564.800893937634,24786.51304637268,25358.942328894336,25935.509727938308,25426.087082285405,26616.506409503934,26151.79757550326,27131.7925978517,27139.7925978517,27671.218561938982,27632.36497454724,25661.948965763077,28908.356678461307,28798.49977263519,29957.350041592563,30669.06053481042,29996.35336002693,24977.238472545218,31259.489817332073,31034.348382375374,31043.06219402761,30509.493135766443,30177.780983331395,30873.491476549265,31700.486498897702,31458.058875593237,30006.784301765772,29236.784301765772,28747.646185243444,29279.499772635187,29735.496454200817,30024.35004159256,29454.9224182881,32801.04228342137,34536.58811264192,37445.119008907786,36529.5167663029,30606.68308951739,27661.5897718591,24590.920759070905,21944.374929850354,22399.79923472044,21957.235154110844,21529.383225936283,22631.235154110844,23040.807530806378,23558.090400719775,24121.66111819812,24603.516364807052,24561.66111819812,25888.506409503934,25044.516364807052,25498.085423068216,26310.65282211219,27177.216902721793,26817.79425706889,25749.087082285405,28002.072149330725,28438.785960982957,28924.213584287423,28750.07049011354,28201.937351242774,29219.068830896354,29023.92905515684,28953.21524350461,30818.48981733207,31496.915781419357,31384.200310549935,29298.785960982957,31028.774346462655,30389.20860663586,30711.350041592563,32616.335108637886,29847.780983331395,25117.664436632498,30474.77932411421,28971.072149330725,29355.64120759189,30034.63457072314,29336.06219402761,31217.48152124614,32289.90084846467,33005.17044464057,35813.41681177587,37631.3637168259,28691.987529254206,25689.890893161548,27039.46824750865,21503.09040071977,21651.23183567647,20722.243450196773,21925.240131762403,21324.96058028338,21885.243450196773,24047.0870822854,23199.9456473287,25574.07878619947,25185.509727938308,24680.516364807052,28310.345063941,24586.519683241426,25704.942328894333,25874.940669677144,25360.943988111518,25770.085423068216,26976.36829298161,27514.220221156167,27831.506409503934,27290.225198807726,29249.49645420082,28284.22022115617,29202.929055156837,29611.498113418005,29760.211925070238,29965.782642548587,29285.49645420082,30311.20860663586,29880.639548374707,29547.927395939656,29241.785960982957,29613.782642548584,30569.063853244792,29461.355019244118,29381.78596098296,27440.7925978517,30307.92241828809,28338.93237359121,28928.353360026937,29238.063853244792,29813.6279338544,32682.747798987668,34918.41681177587,37781.64492752211,28667.98587003702,25207.328471769135,24389.491476549258,20854.09040071977,20405.952284197447,19920.96058028338,21067.098696805704,22002.950624980258,22927.66277741531,22981.947306545888,23570.51802402424,23402.809190023563,24045.23349489366,24334.805871589193,24093.948965763077,23520.812508457937,25827.942328894333,27080.9340328084,26211.940669677148,28456.637889157515,26879.080445416657,27551.64950367782,28280.642866809074,28009.220221156167,27975.220221156167,27854.65116289501,29308.642866809074,29980.63457072314,30137.208606635868,27808.932373591215,28983.789279417324,31019.201969767124,29972.77932411421,30031.49479498363,29806.211925070238,30015.06883089635,30461.494794983628,29065.50143185238,29578.070490113536,26160.087082285405,28755.501431852375,28794.06883089635,27921.787620200143,29233.77600567984,28268.780983331402,33467.3069019457,36156.69304482051,38213.215645000455,27929.56156516693,25431.461610639897,23712.2036289843,20596.378248284724,19865.102015240074,20425.527979327355,19715.967217152123,20647.672732718424,21644.957261849006,23528.374929850354,23877.80089393763,22995.52466089298,22625.100356022893,24548.65779976375,25087.085423068216,25234.65945898094,24705.090400719775,25377.942328894333,25647.65614054656,24921.376589067542,26329.795916286075,27123.79425706889,25267.807530806378,28837.498113418005,26304.65448132938,29907.922418288097,28921.929055156837,30436.493135766443,31091.06053481042,29634.925736722467,30206.21026585305,30302.494794983628,30022.210265853046,30409.208606635857,29567.07214933072,28268.077126982284,29936.35336002693,28848.930714374026,28422.934032808404,31493.909144550606,28797.787620200143,28622.07049011354,28906.922418288097,28895.63622994033,31145.47654359458,33801.44667768522,36547.26044386449,38636.20900813171,27998.703000123623,23300.196992115554,22763.641207591885,19985.381566719097,19894.38654437066,21337.947306545888,20690.952284197447,20792.24510941396,21595.812508457937,24504.93237359121,22539.376589067542,24250.37327063317,23542.807530806378,22949.812508457937,23210.095378371334,24244.66111819812,25589.22685802491,25906.082104633842,25583.65614054656,26399.082104633842,25842.654481329377,27231.93237359121,26981.7925978517,28054.787620200143,28977.211925070238,29554.636229940326,29359.496454200817,30172.920759070905,31421.771028028284,29013.64286680907,30136.779324114214,29638.92739593965,29798.498113418005,30170.210265853053,30636.77600567984,29030.359996895673,30458.779324114214,28566.501431852375,28484.50475028675,28619.2169027218,29813.77766489703,27933.785960982957,29239.919099853723,31437.902507681858,34674.86600490375,36208.54497299506,38682.06757317501,24528.44004081647,23197.902507681854,21631.361656112862,20353.804212372004,19386.10035602289,18939.53295697891,20553.957261849006,19748.391522022215,21367.098696805704,20810.532956978914,22279.66775506687,22660.952284197447,24603.07712698228,24267.943988111518,23749.233494893655,24212.947306545888,25494.22353959054,23813.376589067542,25558.511387155493,24959.942328894333,25475.79923472045,26058.366633764424,26371.077126982284,26350.7925978517,27472.359996895677,27764.642866809074,28215.785960982957,30011.631252288767,28607.063853244792,29672.634570723145,30149.632911505956,28576.92905515684,30957.772687245466,29002.07049011354,28571.501431852375,30339.491476549254,29752.491476549258,29820.06219402761,28470.07380854791,29444.067171679166,29312.637889157515,29332.77766489703,27314.78927941733,29948.767709593907,30450.904166899047,30629.46658829146,35427.97425551672,37133.92613821832,24218.29362820821,22672.757754290786,20634.93735124277,18856.66941428405,19158.243450196773,19516.81416767512,19659.52963854454,19829.38986280503,20972.81084924075,19946.246768631143,21472.240131762403,21311.243450196773,21418.95560263182,23006.233494893655,23743.945647328703,23748.65779976375,24687.366633764424,24720.654481329377,27283.20031054993,25117.509727938308,25193.93569202559,25893.93237359121,25596.508068721123,27538.06883089635,27184.50309106956,27482.641207591885,28304.20694741868,28270.922418288093,28936.06053481042,27728.64120759189,28773.779324114214,28489.06551246198,28875.491476549258,29230.06219402761,28678.351700809748,29065.632911505956,30661.478202811766,30038.34008628944,28808.632911505956,28675.062194027607,27889.206947418676,28345.919099853723,28644.769368811092,30986.606364030966,30085.311879597266,32386.415152558675,31636.666497345523,20826.035646552617,19456.070490113532,18211.230176459278,17800.95892106619,16488.965557934935,16499.26004236863,17569.66941428405,20959.93569202558,18994.102015240074,20720.08044541665,21206.233494893655,21991.935692025585,21266.943988111514,22181.509727938304,23707.779324114206,21902.087082285398,23623.21524350461,22945.802553154816,24835.493135766443,22992.364974547236,25356.057216376044,23515.64784446063,26666.466588291456,24539.07380854791,27187.20031054993,26779.206947418676,25855.641207591885,25049.504750286746,27230.90084846467,26170.20860663586,27235.345063941,26122.07049011354,27266.915781419353,26213.498113418005,26651.35004159256,25482.92905515684,27085.917440636535,26726.917440636535,25529.211925070234,26069.063853244792,25654.353360026933,27346.195332898373,25791.632911505956,26430.469906725833,28671.31353881445,26704.321834900387,25504.025691249495,25784.420130210226,27922.789680913167,27370.804613867847,30642.643268304913,29240.37864978057,29204.23223717231,24324.162148554635,25710.27869525353,33938.63994987054,32389.957663344852,32026.956004127664,29687.55658751537,30869.255466212926,36032.06259552346,31806.114031256227,31585.551609863815,32918.68308951739,33586.10905360467,34018.39358273525,32664.54829142944,35106.95766334485,38172.64326830491,38462.63994987054,37103.6582012596,38028.65654204241,39468.3637168259,35054.97093708234,34684.11403125623,38863.080846912504,37001.10075751874,41592.9161829152,36305.678111865825,39600.077528478134,39093.94107117299,37500.525062388835,42484.0559586547,36499.1057351703,41221.89295387459,31106.563224384117,37267.24385169262,45298.4686490045,44209.90456839489,42025.91950134957,30257.43340394772,29209.726229164236,32017.41681177586,29965.42178942742,26826.56820203567,48028.52214545032
27,28882.662249172346,17415.333886990717,24128.308696684802,27213.98560172314,29984.79295274361,30671.4016147972,28336.911061161918,30525.457520218115,31232.89846600896,33360.724452169736,31519.569331059945,29897.4824529349,30605.27746639154,31091.258831251238,34534.91080357279,33777.581668623774,36297.643614032044,32275.606601340558,34381.96670899371,31573.811587883916,38073.450965052514,37741.084559822884,37903.56907347082,33098.811587883916,39374.02235682549,41496.177477935285,39841.575113458166,40968.77380242504,41082.05332952962,38126.084559822884,41139.64335644291,41419.30792391741,40895.51920803725,38450.60004617495,40808.16514037145,37131.419992348376,45376.97223380279,39139.74282972091,45035.33259904507,45617.97853137927,42983.28299120063,42207.83574783331,40071.8793156904,34053.767762437696,26384.83022302422,33822.42603233573,13574.073252615572,6321.974552104957,13384.955401786396,17839.961441773743,19613.141495600314,21420.3588197075,22325.060657462618,20940.079292602924,20491.880603636044,22016.17246830445,24126.035724745834,24506.86800848309,25768.253048853017,22904.855670919264,25462.849373342782,27275.880346046913,26245.768535205083,28083.24675127654,25522.886643623395,25113.05435988614,25760.793467921867,27108.992156888744,28345.507643240813,27724.122602870884,26389.110265307056,26731.71892736065,25521.2779815698,28311.56354866173,26440.58848137851,26801.029427169356,26670.774832781564,25996.24071128919,26787.05435988614,28165.13494043471,26501.961184184613,27609.271683993324,26346.961184184613,25427.445697832547,24621.116562883533,27882.731264924474,24656.986116901397,24527.74386007743,24103.687954656514,24234.48296811316,23370.557508674377,20320.3588197075,14873.414982717544,25351.17799311354,16748.638346812077,18668.58244139116,22195.89294119987,23191.687954656514,22785.731522513604,23753.060657462618,24968.669319516208,23737.340184567194,25711.687954656514,26526.147535587665,25949.874306059566,27384.86800848309,26527.52023839377,27194.147535587665,28630.420765115763,30532.507643240813,32682.22181855976,32713.035467156707,29083.346224554545,27751.315251850414,30135.619454082644,29085.663021939734,30515.377197258676,30391.197143432102,29007.83073820248,29297.644386799424,29523.08533259027,29747.681657080037,31519.43310267959,29580.495305676985,29852.532575957594,30172.271683993324,30974.08533259027,29933.364859694848,29910.32758941424,31004.619454082644,29677.51394081729,28832.886643623395,30923.358562118374,30000.253048853017,30101.1785082918,28102.110265307056,28771.346224554545,31216.76223762861,29818.165913138844,23544.712629784168,21218.917616327526,23250.389534822505,27622.886386034264,27789.619454082644,26570.110265307056,25393.948846620784,25276.986116901397,24514.93650905696,24958.93650905696,26655.042022322312,28141.017089605528,27715.669319516208,28485.147535587665,28869.110265307056,27976.687954656514,31443.880346046913,28315.650684375905,30718.383494835154,29034.333886990717,30190.86800848309,30513.62575165912,29527.110265307056,31847.843075766305,30537.793467921867,23639.98007691405,30707.644386799424,29566.184805868274,30489.58848137851,30589.94254904431,30500.923913904004,31502.383494835154,31514.420765115763,32023.25304885302,32693.89898118722,32846.582183802035,31729.644386799424,32391.880346046913,31262.644386799424,31970.122602870884,30983.700292220343,32441.992156888744,32790.71262978417,31191.60711651882,31616.197143432102,31886.992156888744,33121.265386416846,33964.79321033274,33422.755682463,28860.426547513984,28152.44518265429,28018.147277998534,28561.917616327526,26843.445697832547,25984.042022322312,23519.216036161535,27314.6320492356,26425.93021148048,26110.67561709269,29658.94254904431,27031.321549426888,29428.38979241163,29792.24071128919,29987.24071128919,30450.110265307056,31242.700292220343,29206.837035778954,29955.445697832547,30369.147535587665,27703.56380625086,28840.153833164142,28998.079292602924,32590.103967730578,31886.700292220346,33419.010792029054,36466.81184547304,33915.76853520508,32154.68165708004,31887.83073820248,31811.147535587665,33297.234413712715,34259.76853520508,32387.439400256073,34421.74990006478,33279.1785082918,32994.47667053668,32863.36485969485,32398.663021939734,33483.95488660814,32406.607116518815,32643.383494835158,32608.159873151497,31436.71892736065,32703.95488660814,35910.370899682195,37086.066439860835,37221.345709376285,35783.867235715705,32279.46985778194,29707.867750893958,28471.010792029054,25833.725224937123,25111.321549426888,26950.669319516208,26858.023387182006,27962.38979241163,26007.880603636044,27808.116562883533,28357.986116901397,27898.28427914628,29023.74386007743,27609.843333355435,29585.79976549835,31365.812103062173,29406.967481761098,29826.81840063865,30110.94884662078,30509.650684375905,30622.464332972853,30154.799765498352,29724.04202232231,31358.296616710104,32832.42076511576,31512.259346429495,30536.79976549835,33583.29031913363,32472.905278763694,33054.62575165912,33791.42076511576,33181.458035396376,32501.83073820248,32901.644386799424,33325.70029222034,35778.37719725868,31976.203441008587,33585.42076511576,33283.36485969485,33109.43940025607,32215.81210306217,30425.16617072797,33607.61945408264,33113.824440626,34934.00449445257,36133.70003463121,37501.92339872575,39972.891910843355,33860.37038450394,30172.271426404193,29006.693994643865,25910.004752041703,25382.340184567194,27067.687954656514,25719.507900829944,26122.377454847803,26243.82469821513,26743.56380625086,28339.986116901397,25781.421022704893,27910.228373725364,29340.874306059566,29616.874306059566,27753.82469821513,30482.557508674377,30079.079292602924,31441.203441008583,30399.46433297285,29506.414725128412,29264.433360268722,30205.911576340182,31392.53887353408,29794.097927743227,31997.147535587665,32712.96118418461,32392.03572474583,30578.85567091926,34632.21577857241,31297.557508674377,31308.650684375905,33955.1971434321,32967.81210306217,34078.21577857241,31483.166170727975,33354.49530567699,33276.51394081729,31486.35252213102,34444.76853520508,33794.73126492447,32544.159873151497,35300.87404847044,37305.178250702666,37503.792952743606,41235.96645140457,34336.277208802414,31165.122345281754,28281.97352174844,24983.116562883533,26359.91157634018,25941.414725128416,26419.060657462618,26641.396089988113,25870.01104961818,27208.24700886567,28176.13519802384,27546.58244139116,27077.880603636044,28658.209738585057,27610.601076531468,28067.601076531468,30502.44569783255,28045.843333355435,28544.563806250855,29178.321549426888,31408.38979241163,30081.892941199872,28571.61971167177,29314.209738585057,30259.91157634018,35024.24675127654,31244.315251850418,31811.48296811316,29750.116562883533,31163.669319516208,29978.228373725364,30821.76249521774,31752.259346429502,31577.48296811316,33553.29031913363,32357.961184184613,32501.961184184613,32782.83073820248,32850.68165708004,33438.42076511576,32862.458035396376,33243.24675127654,33078.29031913363,33215.10396773058,34792.228116136226,35398.44544024342,39628.35804694011,42492.239680932675,34175.202668241196,32321.09741256497,29358.20948099593,26615.538873534075,25094.526535970246,22345.998712054352,25018.973779337568,26515.47063054933,26877.601076531468,26720.656981952383,27984.265644005973,26336.01104961818,29192.669319516208,25811.514198406418,29227.986116901397,28623.24700886567,29662.967481761094,29381.191103444755,29992.81840063865,30157.89294119987,29331.116562883533,29020.060657462618,29837.060657462618,29273.135198023836,31879.166170727967,30508.79976549835,30756.52023839377,31243.594778954986,35870.78087276891,31047.557508674377,31883.128900447355,32583.718927360645,30471.65068437591,32167.20344100858,31319.37115727133,31769.35252213102,32609.756197641254,32697.128900447355,33960.1598731515,33106.38349483516,32184.495305676985,31305.998454465225,32086.43940025607,34810.89268361074,37618.89872359809,39697.65620918499,42746.71789700413,33118.89216843249,30076.40187238633,29497.20948099593,26924.222076148886,26077.855670919264,25166.656981952383,25101.880603636044,25545.861968495738,27494.079292602924,27050.54517111055,27439.61971167177,29412.464332972853,26452.066955039096,27643.54517111055,27189.917873916653,29418.911576340182,27580.638346812077,30891.408427551938,28149.45199540903,28927.153833164142,28023.731522513604,27815.656981952383,30346.687954656514,30086.837035778954,31160.557508674377,30673.632049235595,29994.930211480485,31866.07299502644,31161.35252213102,31351.408427551938,30673.632049235595,28730.377454847807,30883.706589796817,34102.1598731515,30515.762495217732,30114.042022322312,30918.613414095296,33942.06669744997,33288.60711651882,32948.70029222034,31606.296616710104,31039.184805868277,31156.99845446522,33037.1785082918,34284.0790350138,37769.731007335344,39411.95437142988,43348.14020765467,35089.736789733564,30443.122345281754,28843.52627838112,26750.48296811316,25526.377454847803,24282.253306442148,25372.638346812077,26765.209738585057,27554.986116901397,26138.731522513604,28169.89294119987,27343.54517111055,27230.58244139116,27680.874306059566,27715.694252232992,28316.321549426888,28233.58244139116,28722.228373725364,27821.936509056955,29810.781130358035,29090.377454847803,30879.50160325346,28670.56380625086,35450.00449445257,31120.594778954986,30374.89294119987,29889.911576340182,30389.706589796817,31044.501603253462,30288.87430605957,31387.613414095296,30314.57614381468,29250.26564400597,29811.17246830445,31101.50160325346,31384.371157271333,32067.12890044736,32478.97981932492,31602.277981569798,32546.774832781564,31151.222076148886,30541.371157271333,32931.02942716936,35364.79950790922,38662.892426021615,39514.76802002682,43578.38246447864,32716.20896581767,30754.047804720532,28838.63808922295,26216.557508674377,25327.28427914628,26359.81840063865,24719.066955039096,26876.191103444755,27230.13519802384,25492.253306442148,28152.93021148048,27637.265644005973,26535.93650905696,27308.54517111055,29289.78113035804,28800.17246830445,29747.781130358042,29940.837035778954,28596.433360268715,29816.818400638647,28130.601076531468,29949.79976549835,29378.172468304452,28545.45199540903,32291.681657080037,28975.526535970246,30561.669319516204,30450.6320492356,30747.55750867438,30448.948846620784,31288.464332972857,30116.079292602924,30092.986116901397,31221.520238393772,31705.296616710104,30905.6320492356,32970.70029222034,32979.756197641254,31784.296616710104,30594.52023839377,31151.333886990713,31140.203441008583,31989.663021939734,34680.24675127654,36771.420507526636,39284.12208769262,44387.618423726126,33973.92314113662,30191.23415612358,28571.731264924474,26242.576143814684,24953.377454847803,24395.029684758483,24812.861968495738,26540.321549426888,28363.557508674377,25252.23467130184,27352.28427914628,27811.17246830445,27936.24700886567,27490.61971167177,29190.93021148048,29311.762495217736,29136.837035778954,25523.570103827333,28476.43336026872,30107.613414095293,29949.87430605957,30024.94884662078,29427.89294119987,29938.725224937123,29945.725224937123,30762.706589796824,29834.93021148048,30268.855670919267,30313.725224937123,31371.37115727133,31079.464332972853,30130.72522493712,30242.93021148048,28600.768792794213,30142.855670919267,31892.017089605528,31111.35252213102,30402.986116901397,32717.830738202476,31745.20344100858,32068.86800848309,30530.557508674377,30198.464332972853,32941.8430757663,33858.824440626,36362.88638603427,40368.20896581767,44778.394802042465,33784.960411417225,30219.047804720532,29376.24675127654,26162.333886990717,25121.47063054933,26229.91157634018,25647.638346812077,27016.004752041703,28165.669319516208,27355.3588197075,27519.28427914628,30019.62575165912,29182.38979241163,30296.05435988614,28983.91157634018,28527.228373725364,29120.986116901397,30171.66931951621,31178.203441008583,28776.265644005976,29544.004752041707,31192.296616710108,30852.2593464295,29794.023387182006,29364.3588197075,30467.70658979682,30026.9861169014,29377.09792774323,33048.73126492447,31587.222076148886,29738.47063054933,31145.38979241163,31064.333886990717,31466.315251850418,32080.2593464295,31510.38979241163,31996.184805868274,31225.333886990717,31612.128900447362,30688.520238393765,31743.886643623395,31297.97981932492,35083.91131875105,36912.45777780724,39147.12208769262,42132.239680932675,32458.966708993707,30043.17825070267,23555.377454847803,27294.86800848309,26368.38979241163,24891.601076531468,25674.340184567194,26308.153833164142,27691.74386007743,27015.24700886567,27292.116562883533,27036.489265689634,28100.079292602924,26739.731522513604,27483.56380625086,29524.408427551938,28552.097927743227,29651.687954656514,29732.669319516208,28915.17246830445,30625.203441008587,29420.911576340182,30733.557508674377,28826.13519802384,30998.364859694848,30561.669319516204,30295.81840063865,30934.48296811316,30378.837035778954,32545.793467921867,32648.58848137851,30357.6320492356,30732.52023839377,26936.066955039096,30329.78113035804,32041.054359886137,29963.874306059566,29549.116562883533,30406.837035778954,31028.296616710108,31153.942549044314,30885.222076148882,31763.06669744997,33073.8430757663,37187.40187238633,38031.83022302422,44266.54388316491,32677.76172245035,29794.532318368467,29369.799507909218,25668.38979241163,26262.59477895499,25112.45199540903,24334.992414477878,24625.365117283978,24889.47063054933,26372.638346812077,26091.731522513604,27003.3588197075,25725.0855901794,27575.321549426888,27297.43336026872,28453.042022322312,28426.116562883533,29065.967481761094,29660.74386007743,30032.594778954994,29256.78113035804,30400.37115727133,30151.501603253462,30869.166170727967,30063.632049235595,30234.78113035804,30160.762495217732,30348.576143814684,31341.2593464295,31672.96118418461,33738.21577857241,30911.52023839377,32479.886643623395,28419.675617092693,30200.837035778954,31802.091630166753,30252.874306059563,29820.079292602924,29418.340184567194,31051.53887353407,28960.694252232992,30070.743860077433,30809.017089605528,31682.663021939734,32689.04806230966,36233.60685892969,39805.61893890439,43504.2520184965,33133.66854674882,28973.886386034264,29634.687697067384,28098.95488660814,26493.97981932492,25583.78113035804,25353.28427914628,25294.61971167177,26133.396089988113,24628.216036161535,25538.806063074822,26079.750157653907,27630.097927743227,27920.17246830445,28309.93021148048,29065.48296811316,24010.98007691405,30502.09163016675,30047.203441008583,29592.576143814684,29758.52023839377,28769.153833164142,30204.42706269224,30817.110265307052,29780.89294119987,30417.408427551938,30832.38979241163,31596.072995026447,32031.812103062177,31149.147535587665,31294.37115727133,31324.017089605528,31391.408427551934,31475.96118418461,31516.18480586827,30905.445697832547,29725.19110344476,31631.2779815698,31984.979819324923,30705.48296811316,29882.93021148048,30014.687954656514,31180.96118418461,30188.315251850414,34174.265386416846,36910.420507526636,38700.10345255232,41360.40739719542,32404.05988469523,28984.457777807245,28902.98585931227,26729.905278763697,26500.110265307056,24447.806063074822,27430.2779815698,25613.601076531468,25509.302914286585,26290.45199540903,26508.526535970246,26022.880603636044,27895.967481761094,26754.638346812077,27840.24700886567,28133.302914286585,29820.464332972853,28598.81840063865,29746.408427551938,30301.2593464295,29065.837035778954,31047.86800848309,29273.79976549835,29600.837035778957,30924.18480586827,31742.79346792187,29500.247008865666,31275.054359886144,32645.476670536675,32151.830738202483,31886.774832781568,31055.38979241163,30029.6320492356,30699.48296811316,31847.923913904004,31015.42706269224,29982.837035778957,30042.060657462614,30285.874306059566,30390.6320492356,29721.576143814684,30658.97981932492,30929.793467921867,32185.476670536675,35994.66276435061,38681.93573628957,41414.27695121329,31498.917101149265,29190.51368322816,29066.650426786775,26594.756197641258,24453.13519802384,25878.222076148886,23702.955144197265,25493.228373725364,25219.694252232992,25283.843333355435,26213.47063054933,26077.712887373298,26990.228373725364,26887.526535970246,28252.81840063865,27433.209738585057,22574.5391311232,27927.17246830445,29309.501603253462,29183.79976549835,28846.874306059566,29656.725224937123,28438.43336026872,29509.892941199872,29538.538873534075,29814.613414095293,31361.05435988614,31893.905278763694,31722.128900447362,32172.774832781564,30909.2593464295,33135.32758941424,31739.05435988614,30624.445697832543,30095.855670919264,31125.408427551938,26842.82469821513,31338.259346429495,30059.781130358042,29906.837035778954,30401.501603253462,29787.501603253462,31366.756197641254,33986.13494043471,34614.370899682195,37574.66250676147,41537.370126914815,32025.26487123858,28658.495048087854,28839.892683610742,25873.12890044736,24922.874306059566,23589.638346812077,24176.806063074822,25647.004752041703,24798.89923877635,26963.538873534075,25946.43336026872,24400.47692812581,26636.43336026872,28399.38979241163,27142.023387182006,26494.731522513604,27092.45199540903,27516.396089988113,27587.340184567194,29489.464332972853,29207.650684375905,29275.855670919264,28568.004752041703,29471.70658979682,30600.110265307056,30014.594778954986,30418.445697832547,32271.47667053668,31318.110265307056,32473.495305676985,31882.737562500955,32304.700292220346,30668.31525185041,30718.464332972853,31603.184805868274,31268.2593464295,29531.59477895499,29633.89294119987,30441.6506843759,30299.46433297285,29292.116562883537,31027.12890044736,32096.346224554545,32909.74990006478,36851.40187238633,37017.997939286965,41881.922883547486,30424.420249937506,28446.942291455183,26805.122602870884,23406.24700886567,22649.992414477878,23970.54517111055,25463.837035778954,24623.321549426888,23935.4396578452,25112.731522513604,26053.042022322312,24782.365117283978,26809.17246830445,25362.178765880926,27234.097927743227,26353.78742793452,27794.228373725364,26052.12286046001,27557.153833164142,27954.3588197075,27955.3588197075,30887.60711651882,30471.2779815698,28828.837035778954,29393.837035778954,29424.89294119987,30669.166170727967,30114.46433297285,25261.644644388558,31475.94254904431,31242.072995026443,31366.166170727967,32156.588481378505,31140.24071128919,31501.998454465225,30245.725224937123,30761.482968113163,29740.81840063865,30332.520238393772,29751.855670919264,28574.39608998811,30179.557508674377,29267.762495217736,30390.97981932492,33009.74990006478,34338.42680510311,35693.91106116192,39223.320519070374,30634.786655167132,30080.507385651683,27193.93625146783,25034.110265307056,22461.10422531971,23847.58244139116,23630.93650905696,23582.10422531971,24757.67561709269,23429.681914669163,24067.4396578452,24418.532833546724,25275.12286046001,25298.82469821513,26024.78742793452,26446.097927743227,27395.13519802384,26892.61971167177,27411.396089988113,28350.967481761094,27447.54517111055,28145.28427914628,27977.228373725364,26632.290576722757,28418.28427914628,29676.650684375905,30719.14753558766,29653.818400638655,29380.855670919264,30012.762495217736,31025.296616710104,30638.520238393772,31241.203441008583,31502.774832781564,30844.38979241163,31632.99845446522,31028.184805868277,31518.923913904004,29349.967481761098,28660.396089988117,29211.097927743227,29119.89294119987,30771.110265307056,29582.576143814684,31667.197143432102,34041.46407538372,37435.62523648086,39723.13416766732,30045.58796620026,28610.25279126389,25461.812103062173,23423.321549426888,23560.28427914628,23768.116562883533,22016.75645523039,24163.973779337568,22429.86826607222,23601.532833546724,24194.346482143672,24345.178765880926,24967.23467130184,25532.917873916653,25099.383752424284,26210.656981952383,25649.0855901794,26744.694252232992,26839.694252232992,27212.489265689634,27167.768792794213,25383.75645523039,28653.116562883533,28431.13519802384,29667.59477895499,30132.296616710104,29490.855670919264,24319.054617475267,30576.352522131023,30693.464332972853,30397.427062692237,29944.61341409529,29933.78113035804,30343.482968113163,31335.091630166746,30934.166170727967,29595.042022322312,28851.042022322312,28379.414725128416,28714.13519802384,29108.874306059566,29592.59477895499,28907.669319516208,32099.86171090661,34089.849115753655,37210.66250676147,36387.2399385218,30395.08481741201,27411.97956173579,24158.538873534075,21445.55146868703,22026.216036161535,21474.793725510997,21185.20369859771,22327.793725510997,22725.86826607222,23252.644644388558,23672.588738967643,24140.4396578452,24351.588738967643,25460.656981952383,24580.4396578452,25062.253306442148,25873.93650905696,26820.3588197075,26451.82469821513,25528.383752424284,27759.209738585057,28035.17246830445,28450.097927743227,28302.079292602924,27713.843333355435,28823.948846620784,28395.191103444755,28412.228373725364,30398.35252213102,30856.14753558767,31144.05435988614,28880.17246830445,30622.259346429495,29812.706589796817,30386.59477895499,32192.42076511576,29323.78113035804,24716.849630931913,29846.65068437591,28433.209738585057,28828.023387182006,29477.501603253462,29078.42706269224,30746.700292220343,31652.97352174844,32699.70633220769,35475.61289891704,37255.43862748868,28432.55699349612,25434.190845855625,26644.656724363253,21027.644644388558,21343.532833546724,20349.445955421677,21423.185063457408,21056.66957710534,21432.445955421677,23550.383752424284,22864.495563266115,25177.731522513604,24828.917873916653,24472.4396578452,27770.203441008583,24183.700549809473,25220.23467130184,25467.10422531971,24950.365117283978,25353.253306442148,26497.029684758483,27044.61971167177,27338.656981952383,26749.01104961818,28717.874306059566,27831.61971167177,28730.191103444755,29024.004752041703,29311.967481761094,29655.91157634018,28776.874306059566,29815.70658979682,29315.89294119987,29092.060657462618,28637.17246830445,29369.91157634018,29985.557508674374,29170.986116901397,28948.172468304445,27008.694252232992,30005.669319516208,27829.45199540903,28499.855670919264,28753.557508674377,29413.97981932492,32476.172210715322,34737.61289891704,37620.084559822884,28522.426547513984,24787.89898118722,24082.48296811316,20499.644644388558,19936.01734719466,19534.66957710534,20754.296874299238,21469.88690121252,22552.719184949776,22522.626009248248,23121.570103827333,22980.998712054352,23691.66327952886,23634.73782009008,23746.75645523039,23255.259604018625,25371.23467130184,26664.58244139116,25962.10422531971,27922.762495217736,26516.861968495738,27022.67561709269,27881.153833164142,27445.61971167177,27510.61971167177,27397.806063074822,28695.153833164142,29674.501603253462,29634.70658979682,27539.45199540903,28545.433360268722,30717.18480586827,29553.650684375905,29627.74386007743,29304.967481761094,29448.94884662078,29729.743860077433,28527.265644005973,29012.079292602924,25916.383752424284,28151.265644005973,28386.948846620784,27483.302914286585,28666.38979241163,27794.78113035804,33036.20318341945,35737.86749330483,38076.02865440197,27490.761980039475,25148.13494043471,23126.315251850414,20341.8123606513,19429.557766263508,19951.352779720153,19382.19136103388,20267.501860842593,21181.408685141065,23170.55146868703,23609.346482143672,22531.09188775588,22302.42732028137,24166.32784700337,24732.253306442148,24784.458292985502,24244.644644388558,24973.23467130184,25180.197401021233,24556.681914669163,25875.955144197265,26576.82469821513,25009.86826607222,28331.004752041703,25832.066955039096,29107.669319516208,28361.191103444755,29774.613414095293,30475.296616710104,29156.93021148048,29739.837035778954,29952.743860077426,29340.837035778954,29866.706589796824,29149.209738585057,27916.601076531468,29327.855670919264,28530.321549426888,27985.58244139116,30768.62575165912,28438.302914286585,28227.079292602924,28568.669319516208,28557.6320492356,30404.308954273933,33283.960926595486,35906.55069591964,38189.50687047343,27429.650169197645,22816.793467921867,22457.023387182006,19514.073252615573,19236.464590561984,20984.626009248248,20238.01734719466,20567.576401403814,21137.259604018625,24127.45199540903,22224.681914669163,23769.421022704893,23241.86826607222,22603.259604018625,22903.035982334965,23858.588738967643,25091.141495600314,25323.992414477878,25175.197401021233,25719.992414477878,25564.066955039096,26857.45199540903,26444.694252232992,27444.302914286585,28424.967481761094,29084.6320492356,28958.874306059566,29598.538873534075,30780.998454465225,28620.153833164142,29812.6506843759,28862.060657462618,29238.0047520417,29703.837035778957,30197.38979241163,28566.3774548478,29951.65068437591,28232.265644005973,27901.526535970246,28198.3588197075,29493.52023839377,27515.17246830445,28817.408427551938,30781.103967730578,34441.23415612358,35993.457520218115,38237.61868131526,24350.43914266694,22875.103967730578,21111.507900829944,19984.607374107945,19118.42732028137,18741.74411766656,20334.408685141065,19442.85592850839,21073.296874299238,20415.74411766656,21845.110522896182,22281.01734719466,24203.601076531468,23975.365117283978,23316.66327952886,23845.626009248248,24941.880603636044,23552.681914669163,25040.048319898793,24577.23467130184,24997.216036161535,25622.89923877635,25950.601076531468,26020.694252232992,26879.377454847803,27368.153833164142,27591.17246830445,29290.24071128919,28183.557508674377,29202.501603253462,29447.37115727133,28143.191103444755,30513.12890044736,28309.079292602924,28089.265644005973,29687.48296811316,29379.48296811316,29561.42706269224,28004.340184567194,29037.81840063865,28689.762495217736,28909.52023839377,27011.43336026872,29357.73756250095,30122.234413712715,30316.52627838112,34945.51342563903,36974.73049215709,23873.159615562363,22373.95488660814,20245.843333355435,18631.240968878323,18598.445955421677,19007.390050000762,19400.483225702286,19381.725482526253,20571.12915803649,19543.706847385947,20959.185063457408,20907.445955421677,21086.278239158928,22625.66327952886,23407.495563266115,23436.32784700337,24431.89923877635,24396.066955039096,27009.05435988614,24717.917873916653,24665.712887373298,25591.45199540903,25420.78742793452,27132.948846620784,26710.396089988113,27004.023387182006,27874.576143814684,27635.669319516208,28699.296616710104,27353.023387182006,28158.650684375905,27991.687954656514,28138.48296811316,28886.42706269224,28390.725224937123,28546.37115727133,30139.43940025607,29673.812103062173,28448.37115727133,28216.42706269224,27479.576143814684,27756.408427551938,28187.86800848309,30227.28402155715,29611.59452136586,32209.482452934903,31355.780357590655,20521.339926978064,19254.079292602924,18105.402387564587,17496.5391311232,16143.060915051748,16225.750415243037,17201.240968878323,20446.712887373298,18668.557766263508,20346.861968495738,20833.66327952886,21765.712887373298,20931.365117283978,21639.917873916653,23159.650684375905,21652.383752424284,23042.228373725364,22436.47692812581,24540.613414095293,22578.768792794213,25141.035724745834,23065.54517111055,26137.52627838112,23975.340184567194,26609.05435988614,26206.576143814684,25389.023387182006,24707.526535970246,26879.97352174844,25763.70658979682,26779.203441008583,25639.079292602924,26662.147535587665,25803.004752041703,26348.59477895499,24989.191103444755,26691.2779815698,26213.2779815698,25001.967481761094,25765.557508674377,25101.855670919264,26999.663021939734,25377.37115727133,26014.78717034539,28268.724967347996,26356.377197258676,25396.55725108525,25527.873790881305,27175.233640945327,27229.40765478455,30197.95411384075,28765.612641327905,28859.33311422333,23806.054102297006,25111.98560172314,33635.69322187647,31616.20896581767,31419.078519835537,29039.37064209307,30205.159357973236,35521.227343368846,31583.271168815067,30893.979304146666,32559.084817412015,33038.87983086865,33392.78665516713,32307.71841218239,34637.20896581767,37714.95411384075,38081.69322187647,36469.12812767997,37311.99768169783,38754.43862748868,34574.252533674764,34048.27116881507,38071.66224917235,36315.22760095798,41222.94781626426,35716.693479465604,38877.40135720807,38725.90450599631,36954.89216843249,41755.70555944031,35874.61893890439,40572.12157251437,30506.892426021615,36492.24623609828,44611.45700503986,43472.03469438932,40930.20870822854,29791.917358738396,28833.47641294755,31775.61289891704,29746.004236863446,26510.283763968022,47607.43155714482
28,28866.28332405805,17474.635031497637,24025.222760193297,27626.68909694049,30175.71509062809,30586.036119806835,28262.940721545965,30539.84740135273,31380.73458589379,33565.697673430026,31380.469964444514,29890.387563027445,30480.0795306925,31056.142436843867,34755.068611916344,33727.80399046706,36233.34623020942,32092.344152141777,34196.87989346223,31510.65218447672,38221.37222389702,37663.23341475048,38040.59785481489,32940.65218447673,39069.8190653785,41740.04677436402,39846.32881301135,40658.03377752021,40793.090185249675,37921.23341475048,41208.47412057979,41302.60643130443,40633.517531465455,38373.86897468608,40660.712748341466,36972.101104025845,45016.86663239944,38865.76265764903,44816.27448334952,45602.469700225534,42706.06626962971,42297.57601726257,39883.05327278591,34128.302819323755,26522.58927832535,33740.832062222304,13563.38782724642,6189.715619066043,13267.03430595817,17828.76526415463,19514.533134814857,21356.17519317235,22276.181691594247,20716.11878544288,20407.413820934024,22056.804254686034,23986.64152991953,24432.20768528185,25784.28358827702,22997.873659259305,25557.27059143322,27245.541711304395,26399.919148212608,28237.680520450936,25698.14477913048,25204.57862376816,25833.459309887323,27150.164274396182,28398.79983433177,27841.723931336597,26314.389905314052,26826.7109344928,25488.82374995173,28294.611115877662,26450.15127755238,26838.038462093446,26618.52221603869,26012.94956225447,26734.578623768157,28100.057957359153,26614.893154525,27368.220682125648,26150.893154525,25349.257594589413,24631.992973140135,27769.044960515344,24510.43331619972,24644.251096167514,24125.439814621623,24273.131782286677,23336.880157681207,20282.17519317235,14820.858584347863,25299.79099362326,16801.231600901818,18644.420319355922,22189.747846956565,23248.439814621626,22909.91707014497,23745.181691594244,24996.502720772987,23843.23809932371,25636.43981462162,26458.264093011312,25795.81075310793,27510.20768528185,26468.00596998394,27395.264093011312,28640.7174329147,30508.79983433177,32792.14035877622,32642.76942028991,29067.969057520175,27741.697937648994,30240.422397423557,29077.8996529469,30575.24017739135,30361.47230673112,28998.333497584583,29387.96255909827,29687.849743639337,29793.836746795532,31496.051458937247,29597.46580830922,29582.339996006485,30101.220682125648,30935.849743639334,30171.9061513688,29898.031963671543,31240.422397423557,29634.40290215785,28816.144779130478,30836.30308354272,29859.283588277016,30182.535212882492,27970.38990531405,28900.96905752017,31215.316080386525,29847.32907723033,23547.107866666716,21171.41589900166,23362.574203413908,27698.272669500868,28047.422397423557,26844.38990531405,25525.559128502457,25538.43331619972,24567.225102479908,25133.22510247991,26507.24459774561,28548.704436070893,27857.502720772987,28749.264093011312,28826.38990531405,27781.43981462162,31420.54171130439,28166.565626924355,30862.84324521743,28909.635031497623,30193.207685281843,30754.025465249637,29663.38990531405,31732.667523607128,30608.45930988732,23661.702358003255,30789.96255909827,29589.138280708576,30647.151277552373,30601.95606067637,30745.018966827738,31616.84324521743,31559.717432914695,32211.283588277016,32570.47880515302,32847.548209726294,31926.962559098265,32330.54171130439,31431.96255909827,32344.723931336597,31106.773840644164,32393.16427439618,32908.107866666716,31329.088371401005,31624.47230673112,31935.16427439618,33244.61761429957,33892.58720025771,33604.840902930824,28676.576281481553,28492.513375330185,28245.3919833817,28776.41589900165,26789.257594589413,26049.24459774561,23473.281510209377,27369.628533075724,26316.622034653825,26025.105788599074,29820.95606067637,26994.301005475078,29335.446313043518,29916.94956225447,30012.949562254467,30472.38990531405,31317.773840644164,29325.936565410666,29844.257594589413,30482.264093011312,27686.483225507283,29066.867160837395,29035.11878544287,32643.78683748797,32066.773840644164,33497.10136824481,36674.52429410633,33912.919148212604,32368.836746795532,32178.333497584583,31888.264093011312,33505.34649442838,34193.919148212604,32530.654526763326,34712.98205436397,33392.53521288249,33187.52871446058,32907.90615136881,32371.8996529469,33733.290086698915,32474.088371401005,32921.84324521743,32799.59811903386,31468.7109344928,32877.290086698915,36154.63710956527,37406.040540161084,37409.22483826093,35961.59135639299,32285.181427375275,29902.335575652232,28518.10136824481,25710.314002318883,25157.301005475078,27032.502720772987,26627.307503896976,27690.446313043518,26132.413820934016,27837.992973140135,28477.433316199717,27902.426817777814,29180.25109616751,27571.539633236753,29549.06237771341,31401.396403735947,29507.496222351092,30070.999471562038,30152.559128502457,30473.565626924355,30779.194688438045,30181.06237771341,29830.244597745612,31351.760843800363,32890.717432914695,31515.886656103103,30540.06237771341,33644.15777597428,32572.081872979106,33041.02546524964,33815.717432914695,33276.59162061196,32675.333497584586,32965.96255909827,33141.773840644164,35804.240177391344,31835.075374557207,33605.717432914695,33248.9061513688,33136.654526763334,32180.396403735947,30619.201186859944,33406.42239742356,33134.73042975849,34975.49830041873,36127.90173101454,37459.274747568496,40117.25940843808,33860.89289030603,30445.34857249603,29031.17077281808,26047.37041004835,25534.23809932371,27053.43981462162,25745.67194396139,26155.112287020973,26579.60253938812,26841.483225507283,28510.433316199717,25752.58954254432,28125.615536231922,29487.81075310793,29623.810753107926,27804.60253938812,30171.8801576812,29704.118785442875,31425.075374557207,30564.194688438045,29572.986474718236,29292.92356856687,30393.68494080519,31412.943063832565,30001.0558792915,32054.26409301131,32599.893154525,32613.641529919518,30486.873659259298,34677.40940057975,31378.8801576812,31260.565626924355,33957.47230673112,33138.39640373595,34393.40940057975,31417.20118685994,33292.46580830922,33307.402902157846,31756.572125346258,34510.919148212604,33810.04496051534,32357.598119033857,35155.93864347831,37397.66310325287,37668.71509062808,41490.0077838326,34419.20742106288,31311.85182170698,28459.22718054755,24897.992973140135,26492.684940805193,25780.986474718236,26657.18169159424,26680.049380869605,26007.97347787443,27439.55263008055,28401.930066988767,27599.420319355915,27235.413820934016,28830.678442383287,27540.357413204547,28013.357413204547,30712.25759458941,28145.53963323675,28629.483225507283,29108.301005475074,31431.44631304352,30167.74784695656,28717.29450705318,29535.67844238329,30302.68494080519,34764.68052045093,31256.69793764899,31799.131782286677,29891.992973140135,31023.502720772984,29903.615536231922,30847.188190016146,31872.886656103103,31611.13178228668,33570.15777597428,32420.893154524998,32553.893154525,32671.333497584583,32856.83674679553,33598.717432914695,32868.59162061196,33097.68052045093,32937.15777597427,33031.78683748796,34612.743426602305,35447.3854849598,39646.55886428348,43015.46112373598,34470.45904566835,32552.311660032272,29707.806332753673,26544.94306383257,25151.60903781002,22311.63945185189,25226.099290177168,26523.797756264128,26817.357413204547,26878.168694750442,27942.489723929182,26557.97347787443,29410.502720772987,25797.275011787475,29322.43331619972,28501.55263008055,29557.496222351092,29517.74134853466,30158.999471562038,30227.74784695656,29343.99297314013,29207.181691594244,29688.18169159424,29194.930066988767,32062.201186859944,30658.062377713406,30900.005969983937,31549.754345378456,35876.25317423516,31175.880157681204,31984.32699916268,32534.710934492796,30721.565626924355,32186.07537455721,31325.509219194882,31812.572125346254,32526.585122190056,32788.32699916268,33981.59811903386,33129.84324521743,32285.465808309225,31334.767342222265,32232.654526763326,35131.87573732694,37919.6066955234,40216.55236586158,43101.22249597431,33291.131518067705,30296.90822943645,29729.806332753673,27293.01246840584,26273.873659259298,25112.168694750442,25301.413820934016,25697.476727085384,27384.11878544287,27149.54613165865,27516.29450705318,29386.194688438045,26620.784759420327,27686.54613165865,27454.28800863128,29304.684940805193,27604.23160090181,30979.383406892153,28295.860662415496,29069.867160837395,28158.917070144962,28066.16869475044,30309.439814621623,30260.93656541067,31435.880157681197,30623.628533075727,30193.622034653825,31761.515717616785,31236.572125346254,31564.38340689215,30661.628533075724,28765.112287020973,30702.37690847025,33880.59811903386,30553.188190016142,30212.244597745605,30863.691439227092,34060.9126497907,33330.088371401005,33155.773840644164,31572.760843800363,31146.138280708572,31216.76734222226,33038.53521288249,34372.24667581325,37870.17285088572,39595.54586743968,43772.17258666674,35264.03169945258,30823.85182170698,29072.736928180402,26777.131782286677,25728.112287020973,24481.155697906637,25428.23160090181,26851.67844238329,27503.433316199717,26303.917070144966,28267.74784695656,27432.54613165865,27440.420319355915,27636.81075310793,27825.042882447702,28321.301005475078,28200.420319355915,28733.615536231922,27855.225102479904,29869.125283864778,29319.112287020973,30961.06887613531,28724.48322550728,35319.49830041873,31152.754345378456,30548.747846956558,29904.684940805197,30568.376908470254,31306.068876135312,30328.81075310793,31288.691439227092,30439.81725152983,29328.48972392918,29788.80425468603,31301.06887613531,31452.509219194882,31991.32699916268,32527.830248373633,31915.823749951734,32621.522216038684,31190.01246840584,30564.509219194882,33065.03846209344,35512.19026808379,39057.00362769732,39558.17492895337,43936.354806698946,33029.06211349444,30858.10344631246,29088.35949127219,26266.8801576812,25416.426817777818,26551.999471562038,24747.784759420327,26858.74134853466,27354.930066988767,25462.155697906637,28389.622034653825,27786.489723929182,26672.225102479908,27375.54613165865,29454.12528386477,28790.804254686027,29605.12528386477,30129.93656541067,28491.923568566865,29764.999471562034,28388.35741320455,30010.06237771341,29419.80425468603,28763.860662415496,32383.836746795532,28893.609037810023,30632.50272077299,30522.62853307572,30777.880157681204,30511.559128502457,31360.194688438045,30387.118785442875,30133.433316199717,31257.00596998394,31750.760843800363,30859.62853307572,33023.773840644164,33160.58512219005,31767.76084380036,30587.00596998394,31250.635031497623,31192.075374557207,31766.899652946897,34715.68052045093,36788.84532328507,39327.97971207736,44679.933958905065,34259.40263793888,30481.47438479877,28932.04496051534,26378.817251529832,25087.112287020973,24564.910571723067,25102.476727085384,26710.301005475078,28591.8801576812,25311.218604058005,27468.426817777814,27833.804254686027,28054.55263008055,27664.29450705318,29035.622034653825,29391.18819001614,29171.936565410666,25623.08629333337,28601.923568566865,30230.691439227092,30063.81075310793,29892.559128502457,29584.747846956565,29961.31400231888,30123.314002318886,30785.37690847025,30070.622034653825,30285.873659259305,30650.314002318886,31354.509219194886,31161.194688438045,30112.31400231888,30393.622034653825,28793.79125784223,30345.8736592593,32051.704436070897,31211.572125346254,30474.433316199724,32696.333497584586,31676.075374557207,31980.207685281846,30697.880157681204,30110.194688438045,32971.66752360713,33797.73042975849,36404.27266950086,40382.06211349443,45272.6888327215,34265.276825636145,30690.103446312463,29659.680520450933,26353.635031497626,25212.797756264128,26390.684940805193,25806.23160090181,27288.37041004835,27991.502720772987,27480.17519317234,27628.426817777814,30207.025465249637,29425.446313043518,30279.578623768153,28998.684940805193,28503.615536231922,29141.433316199717,30194.502720772987,31145.075374557204,28929.489723929182,29509.37041004835,31236.760843800363,31033.886656103095,29949.307503896976,29450.17519317234,30609.37690847025,30170.433316199717,29480.055879291507,33093.04496051534,31759.01246840584,29729.79775626413,31202.446313043518,31186.63503149762,31576.697937648994,32211.886656103103,31463.446313043518,32154.138280708576,31453.63503149762,31690.32699916268,30855.00596998394,31847.144779130474,31397.83024837363,35256.81283117557,37021.71951098234,39299.97971207736,42385.461123735986,32859.87989346223,30389.66310325287,23793.112287020973,27427.207685281846,26244.446313043518,25086.357413204547,25742.23809932371,26217.8671608374,27606.25109616751,27084.55263008055,27542.992973140135,27176.73485011276,28041.11878544287,26774.917070144966,27451.483225507283,29563.38340689215,28390.055879291504,29861.43981462162,29664.502720772987,28974.804254686027,30402.075374557207,29440.684940805197,30690.880157681197,28962.930066988767,31152.9061513688,30678.502720772987,30468.999471562034,30953.131782286677,30577.93656541067,32492.45930988732,32727.15127755237,30410.628533075724,30719.00596998394,26910.784759420327,30404.125283864774,32233.578623768153,30106.81075310793,29653.99297314013,30657.93656541067,31311.760843800363,31182.956060676366,30974.012468405843,31914.912649790702,33413.66752360713,37144.90822943645,38364.58927832534,44658.185583510545,33149.57186112729,29985.46788637687,29787.19026808379,26062.446313043518,26249.754345378464,25127.860662415496,24387.0363840258,24764.778260998424,24807.797756264128,26386.23160090181,26033.917070144966,26982.17519317234,25804.72185326896,27677.301005475078,27458.92356856687,28523.24459774561,28329.992973140135,28944.49622235109,29583.251096167514,29744.75434537846,29461.125283864774,30369.50921919489,30215.0688761353,30852.201186859944,30087.628533075724,30271.125283864778,30148.188190016146,30511.817251529836,31491.8866561031,31618.893154524998,33693.40940057975,31074.00596998394,32148.144779130474,28539.105788599078,30241.93656541067,31818.452811465413,30260.81075310793,29875.11878544287,29458.23809932371,31208.943063832572,29075.042882447702,30108.251096167514,30920.704436070893,31454.8996529469,32990.975555942074,36222.21626177139,39853.678178164315,43754.79514975853,33307.88639188414,29259.272669500864,29615.567704992005,28338.29008669892,26548.830248373633,25725.125283864774,25417.426817777814,25555.29450705318,26212.049380869605,24804.281510209374,25510.66544553949,26098.854163993597,27609.055879291504,27927.804254686027,28263.622034653825,28883.131782286677,24097.702358003255,30627.452811465417,30180.075374557207,29622.81725152983,29765.005969983937,28862.8671608374,30146.32050074078,30577.38990531405,29874.74784695656,30583.38340689215,30864.446313043518,31641.51571761679,32010.396403735947,31245.26409301131,31296.509219194886,31536.70443607089,31484.383406892153,31518.893154525,31648.138280708572,30878.257594589413,29674.74134853466,31506.823749951727,31879.830248373626,30784.13178228668,30121.622034653825,30029.43981462162,31221.893154524998,30212.697937648994,34278.61761429957,37097.84532328508,38700.04261822873,41558.894968373665,32588.565362705387,29196.719510982344,28825.5612065701,26777.08187297911,26651.389905314052,24456.665445539493,27408.82374995173,25704.357413204547,25470.363911626446,26434.860662415496,26511.60903781002,26049.413820934016,27864.49622235109,26642.23160090181,27811.55263008055,28066.363911626446,29942.194688438045,28484.999471562034,29882.38340689215,30374.8866561031,29174.936565410666,31178.20768528185,29195.062377713402,29723.93656541067,30876.138280708576,31933.459309887316,29545.552630080554,31434.578623768157,32614.528714460586,31986.33349758458,32058.52221603869,31032.446313043518,30221.628533075724,30866.13178228668,31752.018966827738,31137.32050074078,30032.936565410673,30035.18169159424,30274.810753107926,30295.628533075724,29786.817251529832,30923.83024837363,31231.45930988732,32230.52871446059,36099.02754331728,39044.60877359105,41900.33531143325,31670.671679742423,29406.53079252824,29360.693517294738,26676.58512219006,24766.930066988767,25854.01246840584,23718.162196328543,25635.615536231922,25267.042882447702,25329.539633236753,25972.797756264128,26132.979976296334,27129.615536231922,26974.60903781002,28165.999471562034,27569.67844238329,22575.815173462193,28132.804254686027,29302.068876135305,29187.062377713402,28973.81075310793,29609.314002318883,28398.92356856687,29425.74784695656,29690.94306383257,29852.691439227092,31206.578623768157,31786.081872979106,31752.32699916268,32363.522216038684,30990.8866561031,33264.031963671536,31828.578623768153,30958.25759458941,30259.873659259298,31098.38340689215,27146.60253938812,31238.8866561031,30033.125283864778,29836.936565410666,30427.068876135305,29765.068876135305,31546.585122190056,33980.057957359146,34691.637109565265,37761.15543368766,41987.0207806764,32375.873395040333,28941.59369867961,28988.875737326944,26027.32699916268,25148.81075310793,23736.23160090181,24171.665445539493,25597.370410048352,24829.350914782648,27000.94306383257,25959.92356856687,24592.40082409021,26669.92356856687,28416.446313043518,27117.307503896976,26576.917070144966,27190.860662415496,27601.049380869605,27580.23809932371,29531.194688438045,29285.565626924355,29097.873659259298,28811.37041004835,29676.37690847025,30617.38990531405,29882.75434537846,30613.257594589417,32300.528714460586,31353.389905314045,32518.465808309225,32006.64802834143,32354.77384064416,30685.697937648994,30708.19468843804,31548.138280708576,31236.886656103103,29581.75434537846,29718.74784695656,30341.565626924355,30229.19468843805,29401.992973140135,31227.326999162684,32403.969057520168,32980.98205436398,36767.90822943645,37208.02312296302,42401.53052830925,30625.973213655467,28597.083951046756,27080.7239313366,23363.552630080558,22534.036384025807,24171.546131658655,25445.936565410666,24654.301005475078,24018.52663639295,25275.917070144966,26106.24459774561,24916.778260998424,26912.804254686027,25393.407322512114,27368.055879291504,26258.728351690857,27692.615536231922,26065.596040966222,27612.8671608374,28046.17519317234,28138.17519317234,31024.088371401005,30634.823749951734,28963.936565410666,29356.936565410666,29372.74784695656,30650.201186859947,30196.19468843804,25208.834668727894,31574.95606067637,31502.51571761679,31441.20118685994,32081.151277552373,31399.949562254467,31701.767342222258,30436.314002318883,30958.13178228668,29978.99947156204,30379.005969983937,30038.873659259305,28663.049380869605,30381.8801576812,29510.188190016142,30607.83024837363,33193.98205436397,34566.44839111116,36019.94072154595,39493.81256695659,30957.112022802008,30120.92772470216,27350.352992850287,25223.389905314052,22650.65894711759,23886.420319355915,23520.22510247991,23607.65894711759,24900.105788599074,23565.708856425157,24194.52663639295,24410.212105636107,25318.596040966222,25373.60253938812,26111.728351690857,26514.055879291504,27583.930066988767,27003.29450705318,27632.049380869605,28569.49622235109,27692.54613165865,28087.426817777814,28030.615536231922,26690.0298856039,28583.426817777814,29728.565626924355,30748.26409301131,29687.999471562034,29509.8736592593,30172.188190016142,30895.760843800366,30787.00596998394,31165.07537455721,31820.522216038687,31001.44631304352,31663.76734222226,31132.138280708576,31568.018966827738,29445.496222351085,28759.0493808696,29263.0558792915,29542.74784695656,30891.38990531405,29723.81725152983,31872.47230673112,34405.322578808424,37673.2812459904,39956.44162847029,30332.40705829315,28800.411478647402,25708.396403735955,23628.30100547508,23672.42681777782,23907.992973140135,22060.45723181968,24058.099290177168,22662.07979491147,23837.212105636107,24217.841167149796,24416.407322512117,24917.218604058005,25596.28800863128,24971.715354847056,26255.168694750442,25684.72185326896,26598.042882447702,26773.042882447702,27162.73485011276,27273.79125784223,25281.45723181968,28379.992973140135,28480.930066988767,29577.75434537846,30213.760843800363,29726.8736592593,24569.45073339778,30630.572125346258,30539.19468843804,30520.320500740785,30093.691439227092,29867.125283864774,30439.131782286673,31375.452811465417,30971.201186859944,29814.244597745612,28937.24459774561,28590.986474718236,28860.930066988767,29430.810753107926,29636.75434537846,29009.502720772987,32486.60461745576,34275.3984818036,37412.15543368766,36777.333233365614,30661.105524380102,27537.95813874402,24353.943063832572,21674.149199484746,22262.28151020938,21497.331419516944,21104.947484186832,22358.331419516944,22680.07979491147,23224.834668727894,23732.023387182002,24219.526636392948,24328.023387182002,25460.168694750442,24596.52663639295,25063.155697906637,25865.225102479908,26613.17519317234,26469.60253938812,25654.715354847056,27675.67844238329,27988.804254686027,28439.055879291504,28322.11878544287,27655.539633236753,28836.559128502457,28600.74134853466,28594.615536231922,30360.57212534625,31019.264093011312,31028.578623768157,28858.804254686027,30689.886656103103,29911.37690847025,30499.754345378464,32186.717432914695,29396.12528386477,24687.14270106284,30044.565626924355,28660.67844238329,29004.307503896976,29548.068876135305,29046.32050074078,30780.773840644164,31952.227180547547,32942.50479884063,35752.94721996786,37743.03819787447,28581.13593842197,25412.869238905045,26874.29658512082,21171.834668727897,21277.212105636114,20509.12970421904,21597.010390338204,20975.374830402616,21375.129704219034,23644.71535484706,22993.337917938843,25246.917070144966,24843.28800863128,24298.526636392948,27829.075374557207,24257.64595027379,25373.218604058005,25519.65894711759,24935.778260998424,25517.155697906637,26762.910571723063,26939.29450705318,27398.168694750442,26998.97347787443,28942.81075310793,27937.29450705318,28872.741348534655,29070.37041004835,29281.49622235109,29564.684940805193,28958.81075310793,29869.376908470254,29304.74784695656,29228.181691594236,28759.804254686027,29387.68494080519,30109.8801576812,29185.433316199717,28845.804254686027,27088.042882447702,30011.502720772987,27902.860662415496,28424.873659259298,28887.8801576812,29513.83024837363,32404.93214505641,34981.94721996786,38005.23341475047,28549.576281481557,24958.478805153027,24031.13178228668,20563.8346687279,20027.576545700525,19674.374830402616,20552.632953429988,21403.016888760103,22606.583044122417,22700.897574879265,23077.08629333337,22935.639451851886,23873.771762576525,23860.52013797105,23826.45723181968,23404.758765732724,25389.218604058005,26654.420319355915,25666.65894711759,27861.18819001614,26475.476727085384,27042.105788599074,27845.8671608374,27433.29450705318,27604.29450705318,27535.66544553949,28669.8671608374,29487.068876135305,29640.37690847025,27423.860662415496,28537.92356856687,30783.138280708576,29634.565626924355,29654.251096167514,29455.49622235109,29493.559128502457,29843.251096167514,28649.489723929182,29004.11878544287,25978.715354847056,28280.489723929182,28383.559128502457,27520.363911626446,28791.446313043518,28052.12528386477,33321.20326492759,36010.4634660226,38276.422133204585,27750.443970756914,25265.057957359153,23350.697937648998,20492.268513365583,19373.75226731083,19934.444234975883,19351.613458164287,20446.940985764933,21239.255516521775,23150.14919948474,23394.841167149796,22539.324921095045,22437.192610370403,24108.904073301164,24782.155697906637,24819.46373024158,24395.834668727894,24996.218604058005,25271.344416360746,24462.708856425157,25992.162196328536,26738.60253938812,25037.07979491147,28402.37041004835,25944.784759420327,29324.502720772987,28637.74134853466,29898.69143922709,30686.760843800366,29384.622034653825,29982.936565410673,29917.251096167514,29600.936565410666,29935.376908470247,29119.67844238329,28099.357413204547,29432.873659259298,28589.301005475078,27925.420319355915,31041.025465249637,28420.363911626446,28355.11878544287,28518.502720772987,28648.628533075724,30529.09486982291,33438.02104489539,36303.532870595875,38496.18350544291,27653.821407665124,23130.459309887327,22566.307503896984,19600.38782724642,19371.066798067674,20882.89757487927,20374.576545700525,20449.689361159457,21227.758765732724,23966.8606624155,22289.70885642516,23797.58954254432,23165.07979491147,22560.758765732724,22983.51363954915,23817.023387182002,25014.533134814854,25532.0363840258,25124.344416360746,25756.0363840258,25539.784759420327,26812.860662415496,26564.042882447702,27570.363911626446,28503.49622235109,29128.628533075724,28953.81075310793,29694.94306383257,31003.76734222226,28755.8671608374,29808.565626924355,29048.18169159424,29436.370410048352,29785.936565410673,30145.446313043518,28689.112287020977,29845.56562692436,28212.489723929182,28064.60903781002,28376.17519317234,29435.005969983937,27529.804254686027,28858.38340689215,31074.786837487965,34331.47438479877,36184.847401352716,38527.8060685347,24486.782417133716,22899.786837487973,21275.671943961395,20077.96048103064,19082.19261037041,18572.123205797143,20338.25551652178,19571.74576888893,21132.63295342999,20480.123205797136,22035.262014943677,22303.57654570052,24062.357413204547,23993.778260998424,23348.771762576525,23801.897574879265,25065.413820934016,23615.708856425157,25134.847665571695,24724.218604058005,24955.281510209374,25619.350914782648,25939.357413204547,26062.042882447702,27098.112287020973,27443.8671608374,27735.804254686027,29432.94956225447,28489.8801576812,29213.068876135305,29667.509219194886,28291.74134853466,30556.32699916268,28461.11878544287,28285.489723929182,29626.131782286677,29240.131782286677,29330.32050074078,28144.23809932371,29049.999471562034,28804.18819001614,28884.005969983937,27022.92356856687,29498.648028341428,30365.346494428384,30576.736928180402,35278.65868289861,37177.42863162649,24170.726009404254,22345.290086698922,20383.53963323676,18609.8216718841,18912.12970421904,19113.318422673146,19437.003891916305,19291.18611194851,20621.19910879231,19582.24901809988,21164.010390338204,20913.129704219038,21335.695859581356,22756.771762576525,23511.337917938843,23499.904073301164,24565.350914782648,24418.784759420327,26973.57862376816,24756.28800863128,24719.979976296334,25374.860662415496,25254.728351690857,27156.559128502457,26659.049380869605,27170.307503896976,28086.817251529832,27875.502720772987,28596.760843800363,27331.307503896976,28250.565626924355,28155.43981462162,28341.131782286677,28961.32050074078,28411.314002318883,28769.509219194886,30308.654526763326,29555.396403735947,28376.509219194886,28134.32050074078,27435.817251529832,28034.38340689215,28269.207685281846,30536.554708148193,29913.882235748846,32402.387563027438,31583.50895497592,20432.365989694095,19240.11878544288,17921.652448695695,17452.8151734622,16061.05380122387,16159.726273623226,17271.8216718841,20393.97997629634,18700.752267310832,20400.47672708539,20767.77176257653,21882.979976296338,20959.77826099843,21859.28800863128,23200.56562692436,21496.715354847063,23155.615536231926,22485.40082409022,24529.691439227096,22580.791257842233,24840.64152991953,23019.546131658655,26373.736928180406,24144.23809932371,26624.578623768157,26187.817251529832,25482.30750389698,24616.60903781002,26829.22718054755,25681.37690847025,26799.075374557207,25545.11878544287,26808.264093011312,25848.37041004835,26179.75434537846,25048.741348534662,26598.82374995173,26234.82374995173,25099.49622235109,25814.8801576812,25095.8736592593,26996.899652946904,25491.509219194886,26017.856242061243,28505.44189268927,26444.24017739136,25321.00804805159,25795.066533848698,27381.730165539535,27195.767078003297,29909.673757810066,28798.075110338243,28694.018702608773,23624.706514138546,25100.689096940485,33340.55444392923,31615.06211349444,31320.502456554023,28813.764999935658,30162.85389977463,35222.12709771345,31380.476462866416,30793.086029114405,32224.105524380102,33040.79749204517,33596.11202280201,32373.966715233568,34308.06211349444,37526.673757810066,37745.55444392923,36431.710670273824,37278.15101333341,38730.03819787447,34683.53936901779,33949.47646286641,38137.28332405805,36185.99920734307,40766.07068998397,35758.42655355885,38868.16401017721,38481.46554409025,36797.131518067705,41836.888469951766,35631.67817816432,40347.235492818116,30348.00362769733,36554.9363011917,44322.10318209347,43447.153091401044,41058.19000386482,29903.543789372045,28915.65660483098,31712.947219967864,29675.62619078912,26611.682598518586,47794.81880115952
29,30176.79234708741,18337.158244743598,25103.42214860923,28466.842228120622,31239.587088525255,31989.612745845516,29645.513781895912,31758.60908051405,32844.64573382872,34821.722705789536,32593.601749851114,31302.87521610383,32117.221988985868,32447.88987742969,36194.04382135131,35471.9998373737,37972.46023553122,33699.26597296347,35716.040156019844,33134.91920008142,39980.20509593586,39227.4968888459,39776.13178930651,34579.91920008142,40992.56653014378,43547.687486082184,41692.59585279551,42634.315055879866,42752.29672922253,39894.4968888459,43064.99027498662,43276.01226697543,42435.59951812697,39961.86198838528,42399.289398559595,38812.47489685709,47114.56429841963,40726.58485680111,47043.80844202059,47705.49832245322,44591.74613138566,43983.7754540374,41661.373701183344,35746.85099239088,27447.251311637607,35165.93896034609,14130.978643501712,6510.793943321031,13956.521910675656,18627.985974164647,20389.37306569283,22457.424380333367,23519.110595434526,21915.442706990703,21420.72350390634,23055.10326477159,25292.844459844753,25657.855455839155,27056.89577448529,24077.45736831657,26774.523344282974,28606.253543361734,27479.260874024672,29510.9617504517,26942.187567395325,26373.176571400923,26911.527009614438,28540.246212698803,29676.611312238187,29057.570993592046,27583.172906069456,28320.198563389727,26778.16191007506,29569.607646906716,27796.873782496485,27948.910435811158,27875.19489805826,27240.497686962703,27995.176571400923,29481.969081114636,27849.516013620036,28666.227886041466,27250.516013620043,26698.15091408066,25855.10693010305,29081.59665091231,25752.78214920981,25749.4646989795,25352.468364310967,25379.815137193014,24487.143583417725,21311.424380333367,15682.890675546505,26469.627407171385,17809.40605367603,19475.409719007497,23251.121591428928,24234.468364310967,23766.066611456918,24966.11059543452,26083.13625275479,25040.09226877718,26895.468364310967,27761.837129181815,27304.789479872743,28904.855455839148,27937.47936030537,28554.83712918181,30016.884778490887,32111.61131223818,34548.69561486193,34183.37449930015,30653.556332266176,29091.826133187416,31788.603981575245,30550.202228721195,32234.286531344937,31961.899439816752,30550.191232726793,30415.870117165017,31134.906770479687,31130.534340277372,33338.28286601347,31055.213224715597,31410.877447827952,31604.227886041463,32305.906770479687,31548.888443822354,31333.224220709995,32493.603981575245,31118.545336271774,30301.18756739533,32289.95441978876,31634.89577448529,31637.56732826058,29562.172906069456,30162.556332266176,32803.326849991085,31502.6992801934,24626.26453935614,22328.917766474093,24750.684618867534,29037.71760685074,29488.603981575252,27958.17290606946,26635.117926097453,26602.78214920981,25872.71983857487,26157.71983857487,27861.77848387834,29656.51234828857,29336.13625275479,29963.83712918182,30075.17290606946,29142.468364310967,33048.25354336173,29770.804141198612,32404.22055537853,30376.158244743594,31686.855455839148,32157.53800560884,30851.172906069463,33528.589320249375,32024.52700961444,24799.31808572082,32277.870117165017,30877.501352294174,32050.873782496485,32018.18390206387,32194.851790507688,32966.22055537853,32863.88477849089,33595.89577448528,34175.58565491791,34365.93975846289,33468.87011716502,34023.25354336173,32931.87011716502,33614.57099359204,32494.86645183355,33892.246212698796,34326.26453935613,32871.20589405266,33015.899439816756,33510.246212698796,34859.29386200787,35665.057049069845,35341.92286541289,30446.878881435285,29867.210992991466,29686.367168637225,30002.917766474086,28176.15091408066,27404.77848387834,24535.701511917534,28786.472029642435,27546.785814541276,27484.070276788385,31381.183902063858,28389.760157221004,30756.154579412127,31364.4976869627,31371.49768696271,31714.172906069463,32648.866451833554,30635.125256760388,31595.15091408066,31859.83712918182,29180.077607451316,30264.771153215403,30640.442706990696,34353.23888203586,33622.86645183356,35092.57832425497,38286.38916062602,35628.260874024665,33766.53434027737,33526.1912327268,33291.83712918182,34910.56366292911,36065.260874024665,34273.216890047064,36118.92876246849,35011.56732826057,34678.88111315941,34520.888443822354,33995.2022287212,35107.58198958644,34141.20589405266,34321.22055537853,34060.235216704394,32952.19856338973,34243.58198958644,37768.35250731135,39102.10469837892,39165.61641117698,37751.445574205354,34377.00716803664,31396.385495294555,29895.57832425498,27071.132587423323,26425.760157221008,28171.13625275479,28158.446372322163,29249.154579412127,27175.723503906338,29225.10693010305,29757.782149209805,29410.09593410865,30398.4646989795,29141.059280793983,30946.46103364803,33091.859121170615,31014.45003765363,31417.793145204214,31775.117926097453,31992.804141198616,32019.48302563684,31664.461033648033,31235.778483878337,32905.49402163124,34584.88477849089,33154.829798518884,31986.461033648036,35191.55999759764,34130.51967895151,34600.53800560885,35466.88477849089,34774.54900160324,34239.1912327268,34300.87011716502,34784.86645183356,37496.28653134494,33229.83346385035,35134.88477849089,34755.88844382235,34814.21689004707,33932.85912117062,31904.169240737996,34842.603981575245,34653.2572086932,36611.64430022139,37932.39649128896,39383.91186941849,42310.24174925053,35906.41258622216,32068.757925496873,30642.93242779996,27222.114260765986,26667.09226877718,28520.468364310967,26831.081272782783,27451.756491889537,27583.727169237805,28142.077607451316,29736.78214920981,27105.35473903549,29532.09959944012,30884.78947987274,31218.789479872743,29178.727169237805,31722.143583417725,31283.4427069907,33104.83346385035,32058.483025636833,31033.420715001892,30676.75282655807,31594.453702985094,32683.811471861547,31403.77481854687,33473.83712918182,34136.51601362004,34228.84445984475,32248.457368316565,36210.231551372926,32816.143583417725,32844.80414119861,35627.899439816756,34634.85912117062,35890.231551372926,32968.16924073799,34937.2132247156,35006.545336271774,33145.49035629977,36299.260874024665,35253.59665091231,34104.2352167044,37044.31951932815,39148.097367715985,39722.587088525244,43852.57019547524,36228.752028441275,32955.10103304745,29843.914101142625,26249.10693010305,27487.453702985098,27040.420715001892,27810.11059543452,28027.088603445714,27165.04828479958,28633.431710996294,29655.439041659232,28940.409719007494,28315.723503906334,30082.767487883935,28911.741830563667,29369.74183056367,32123.150914080656,29442.05928079398,29981.07760745131,30704.760157221004,32939.15457941213,31482.121591428917,30216.073942119845,31117.76748788394,31686.453702985098,36594.961750451694,32941.82613318742,33314.815137193014,31343.10693010305,32737.13625275479,31204.099599440116,32177.796810535678,33350.829798518884,32951.815137193014,35377.55999759764,34047.51601362004,34013.51601362004,34313.1912327268,34445.53434027738,35191.88477849089,34315.54900160324,34664.961750451694,34631.559997597644,34425.23888203586,36223.629638895516,37011.68095353607,42030.01449869956,45423.617844784305,36175.423582216565,34325.83489745768,31214.29752733934,27863.811471861547,26324.41338433896,23411.650197277,26324.384061687226,27712.417049670432,27992.74183056367,28076.738165232207,29250.763822552468,27606.04828479958,30790.13625275479,27082.015296816382,30582.782149209812,29865.431710996294,31081.450037653627,30856.435376327765,31481.79314520421,31611.121591428924,30638.10693010305,30681.110595434522,31135.110595434515,30753.43904165923,33635.169240737996,32018.461033648033,32334.479360305373,32892.80780653008,37296.65896154726,32586.14358341773,33680.50501762564,34226.198563389735,32347.80414119861,33670.83346385035,32818.82246785595,33398.49035629977,34277.86278650208,34238.50501762564,35569.2352167044,34821.22055537853,33904.2132247156,32845.1802367324,33707.21689004707,36764.65163088433,39683.11569437332,42059.328283598414,45360.318721211326,35159.711709795134,31936.082706390116,31049.297527339342,28463.165575406525,27425.457368316565,26473.738165232207,26412.723503906338,26807.39139235016,28865.442706990696,28400.74549589514,28608.073942119856,30801.483025636837,27693.044619468114,28952.745495895135,28626.387727018693,30747.453702985098,29230.406053676026,32275.4866909683,29705.084938114243,30493.771153215403,29714.066611456918,29281.738165232204,31947.46836431097,31837.125256760388,32850.143583417725,32147.472029642435,31566.785814541276,33291.50868295711,32862.49035629977,33115.486690968304,32252.472029642435,30217.756491889537,32233.80047586715,35817.235216704394,32094.79681053568,31731.778483878345,32384.139918086257,35544.574658923506,34866.20589405266,34733.86645183356,33238.49402163124,32458.501352294177,32788.1802367324,34577.56732826057,35965.972746446096,39689.12669036773,41675.642068497255,45955.02326296982,37239.12079331212,32235.101033047453,30497.94342379436,28137.815137193014,26892.756491889537,25652.36573502989,26780.40605367603,27921.76748788394,28807.78214920981,27642.066611456918,29488.12159142892,28695.745495895135,28602.40971900749,28890.789479872743,28958.402388344562,29687.760157221004,29639.409719007494,30303.099599440113,29239.71983857487,31371.128922091855,30598.756491889537,32501.147248749192,30121.077607451316,37183.64430022139,32719.807806530076,32009.12159142892,31581.453702985098,31928.800475867145,32997.14724874919,31693.789479872747,32777.13991808626,32002.4756949739,30877.76382255247,31306.10326477158,32966.14724874919,33007.82246785595,33654.50501762564,34217.84812517622,33344.16191007506,34071.19489805827,32783.16557540653,32030.822467855945,34605.91043581115,36967.99107310343,40972.18167033972,41796.32095293548,46355.34071320013,34746.35760625015,32360.772586822746,30414.936093131422,27681.143583417725,26709.09593410865,27824.79314520421,25873.044619468114,28002.43537632776,28515.43904165923,26642.36573502989,29622.785814541276,29085.76382255247,27966.719838574867,28849.745495895135,30724.12892209185,30218.103264771584,31022.12892209186,31475.125256760384,30001.75282655807,31093.79314520421,29602.741830563664,31397.46103364803,30824.10326477158,30107.084938114243,33914.53434027737,30234.413384338954,32134.13625275479,32017.47202964244,32168.143583417725,31876.11792609745,32917.48302563684,31751.442706990696,31514.782149209812,32666.47936030537,33377.49402163124,32406.472029642435,34551.86645183356,34587.86278650208,33243.49402163124,32165.479360305366,32611.158244743594,32767.833463850347,33558.202228721195,36270.961750451694,38816.414817946286,41386.63107250285,47017.72413939685,36090.4419088739,32162.093702384518,30494.59665091231,27707.475694973902,26237.756491889537,25771.38039635576,26192.39139235016,28000.760157221004,29897.143583417725,26653.03362347371,28853.095934108645,29248.10326477158,29369.431710996294,28945.07394211985,30653.78581454128,30904.796810535678,30724.125256760388,26866.01163148491,29835.75282655807,31759.139918086254,31569.789479872743,31558.11792609745,30939.121591428917,31321.132587423323,31523.132587423323,32286.800475867145,31488.785814541276,31831.457368316565,31950.132587423326,32933.82246785595,32759.48302563684,31676.13258742332,31842.785814541276,30148.730834569273,31740.45736831656,33654.512348288576,32579.490356299775,31945.78214920981,34283.1912327268,33173.83346385035,33662.855455839155,32137.143583417725,31727.483025636837,34498.589320249375,35364.2572086932,38151.71760685073,42583.35760625014,47737.73880072272,35941.10613198626,32219.772586822746,30973.961750451697,27544.158244743594,26399.417049670432,27646.453702985098,26894.40605367603,28372.114260765986,29553.13625275479,28843.42438033336,28910.09593410865,31272.53800560884,30642.15457941213,31754.176571400927,30230.453702985098,30118.099599440113,30553.782149209805,31616.13625275479,32666.83346385035,30467.763822552468,30727.114260765986,32935.49402163124,32326.829798518876,31266.446372322167,30819.42438033336,32024.800475867145,31627.782149209805,31017.774818546874,34726.59665091231,33523.16557540653,31144.417049670425,32765.15457941213,32715.158244743598,33114.82613318742,33504.829798518884,33008.15457941213,33653.50135229417,32955.158244743594,33021.50501762564,32169.47936030537,33417.18756739533,32854.84812517622,36827.9837424405,38717.07904105865,41284.63107250285,44588.617844784305,34531.040156019844,31941.097367715985,24922.75649188954,28937.855455839148,27620.154579412127,26311.741830563675,26990.092268777185,27634.771153215406,29055.4646989795,28260.431710996294,28761.10693010305,28614.749161226602,29371.442706990696,28165.066611456918,28808.077607451312,30929.486690968304,29888.774818546874,31042.468364310964,31192.136252754786,30423.103264771584,31997.83346385035,30985.453702985098,32033.14358341773,30285.439041659232,32494.888443822354,31962.136252754786,32091.79314520421,32370.815137193014,31987.125256760384,34232.52700961444,34302.873782496485,31830.472029642435,32283.47936030537,28026.04461946811,31830.12892209186,33665.17657140093,31509.789479872743,31185.10693010305,32079.125256760388,32734.49402163124,33012.183902063865,32410.16557540653,33271.574658923506,35053.589320249375,39057.082706390116,40336.2513116376,47300.39569317213,35061.38692890189,31523.40748728336,31110.99107310344,27308.154579412127,27671.80780653008,26385.084938114247,25492.716173243403,25961.358404366954,25949.417049670432,27688.40605367603,27300.066611456918,28069.42438033336,27058.37673102429,29019.760157221004,28871.75282655807,29852.77848387834,29847.10693010305,30414.45003765363,31095.464698979496,31339.807806530083,30836.128922091855,31888.82246785595,31511.147248749196,32240.169240737996,31438.472029642435,31776.12892209186,31656.796810535678,32001.4756949739,32813.829798518884,33226.51601362004,35340.231551372926,32391.47936030537,33930.18756739533,29963.070276788378,31831.12525676039,33170.84079451328,31588.789479872743,31235.442706990692,30798.09226877718,32631.811471861547,30410.402388344555,31528.464698979504,32231.512348288576,33094.202228721195,34340.24254736733,38003.73593350807,42086.66406048606,46177.01593230689,35288.726371121,30892.717606850732,31179.998403766374,29718.581989586444,27760.848125176213,26915.128922091855,26687.09593410865,26868.073942119852,27553.088603445714,26052.701511917534,26758.395057681628,27443.398723013095,28949.774818546874,29189.10326477158,29735.78581454128,30527.815137193018,25177.31808572082,31891.84079451329,31616.833463850347,31295.475694973906,31350.479360305366,30153.771153215403,31648.81880252448,32151.172906069467,31310.12159142892,31864.486690968304,32307.154579412127,33167.50868295711,33504.85912117062,32544.83712918182,32879.82246785595,33285.51234828857,32874.486690968304,32866.51601362004,33244.50135229417,32385.150914080663,31201.435376327765,32955.16191007506,33501.84812517622,32272.815137193014,31387.785814541276,31422.468364310967,32730.516013620047,31860.826133187416,36068.29386200787,39066.4148179463,41171.298960946675,44051.6068487899,34570.70071380073,30668.07904105865,30395.312188665215,28036.519678951507,27887.172906069456,25575.395057681628,28719.161910075058,26810.74183056367,26711.428045664827,27561.084938114247,27780.41338433896,27124.723503906338,29414.45003765363,28115.40605367603,29099.431710996294,29299.42804566483,31224.483025636837,30112.793145204207,31284.486690968304,31807.829798518887,30493.125256760388,32683.85545583915,30701.461033648033,31026.125256760388,32496.501352294174,33291.52700961444,31056.431710996294,32955.17657140093,33989.88111315942,33657.1912327268,33464.19489805827,32653.154579412127,31476.47202964243,32220.815137193014,33291.85179050769,32570.818802524478,31556.125256760388,31399.11059543452,31566.78947987274,31975.472029642435,31317.475694973906,32126.84812517622,32536.52700961444,33804.88111315943,38121.7322681766,40899.30995694108,44341.28206789666,33273.9778453849,30751.07537572718,30730.33418065402,27969.862786502083,25959.43904165923,27066.165575406525,24910.05195013105,26947.099599440116,26302.402388344562,26432.059280793983,27375.41704967043,27254.73449990074,28553.099599440116,28331.41338433896,29534.793145204207,28960.76748788394,23794.281432406147,29460.103264771584,30623.147248749192,30667.461033648036,30408.789479872743,30981.13258742332,29684.752826558066,30846.12159142892,30980.811471861543,31294.13991808626,32789.17657140093,33353.51967895151,33193.50501762564,33854.19489805827,32317.829798518884,34891.22422071,33315.17657140093,32407.150914080656,31623.45736831656,32440.486690968304,28209.7271692378,32735.829798518884,31421.128922091855,31336.125256760388,31907.147248749196,31266.147248749192,32847.86278650208,35792.96908111463,36457.35250731135,39628.262307632,44386.94262567755,34080.353940918685,30534.743264171004,30401.651630884327,27239.50501762564,26202.789479872743,24719.40605367603,25358.395057681628,26847.114260765986,26200.055615462516,28256.811471861547,27223.75282655807,25780.35107370402,27897.752826558073,29814.154579412123,28429.446372322163,27813.066611456918,28527.08493811425,29021.088603445714,28915.09226877718,30936.48302563684,30447.804141198612,30631.45736831657,30192.11426076599,31148.800475867145,32153.172906069463,31477.80780653008,31853.15091408066,33897.88111315941,32821.17290606946,34030.2132247156,33549.53067494591,33794.86645183356,32078.826133187413,32339.483025636837,33144.50135229417,32798.829798518884,31057.80780653008,31245.12159142892,31978.804141198612,31659.483025636833,30671.10693010305,32496.50501762564,33541.55633226618,34657.92876246849,38617.082706390116,38999.2403156432,44642.97194832929,32347.944857401693,30099.713941519272,28487.570993592046,24536.431710996298,23530.716173243403,25150.74549589514,26647.125256760388,25805.760157221008,24933.686850591665,26408.066611456918,27146.77848387834,25999.358404366954,27974.103264771584,26372.03728880518,28678.774818546874,27564.06294612545,29079.099599440116,27162.040954136646,29027.771153215406,29342.42438033336,29533.42438033336,32459.205894052666,31804.161910075065,30204.125256760384,30899.125256760384,30870.12159142892,32122.169240737996,31624.483025636837,26588.34007770962,33083.183902063865,32795.50868295711,33144.169240737996,33512.87378249649,32828.497686962706,33030.1802367324,31944.132587423326,32276.81513719301,31280.793145204214,31921.479360305366,31383.457368316565,29878.088603445714,31545.143583417725,30656.796810535678,32020.84812517622,34777.92876246849,36190.34884197988,37831.513781895905,41851.88031504261,32558.653064491657,31639.141351693594,28896.249878030267,26388.172906069463,23782.70884258047,25096.409719007497,24762.71983857487,24771.70884258047,26172.070276788385,24593.004300821976,25222.686850591665,25316.347408372552,26520.040954136646,26759.727169237805,27347.06294612545,27611.774818546874,28673.43904165923,28347.073942119852,28789.088603445718,29936.45003765363,28898.74549589513,29527.09593410865,29384.099599440116,28024.029958142244,30041.09593410865,31219.80414119861,32027.83712918182,31100.79314520421,30915.457368316565,31653.79681053568,32503.494021631243,32160.47936030537,32662.83346385035,33233.19489805827,32514.15457941213,33274.1802367324,32530.501352294177,33058.85179050769,30797.450037653634,30152.088603445714,30761.774818546874,30633.121591428924,32238.172906069463,30980.475694973906,33358.899439816756,35922.01306509224,39649.59808451965,42145.559199480835,31828.93386140729,30388.425813940696,26905.859121170615,24577.76015722101,24919.09593410865,25030.106930103055,22929.33274704669,25340.384061687226,23750.325416383756,24825.347408372552,25364.026292810777,25545.03728880518,26117.03362347371,26831.387727018693,26086.690515923132,27572.738165232207,26913.37673102429,28025.402388344562,28185.402388344566,28606.749161226602,28531.730834569273,26699.332747046683,29991.10693010305,29759.43904165923,30990.80780653008,31559.49402163124,30893.457368316565,25690.64653194553,32097.49035629977,32083.483025636837,31842.81880252448,31504.139918086257,31218.12892209186,31835.815137193018,32869.840794513286,32493.169240737996,30903.77848387834,30267.77848387834,29803.420715001892,30157.43904165923,30576.78947987274,30986.807806530083,30351.136252754794,34135.92143180555,35923.05338373838,39343.262307632,38977.087805328905,32269.966849390497,28956.378164631627,25558.811471861547,22578.679519928737,23214.701511917534,22618.996970159045,22123.30342439495,23356.99697015904,23731.325416383756,24433.34007770962,24888.343743041085,25411.686850591665,25597.343743041085,26585.738165232207,25925.686850591665,26271.36573502989,26952.71983857487,28105.42438033336,27729.727169237805,26740.690515923132,29168.767487883943,29349.103264771584,29802.774818546877,29637.442706990696,29064.059280793983,30280.11792609745,29977.43537632776,29882.099599440116,31768.49035629977,32456.837129181815,32615.17657140093,30240.103264771587,32055.82979851888,31258.800475867145,31910.80780653008,33724.88477849089,30682.12892209186,25873.993304827574,31575.804141198612,29790.767487883935,30161.446372322167,31109.147248749196,30344.818802524478,32101.866451833557,33407.91410114262,34412.33051532255,37580.19999699706,39931.80700841327,30292.203662328535,27098.96541578317,28278.268204687603,22219.340077709625,22427.34740837256,21517.62087462526,22466.971312838774,21983.60621329939,22558.62087462526,24754.690515923132,23851.683185260197,26350.066611456918,26072.387727018693,25460.686850591665,29031.833463850347,25414.336412378154,26621.03362347371,26657.70884258047,26282.358404366954,26715.36573502989,27835.380396355762,28301.073942119852,28773.738165232207,28039.04828479958,30206.789479872747,29202.07394211985,30180.435376327765,30443.114260765986,30679.450037653634,31049.453702985098,30320.78947987274,31281.80047586714,30789.121591428924,30563.11059543452,30208.103264771587,30788.453702985098,31601.14358341772,30542.78214920981,30347.10326477158,28452.402388344555,31277.13625275479,29166.084938114247,29862.457368316565,30246.14358341773,30783.84812517622,34127.63330422698,36786.19999699706,40079.4968888459,30270.87888143529,26418.585654917915,25144.815137193014,21654.340077709625,21001.982308833176,20382.606213299397,21674.96398217584,22526.657527939933,23534.668523934335,23733.007966153444,24068.011631484907,24032.650197277,25014.6721892658,25070.00063549051,24802.332747046687,24269.299759063484,26725.03362347371,27986.409719007494,27029.70884258047,29253.796810535678,27768.391392350157,28235.070276788385,29286.771153215406,28832.07394211985,28951.07394211985,28765.39505768163,30223.771153215406,31094.14724874919,30986.80047586715,28857.08493811425,30163.752826558073,31978.501352294174,31029.804141198612,31217.464698979504,30850.45003765363,30930.11792609745,31301.4646989795,29956.76382255247,30304.4427069907,27042.690515923132,29697.76382255247,29764.11792609745,28837.42804566483,30112.154579412127,29221.128922091855,34809.36350330575,37949.915534749955,40215.500554177364,29143.85688944649,26606.969081114636,24322.826133187416,21346.329081715223,20480.613543962332,20923.960316844375,20240.90533687237,21178.617209293792,22403.956651512905,24268.67951992873,24641.026292810777,23732.310755057886,23521.288763069082,25206.6941812546,25949.36573502989,25842.018962147842,25515.340077709618,26119.03362347371,26430.369400361356,25696.004300821976,27163.05195013105,28020.7271692378,26168.325416383756,29798.114260765986,27035.044619468114,30641.136252754794,29976.43537632776,31289.139918086257,32057.494021631243,30639.785814541272,31398.125256760388,31504.464698979504,30746.125256760384,31430.80047586714,30670.76748788394,29525.741830563667,30714.45736831656,29888.760157221004,29307.409719007494,32273.53800560884,29767.428045664827,29501.442706990696,29808.13625275479,29902.472029642435,31985.89210915382,35071.04605307544,38182.269638294936,40729.201430604386,29158.864220109423,24287.527009614445,23593.44637232217,20517.97864350171,20308.952986181437,21944.007966153447,21464.982308833176,21623.945655518506,22279.299759063484,25371.084938114247,23373.00430082198,24952.354739035487,24340.325416383756,23606.299759063484,23928.314420389353,25036.343743041085,26238.373065692824,26630.716173243403,26233.369400361356,27168.716173243403,26683.044619468114,28205.084938114247,27908.402388344562,28791.428045664823,29753.450037653627,30495.472029642435,30267.789479872743,31226.811471861547,32566.180236732398,30021.771153215406,31267.80414119861,30355.110595434522,30685.11426076599,31092.125256760388,31570.154579412127,29846.756491889537,31506.804141198612,29470.76382255247,29463.413384338957,29679.424380333363,30981.47936030537,28941.103264771587,30179.486690968304,32535.238882035872,36155.09370238452,38086.60908051405,40833.19409994146,25765.74692950248,23975.238882035872,22329.081272782787,21120.67585459727,20109.28876306909,19437.934659524108,21175.95665151291,20500.927328861173,22200.96398217584,21541.934659524104,22959.642866614064,23319.982308833176,25479.741830563675,25088.358404366954,24351.6721892658,24965.007966153444,26240.723503906338,24785.004300821976,26217.712507911936,26063.03362347371,26360.701511917534,26750.055615462516,27061.74183056367,27364.402388344562,28282.756491889537,28896.771153215406,29006.103264771584,30828.497686962703,29637.143583417725,30578.14724874919,31150.822467855953,29482.435376327765,31955.50501762564,29856.442706990696,29439.763822552475,31038.815137193018,30829.815137193014,30752.818802524478,29196.09226877718,30394.793145204214,30322.796810535678,30309.47936030537,28363.75282655807,30960.53067494591,31769.56366292911,31809.94342379436,37137.60541518258,39209.18676927852,25244.765256159808,23427.581989586448,21475.05928079399,19488.967647507314,19700.620874625267,20012.624539956734,20330.285097737622,20451.60254796793,21704.97497817024,20619.270436411753,22118.971312838774,21900.62087462526,22024.63187061966,23698.672189265802,24595.683185260197,24664.6941812546,25615.055615462516,25618.044619468114,28268.176571400923,25861.387727018693,26040.73449990074,26729.084938114247,26576.06294612545,28472.117926097453,27970.088603445714,28435.446372322163,29247.475694973902,29181.13625275479,30040.49402163124,28920.446372322163,29619.804141198612,29572.468364310967,29547.815137193014,30127.81880252448,29712.132587423323,29963.82246785595,31498.216890047064,31017.859121170615,29805.82246785595,29514.81880252448,29026.475694973902,29137.486690968304,29517.855455839148,32044.62597356405,31354.337845985487,34047.875216103814,33525.71904045807,21574.62230823259,20099.442706990703,19019.022627479317,18389.281432406155,17086.580555979126,17069.868683557703,18188.967647507314,21608.73449990074,19573.613543962332,21410.391392350168,21961.672189265802,22634.73449990074,21969.35840436696,22823.387727018693,24438.804141198612,22558.690515923136,24165.09959944012,23576.351073704023,25646.139918086257,23822.730834569273,25968.844459844753,24291.745495895142,27633.943423794364,25476.09226877718,28066.176571400923,27472.475694973902,26648.446372322163,25957.41338433896,28252.914101142625,27179.800475867145,28212.833463850347,26877.442706990696,28082.837129181815,27114.114260765986,27525.80780653008,26331.43537632776,28007.161910075058,27604.16191007506,26348.45003765363,26943.143583417725,26332.457368316565,28322.202228721195,26615.82246785595,27489.59298558085,29759.66262687873,27829.286531344944,26705.67362287313,27270.849558783557,28873.153781295325,28582.07680933451,31587.172107952654,30326.73003645247,30032.748363109804,24896.706610856338,26595.842228120622,34556.52254616617,33117.35760625015,32765.032825356913,30491.882546766756,31747.295295615208,37230.21975726173,32767.287964952273,32363.908204087027,33888.9668493905,34427.313622272544,35027.65306449166,33664.25864230054,36162.35760625015,39233.172107952654,39569.52254616617,38207.09513599185,39125.7703550986,40681.80700841327,36038.955853396095,35316.28796495227,39809.7923470874,37895.68971780632,42621.23808391906,37479.99250671077,40611.142785300915,40185.10979731771,38388.71170979513,43525.920633688744,37409.66406048606,42499.69115141365,31829.181670339723,38277.02182936249,46495.66915942484,45466.96461766635,43156.887645705545,31171.4478059295,30385.41115261483,33165.199996997064,31182.1743396768,28120.156013019467,50647.463102745874
30,29667.134321713806,18129.387414440826,24741.842774693163,28051.571156998332,30743.00237485088,31425.89386820875,29027.598108114118,31125.623654871906,32264.32578824029,34421.00026831389,32245.083228198233,30745.003077029876,31416.327192598284,31822.083930377226,35420.43289052443,34780.19033048238,37107.89105949276,33021.56975264034,35180.16267718759,32291.245637071926,39280.3222773453,38803.59319286114,38828.91801060854,33829.24563707193,40293.727246261056,42729.644286376715,40884.888952955764,41868.42867745044,41905.07761076625,39125.59319286114,42264.725841903055,42448.34712192409,41725.15916629259,39160.26837511374,41723.53718409257,38284.971912840105,46498.80318435542,39966.07831294525,46025.56132649236,46864.93934429234,43874.967699766115,43215.12940646082,41115.752090839844,35079.45773510322,27030.488899292985,34781.94285518733,14155.14696093576,6439.290142662649,13819.716445262215,18384.687387609436,20036.983849883058,22143.766836598792,22982.874641061928,21553.117903282982,21096.578178788302,22596.33421438825,24889.495218903954,25047.30585891447,26571.27820561969,23520.198756630332,26317.062596693413,28013.412961198606,26938.953387872283,28880.142045682773,26250.54912113552,25857.73848112501,26439.332810030253,28053.872534524926,29151.547716777524,28623.575370072307,27147.468267788165,27703.359761146035,26295.657627777655,29018.277503440688,27181.656925598654,27391.35905896704,27190.0895478092,26711.171103335546,27292.73848112501,28940.68247235645,27212.522170019736,28182.521467840736,26728.522170019736,26260.846987767138,25253.604427725084,28591.46686343017,25281.901592177706,25326.739183304002,24835.009396640846,24896.333512209247,24161.30656109347,20935.766836598792,15219.661840851648,25994.974721556093,17401.4157699146,19470.68598325144,22935.68528107244,23948.009396640846,23560.632081019867,24440.87464106192,25787.76613441979,24557.52357437773,26437.009396640842,27170.954792230274,26740.44201885138,28291.305858914464,27244.820036651356,28111.954792230274,29453.467565609168,31561.547716777524,33722.7626235248,33483.33000131427,30020.494516724953,28563.14415221976,31152.00729010385,29913.62997448287,31551.84488123015,31398.548418956518,29774.819334472355,29997.386712261818,30574.0888456302,30606.873236703927,32519.57466789331,30362.440614493382,30535.92713893549,31113.521467840736,31876.0888456302,30834.737778946004,30704.2512545039,31926.00729010385,30473.683876714436,29695.54912113552,31600.601619009096,30816.27820561968,31013.305156735467,29008.468267788165,29587.494516724953,31967.81722793537,30783.032836861647,24366.223601209123,22046.899485640715,24248.951983514293,28396.383903545837,28964.00729010385,27569.468267788165,26167.415067735594,26103.901592177706,25217.30796545146,25543.30796545146,27333.631378840866,29063.251956682896,28620.766134419784,29347.954792230274,29503.468267788165,28506.00939664084,32506.412961198603,29125.52287219873,31709.981041167062,29829.387414440815,31016.305858914464,31436.143450040763,30195.468267788165,32722.926436756494,31233.332810030246,24331.930649830483,31530.38671226182,30403.441316672383,31396.656925598654,31389.278907798678,31609.03564557763,32306.981041167062,32189.46756560917,32956.27820561968,33365.65622341965,33700.52076566174,32836.38671226182,33040.4129611986,32194.386712261818,32933.5753700723,31726.11649892498,33338.872534524926,33518.223601209116,32081.90018781971,32513.548418956514,32740.872534524926,34084.38530790382,35046.16759244057,34779.51585040876,29823.273290366713,29470.516552587767,29180.789574640592,29512.899485640708,27686.846987767138,27018.631378840866,24236.95689876727,28101.27960997768,26962.171805514543,27008.902294356703,30503.27890779868,27962.280312156676,30093.117201103974,30779.17110333555,30848.17110333555,31329.46826778817,32267.116498924977,29966.955494409274,30828.846987767134,31187.95479223027,28532.442721030377,29658.090952167193,29872.117903282975,33768.33210785125,32755.11649892498,34383.11579674598,37623.41085466162,34808.95338787228,33153.87323670393,32732.819334472355,32867.95479223027,34520.03494339863,35149.95338787228,33438.71082783022,35507.710125651225,34159.30515673547,34081.19735227233,33822.737778946,33252.62997448287,34564.38601008282,33223.90018781971,33529.98104116706,33422.06189451441,32337.35976114603,33480.38601008282,37031.70872129324,38346.680365819455,38733.164081545576,37388.8102061454,33666.73075715605,30960.140641324782,29399.11579674598,26479.495921082947,25759.280312156676,27577.766134419784,27315.38811661981,28678.117201103974,26772.578178788295,28556.604427725084,29253.9015921777,28583.793787714567,29927.739183304002,28501.091654346186,30293.468969967165,32274.576072251297,30286.65832995665,30611.71223218822,30853.415067735594,31227.52287219873,31489.090249988192,31047.468969967165,30545.631378840866,32076.900889998706,33630.46756560917,32468.414365556597,31145.46896996716,34384.76473006179,33302.79238335657,33900.14345004076,34765.46756560917,33958.95409005128,33364.819334472355,33684.38671226181,34055.11649892498,36585.84488123015,32512.684578893437,34413.46756560917,34143.737778946,34090.71082783022,33157.5760722513,31400.19805445133,34348.00729010385,34180.68317453544,35935.979636809076,37338.95128133529,38721.70521039825,41876.02441071367,35421.37828611386,31424.356250251054,30045.98033898806,26615.144854398757,26134.52357437773,27855.00939664084,26329.712934367217,26768.01009881984,26901.848392125135,27622.442721030377,29044.901592177703,26360.632783198864,28861.06400105141,30275.44201885138,30445.44201885138,28417.84839212514,31120.306561093465,30668.117903282975,32243.684578893437,31358.090249988192,30397.496623261948,30009.739885483,31131.92854329349,32219.063298872406,30536.36116550403,32886.95479223027,33480.52217001973,33339.49521890395,31387.198756630325,35555.79168117757,32219.306561093457,32189.522872198733,34872.54841895652,34079.5760722513,35047.79168117757,32158.198054451324,34148.44061449338,34191.683876714436,32448.63067666186,35488.95338787228,34540.46686343017,33498.06189451441,36130.2768012617,38591.13993914578,38960.00237485087,43241.997459597886,35871.161975008596,32599.410152482622,29297.62927230387,25671.604427725084,27114.92854329349,26492.496623261948,27324.87464106192,27430.253361040894,26639.281014335676,28103.307263272458,28865.84768994614,28211.68598325143,27859.57817878829,29506.820738830356,28191.929245472485,28848.92924547249,31305.84698776714,28930.091654346186,29452.44272103038,30100.280312156676,32344.11720110397,30858.68528107243,29330.17250769354,30279.820738830353,31024.92854329349,35829.14204568278,32254.144152219753,32668.333512209247,30803.60442772508,31955.76613441978,30613.0640010514,31623.982445525056,32663.414365556597,32378.333512209247,34524.76473006179,33186.52217001973,33226.52217001973,33638.819334472355,33598.87323670393,34461.46756560917,33607.95409005128,34083.14204568278,33709.76473006179,33990.33210785125,35781.89878346172,36609.681770177456,41195.27118382971,44577.51023297678,35929.18892612438,33778.03073032465,30801.655521240664,27605.06329887241,25896.95619658827,22941.173912051538,25871.794489893568,27101.226409925108,27588.929245472485,27605.65903213565,28654.550525493512,27090.281014335676,30146.76613441978,26567.849094304132,30113.901592177703,29274.307263272454,30472.658329956652,30193.577476609298,30762.71223218822,30905.685281072434,30115.604427725088,29867.874641061917,30574.874641061917,30136.84768994614,32915.19805445133,31388.46896996716,31622.820036651356,32156.793085535566,36683.06049015643,31832.306561093465,32773.71153000922,33285.35976114603,31499.522872198733,33071.68457889344,32068.873938882924,32563.63067666187,33460.84628558814,33379.71153000922,34953.06189451441,34000.98104116706,33394.44061449338,32284.008694461845,33212.71082783022,36051.52006348275,38951.49100582997,41390.16337936658,44789.69889078727,34879.18962830337,31435.05908579843,30708.655521240664,28062.92784111449,27057.198756630325,25893.65903213565,25836.578178788295,26370.33491656724,28155.117903282975,27833.199458809322,27991.17250769354,30114.090249988196,27108.010800998836,28454.199458809322,27981.064703230404,30072.92854329349,28500.41576991459,31739.360463325025,29088.983147704057,29679.09095216719,28917.632081019863,28797.65903213565,31175.00939664084,30983.955494409274,32123.306561093457,31435.279609977675,30657.171805514543,32682.981743346056,32050.63067666187,32351.36046332503,31563.27960997768,29480.01009881984,31559.252658861893,34916.06189451441,31286.982445525056,31044.631378840866,31484.03634775662,34867.845583409144,34151.90018781971,33828.11649892498,32483.900889998706,31962.441316672383,32118.00869446184,33960.30515673547,35344.95268569329,39026.30164584049,41008.05557490344,45492.15776193459,36793.10737059802,31815.410152482622,29929.79097899858,27606.333512209247,26295.01009881984,25097.443423209377,26158.415769914594,27579.820738830353,28181.901592177703,26897.632081019867,28880.685281072434,28139.199458809322,27964.68598325143,28298.44201885138,28610.145556577754,29060.280312156676,29013.685983251427,29605.06400105141,28421.30796545146,30608.225707746107,29965.01009881984,31657.576774430305,29390.442721030377,36319.979636809076,31997.79308553557,31252.685281072438,30777.928543293485,31253.252658861893,32056.5767744303,31007.442018851376,31915.036347756617,31317.54982331452,30060.550525493516,30597.33421438824,31851.576774430298,32279.87393888292,32839.71153000922,33479.76543224079,32545.65762777765,33284.0895478092,32029.927841114488,31490.87393888292,33739.359058967035,36448.303752377484,40242.35484589306,41164.6229526929,45807.32017080829,34119.32508606129,31940.437103598408,29906.2505523249,27183.306561093465,26203.793787714567,27338.71223218822,25352.010800998836,27478.577476609298,27841.84768994614,26137.443423209377,29012.171805514543,28365.550525493512,27323.30796545146,28168.199458809322,30100.22570774611,29602.334214388244,30387.22570774611,30796.955494409267,29301.739885483,30439.71223218822,28985.92924547249,30918.46896996717,30180.334214388247,29410.983147704053,33053.87323670393,29695.95619658827,31334.766134419784,31355.279609977675,31568.30656109346,31291.415067735594,32135.09024998819,31004.11790328297,30915.901592177706,31989.820036651356,32456.900889998706,31618.27960997767,33805.11649892498,33851.84628558814,32532.900889998706,31430.820036651356,32104.38741444081,31951.684578893437,32875.62997448287,35772.14204568278,38069.30234801948,40511.24493489292,46441.34641974508,35424.53999280857,31543.869725808945,29842.46686343017,27176.549823314515,25706.01009881984,25153.52427655673,25529.33491656724,27348.280312156676,29315.30656109346,26060.200160988323,28161.793787714567,28562.334214388244,28784.307263272458,28307.17250769354,29914.17180551454,30234.98244552506,29913.95549440927,26147.578880967296,29234.739885483003,30946.036347756617,30650.44201885138,30750.415067735597,30406.685281072438,30623.495921082947,30827.49592108295,31511.252658861893,30673.171805514543,31039.198756630325,31155.495921082947,32152.87393888292,31764.09024998819,30905.495921082947,31075.17180551454,29410.11860546197,31130.198756630325,32754.251956682892,31835.63067666186,31156.901592177703,33359.819334472355,32530.68457889344,32922.305858914464,31548.30656109346,31061.090249988192,33715.92643675649,34646.68317453544,37401.38390354584,41882.32508606128,46963.427273092435,35441.02651725068,31562.437103598408,30475.14204568277,27035.387414440815,25930.22640992511,27137.92854329349,26328.415769914594,27833.144854398757,28848.766134419784,28341.766836598785,28384.793787714567,30725.143450040763,29922.117201103974,31018.738481125,29687.928543293492,29327.064001051403,29838.901592177703,30839.766134419784,31779.684578893437,29724.550525493512,30284.144854398757,32042.900889998706,31667.414365556597,30546.38811661981,30149.76683659879,31229.252658861897,30805.9015921777,30259.36116550403,33960.46686343017,32821.92784111449,30355.22640992511,31902.11720110397,32063.387414440807,32386.14415221976,32740.414365556597,32201.11720110397,32704.44131667238,32196.387414440815,32201.71153000922,31528.820036651352,32655.549121135515,32298.765432240787,36273.7633257038,37969.78887246159,40551.24493489292,44032.51023297678,34093.16267718759,31502.139939145778,24544.01009881984,28338.305858914464,26936.117201103974,25424.929245472485,26324.52357437773,26918.09095216719,28522.739183304002,27648.307263272458,28142.604427725084,28007.469672146162,28703.117903282975,27539.632081019867,28331.442721030377,30372.360463325025,29208.361165504033,30373.00939664084,30407.76613441978,29644.334214388247,31336.684578893437,30251.928543293485,31559.30656109346,29660.84768994614,31637.737778946004,31329.766134419784,31162.71223218822,31640.333512209243,31242.95549440927,33489.332810030246,33466.656925598654,31308.27960997768,31689.820036651356,27714.01080099884,31111.22570774611,32995.738481125,30721.44201885138,30297.604427725084,31234.955494409274,31872.900889998702,32251.278907798678,31719.92784111449,32598.845583409144,34104.92643675649,38130.059085798435,39691.48889929298,46438.37337086086,34600.486792756,30982.76192134581,30690.303752377484,26667.117201103974,26989.79308553557,25937.983147704053,24977.037752114622,25243.9029965357,25393.22640992511,27099.415769914594,26709.632081019867,27615.766836598785,26475.25406321989,28244.280312156676,28084.739885483003,29135.631378840866,29022.604427725084,29845.65832995665,30338.739183304002,30735.793085535573,30207.225707746107,31354.87393888292,30939.576774430305,31664.198054451328,30905.27960997768,31019.22570774611,30874.98244552506,31207.54982331452,32363.414365556597,32487.522170019733,34446.79168117757,31686.820036651356,33156.54912113552,29402.902294356703,31099.95549440927,32647.225005567107,31009.44201885138,30623.11790328297,30241.523574377727,31860.063298872406,29579.145556577754,30828.739183304006,31516.251956682896,32400.62997448287,33947.60232118808,37479.73497023003,41362.67685492447,45769.61733526092,34688.270481650725,30250.383903545837,30494.844179051157,29041.386010082817,27426.76543224079,26294.22570774611,26047.793787714567,26173.17250769354,26790.253361040894,25464.95689876727,26100.60512990408,26777.875343240918,28306.36116550403,28544.334214388244,29131.171805514543,29820.333512209247,24594.930649830483,31245.225005567107,31001.68457889344,30555.54982331451,30718.820036651356,29348.090952167193,30833.603725546083,31587.468267788165,30605.685281072434,31174.36046332503,31655.117201103974,32478.98174334606,32784.5760722513,31769.954792230277,31948.87393888292,32341.25195668289,32114.36046332503,32253.522170019736,32513.441316672386,31742.846987767134,30476.577476609295,32110.65762777765,32642.765432240787,31391.333512209247,30688.17180551454,30679.009396640842,32061.522170019733,31184.14415221976,35227.38530790382,38352.30234801948,40429.001672671875,43587.699592966266,33879.37898829286,30419.788872461595,29793.73637458802,27628.792383356573,27257.468267788165,25184.60512990408,28034.65762777765,26463.929245472485,26205.03704993562,26921.983147704053,27284.95619658827,26686.578178788295,28674.65832995665,27422.415769914594,28529.307263272458,28841.03704993562,30591.090249988192,29362.71223218822,30566.360463325032,31137.4143655566,29898.955494409274,31921.305858914464,30091.468969967165,30456.95549440927,31811.441316672383,32598.332810030242,30237.307263272458,32279.738481125,33470.19735227233,32904.819334472355,32726.089547809195,31843.117201103978,30897.27960997767,31498.333512209247,32437.035645577627,31803.603725546083,30882.95549440927,30758.87464106192,31069.44201885138,31289.27960997767,30560.549823314515,31371.765432240787,31870.332810030242,33089.19735227233,37450.46475689318,40410.812312682385,43501.99675741889,32897.569050461345,30406.518659124755,30210.357654609048,27312.84628558814,25360.84768994614,26456.92784111449,24355.551227672513,26181.064001051407,25696.145556577758,25782.091654346186,26729.226409925108,26705.388818798812,27875.064001051407,27594.95619658827,28975.71223218822,28136.820738830353,23161.228516462103,28819.334214388244,30108.576774430305,29935.46896996717,29725.442018851376,30353.495921082947,28986.739885483003,30236.68528107243,30283.06329887241,30600.03634775662,32105.738481125,32613.792383356573,32553.711530009215,33141.0895478092,31588.4143655566,34212.2512545039,32618.738481125005,31559.846987767138,30747.19875663033,31768.36046332503,27597.848392125135,31893.414365556593,30812.22570774611,30525.95549440927,31266.5767744303,30457.576774430305,32190.846285588137,34994.68247235645,35873.70872129324,39135.299539303494,43738.21306852416,33487.05487272445,29954.2753969037,29776.52006348275,26591.71153000922,25606.44201885138,24192.415769914594,24782.60512990408,26325.144854398757,25389.82144100935,27465.06329887241,26435.739885483003,25069.362569862024,27240.739885483003,29170.117201103974,27666.38811661981,27294.632081019867,27829.983147704053,28336.253361040894,28296.52357437773,30318.090249988192,29921.522872198733,30023.198756630325,29425.144854398757,30345.252658861893,31313.46826778816,30865.79308553557,31270.846987767138,33033.19735227233,32279.468267788165,33421.44061449338,32745.603023367086,33106.11649892498,31516.144152219757,31267.09024998819,32373.441316672383,31975.4143655566,30480.79308553557,30455.685281072434,31239.52287219873,31035.090249988192,30046.60442772508,31719.71153000922,32871.49451672495,34037.710125651225,38015.05908579843,38499.67825928246,44338.374775218865,31908.137130429805,29522.113690209,27924.575370072307,23925.307263272465,23123.037752114622,24671.199458809326,26090.955494409274,25318.280312156676,24596.876045419915,25880.632081019867,26721.631378840866,25371.9029965357,27321.334214388244,25978.47037432516,27955.36116550403,26985.361867683027,28264.064001051407,26711.740587662,28476.09095216719,28703.766836598785,28838.766836598785,31769.90018781971,31278.657627777648,29594.955494409274,30187.95549440927,30172.685281072434,31535.198054451324,31043.090249988192,26016.55192985151,32374.27890779868,31959.981743346056,32270.198054451328,32747.65692559865,32039.171103335542,32501.008694461845,31048.495921082947,31596.33351220925,30520.71223218822,31146.820036651356,30617.19875663032,29306.253361040894,31014.30656109346,30189.982445525056,31341.765432240787,34073.710125651225,35656.43850795641,37223.59810811411,41255.61944179791,32206.866214913967,31220.382499187843,28273.142747861762,25798.468267788165,23353.497325440945,24516.685983251435,24291.30796545146,24274.497325440945,25473.902294356703,24136.03845429362,24639.876045419915,24936.092356525187,25916.740587662,25993.848392125135,26867.361867683027,27129.36116550403,28204.84768994614,27730.17250769354,28159.253361040894,29300.65832995665,28515.199458809322,28970.793787714563,28770.064001051407,27402.929947651486,29362.793787714563,30545.52287219873,31351.954792230274,30604.71223218822,30158.19875663032,30897.982445525056,31610.900889998706,31418.82003665135,32085.684578893433,32482.0895478092,31736.117201103978,32435.00869446184,31858.441316672383,32260.035645577627,30064.65832995665,29532.25336104089,29837.36116550403,29986.68528107243,31449.46826778817,30352.54982331452,32634.548418956514,35427.92503239851,38933.813014861385,41606.18681958738,31498.326490419284,29835.11298803,26265.5760722513,24207.28031215668,24241.79378771457,24419.604427725084,22608.01150317784,24598.794489893568,23284.47107650416,24288.092356525187,24653.659734314646,24912.47037432516,25595.200160988323,26210.064703230404,25655.146258756755,26884.65903213565,26346.25406321989,27302.145556577758,27501.145556577758,27823.469672146162,27823.118605461972,25949.011503177833,29296.604427725084,29222.847689946142,30370.793085535573,31093.900889998702,30174.19875663033,24883.903698714697,31402.63067666187,31468.090249988196,31234.603725546083,30653.03634775662,30598.22570774611,31079.333512209247,32210.22500556711,31824.198054451324,30391.631378840862,29651.631378840866,29212.496623261948,29453.84768994613,30020.44201885138,30319.79308553557,29747.766134419784,33335.16969897755,35014.89737910373,38631.299539303494,38445.67545056648,31850.75841045083,28319.600214651105,25063.06329887241,22279.33561874624,22719.956898767272,22046.49802761995,21610.849796483133,22942.498027619942,23255.47107650416,23842.55192985151,24373.82214318835,24819.876045419915,24925.82214318835,25976.65903213565,25272.876045419915,25680.443423209377,26566.30796545146,27546.766836598785,27148.848392125135,26224.146258756755,28523.820738830353,28802.334214388244,29146.361165504026,29154.117903282975,28377.091654346183,29628.415067735594,29264.577476609295,29053.064001051407,31056.630676661865,31784.954792230274,31849.738481125005,29558.334214388247,31299.414365556597,30466.252658861893,30941.79308553557,33025.46756560917,30187.22570774611,25241.227814283106,30652.522872198726,29133.820738830356,29726.38811661981,30265.5767744303,29728.603725546083,31477.116498924977,32786.62927230387,33883.08744127221,36955.70591257725,39250.21517506115,29792.97612591409,26523.412259019613,27640.493814545956,21844.551929851514,21880.09235652519,20965.012205356834,21977.60653426208,21526.93135200948,21954.012205356834,24264.146258756755,23505.605832083078,25834.632081019867,25415.064703230404,24917.876045419915,28593.684578893437,24756.281716514673,25891.200160988323,26159.497325440945,25581.9029965357,26077.443423209377,27265.52427655673,27658.17250769354,28174.659032135645,27517.281014335676,29709.442018851376,28764.172507693536,29374.577476609298,30020.144854398757,30038.658329956652,30350.92854329348,29669.44201885138,30718.252658861893,30111.68528107243,29934.87464106192,29670.334214388247,30080.928543293485,30838.306561093465,29806.901592177703,29702.334214388247,27651.145556577758,30460.766134419788,28662.983147704053,29157.198756630325,29777.30656109346,30159.765432240787,33569.16899679856,36387.70591257725,39429.593192861124,29991.273290366713,25818.65622341966,24661.33351220925,21190.551929851517,20505.417174272596,20029.931352009487,21160.066107588405,22131.714338725214,23048.52497873573,23258.30866763046,23632.578880967296,23519.173912051538,24324.795192072565,24502.76824095678,24347.011503177833,23660.579583146293,25972.200160988323,27331.68598325143,26452.497325440945,28496.982445525056,27152.33491656724,27728.902294356703,28606.09095216719,28246.17250769354,28352.172507693536,28117.60512990408,29544.090952167193,30347.5767744303,30308.25265886189,28227.983147704053,29394.739885483006,31339.44131667238,30463.522872198733,30426.739183304006,30210.658329956645,30243.41506773559,30673.739183304002,29291.550525493512,29663.117903282975,26580.146258756755,28824.550525493512,29125.415067735594,28146.03704993562,29657.117201103974,28756.22570774611,34281.519361303755,37379.975423735086,39906.86340619797,28907.652010345686,26048.68247235645,23989.144152219764,20887.741289841004,20029.471778683164,20574.79589425157,19949.742694198998,20861.741992019997,21662.52568091473,23888.33561874624,24249.659734314646,23206.390223156806,22817.76894313578,24671.416472093595,25328.443423209377,25390.11930764097,25013.551929851514,25539.200160988323,25929.713636546214,25050.03845429362,26611.551227672513,27199.848392125135,25536.47107650416,29097.144854398757,26425.010800998836,30060.766134419788,29246.577476609298,30625.036347756624,31393.900889998706,29899.171805514543,30623.955494409278,30695.739183304,30249.955494409274,30674.252658861897,29794.820738830353,28709.929245472482,30057.19875663033,29325.28031215668,28748.685983251435,31598.143450040763,29129.03704993562,28897.117903282975,29251.766134419784,29220.27960997768,31478.007992282844,34686.356952430055,37522.83996597717,40114.05206400846,28883.192437019356,23954.332810030253,23257.38811661982,20192.14696093576,19773.255467577896,21495.308667630463,21036.417174272596,21210.715040904215,21961.579583146296,24720.983147704057,22709.03845429362,24377.632783198864,23868.47107650416,23210.579583146293,23492.660436493647,24508.82214318835,25768.98384988305,26277.037752114622,25712.713636546214,26434.037752114622,26147.010800998836,27612.983147704053,27134.145556577758,28328.03704993562,29291.65832995665,29890.279609977682,29699.44201885138,30450.063298872403,31676.00869446184,29572.090952167193,30570.52287219873,29735.874641061924,30023.144854398757,30378.95549440927,30733.117201103974,29320.010098819843,30777.522872198733,28942.550525493512,28751.956196588275,28970.76683659878,30261.820036651356,28258.334214388244,29655.36046332503,31968.33210785125,35652.869725808945,37358.6236548719,40355.51163733478,25492.545610240544,23667.332107851256,21908.71293436722,20511.06540540941,19647.768943135787,19035.904400893705,20939.525680914732,20129.363974220025,21476.066107588405,21115.904400893698,22487.63348537786,22809.417174272592,24843.929245472485,24528.9029965357,24095.795192072565,24522.30866763046,25643.578178788295,24329.03845429362,25849.76753877778,25338.200160988323,25640.95689876727,26081.82144100935,26556.929245472485,26907.145556577758,27769.01009881984,28194.09095216719,28274.334214388244,30224.171103335546,28889.30656109346,29984.5767744303,30392.87393888292,28957.577476609298,31302.71153000922,29249.117903282975,28951.550525493512,30460.333512209247,30054.333512209247,30293.60372554608,28758.523574377734,29639.712232188223,29562.982445525056,29681.820036651356,27645.739885483003,30325.603023367086,31000.034943398627,31205.79097899858,36571.35344153506,38866.97121066111,24934.896676924734,23152.386010082824,20912.091654346194,19004.336320925246,19275.01220535684,19619.282418693678,20077.49872979895,19882.66113867265,21150.87674759892,20094.417876451596,21680.60653426208,21561.012205356834,21717.82284536735,23194.795192072568,24046.605832083078,24267.416472093595,25092.82144100935,25129.010800998836,27635.738481125005,25420.064703230404,25469.388818798812,26231.983147704053,25902.361867683027,28035.415067735594,27482.253361040894,27942.38811661981,28544.549823314515,28628.766134419784,29433.900889998706,28127.38811661981,28995.52287219873,28811.00939664084,28959.333512209247,29749.603725546083,29042.495921082947,29381.87393888292,31112.710827830222,30430.5760722513,29075.87393888292,28960.603725546083,28334.549823314515,28665.36046332503,29031.305858914464,31325.628570124874,30728.62786794589,33455.00307702987,32986.73005497705,21216.35835678805,19832.117903282982,18618.389520977817,18001.22851646211,16714.039858651624,16640.04056083062,17678.336320925246,21009.388818798816,19065.471778683164,20928.334916567248,21344.795192072568,22367.388818798816,21522.902996535708,22414.06470323041,23713.522872198737,22213.14625875676,23817.06400105141,23091.362569862024,24942.036347756624,23246.118605461976,25602.495218903954,23802.199458809326,27080.790978998582,24749.52357437773,27502.738481125005,27009.549823314515,26115.38811661981,25365.956196588275,27535.629272303875,26517.252658861893,27525.684578893437,26288.117903282975,27461.954792230274,26484.144854398757,26852.79308553557,25891.577476609298,27528.65762777765,26954.657627777655,25840.658329956652,26559.306561093465,25626.19875663033,27658.629974482872,26152.873938882924,26909.196650093334,29064.330703493266,27440.84488123015,26270.141343503783,26886.11158367201,28335.539290629567,27834.864810555973,31044.890357313758,29922.540694987565,29625.89176167175,24297.57326353532,25895.571156998332,34188.484686219,32443.32508606129,32086.622250513916,29775.543503703546,30938.731459335042,36474.40313069265,32100.19103266137,31723.434997061417,33157.75841045083,33855.082526019236,34406.86621491397,32980.029325966665,35214.32508606129,38726.89035731376,38729.484686219,37389.21587724016,38275.51304169278,39792.21517506116,35569.94777044031,34828.19103266136,39193.134321713806,37245.56834828234,42002.75419737684,36478.64990380869,39822.72865061904,39521.296730587506,37661.18962830337,42773.59178850314,36687.67685492447,41747.914499713545,31464.354845893064,37500.81161050339,45582.29321969251,44458.83434854519,42149.159868471594,30547.73426805103,29677.03213468265,32630.70591257725,30665.814419219387,27721.463352535196,49869.58336235516
31,29106.954489304695,17479.103514560906,24134.13975838491,27601.878523715943,30383.03741077491,31083.777045591134,28530.63845415713,30593.957097760245,31557.15657606913,33944.3754805178,31745.317202098468,30299.258054193946,30942.597862907205,31389.537845517505,34851.97565441484,34156.136280444174,36676.89447191499,32510.437236877875,34735.15570658395,31830.097428164612,38589.05335897395,38002.093950223876,38203.65440235617,33340.097428164605,39492.672959010764,41885.7312374301,40174.232541657875,41331.651793900615,41384.55205474617,38427.093950223876,41481.23167217269,41947.15135915802,41010.052489488764,38591.53349809158,41038.91215908439,37518.17426323854,45471.40824640106,39340.77269816521,45241.78951584943,45961.64918544506,43144.85040272432,42600.40998537143,40073.77095919484,34392.07365459891,26662.157445554316,33913.752402540245,13783.926070847345,6269.37344408171,13368.987827207418,17889.565966509123,19886.92520136216,21661.404470994603,22474.444192759343,21222.504210149047,20709.084957906307,22217.804297097566,24436.14323632564,24744.603079818306,26049.622505958083,23078.784001472603,25885.543062428602,27609.42215816401,26552.062053825786,28553.381566914082,25915.66309720801,25493.203253715343,26022.36301025949,27499.78226250223,28762.221810369934,27925.202384230153,26800.383305884447,27126.122940700672,25788.923462391787,28559.401862539045,26895.70281897275,27005.90229728164,26885.302992869787,26215.803427612376,27081.203253715335,28498.021462575864,26907.903166766817,27828.682523347783,26544.90316676682,25824.463618899117,24861.62424492845,28240.942019046375,24940.20412320052,24998.423897134377,24559.24384496527,24617.58365367853,23654.823723237343,20587.404470994603,15085.247322906012,25502.056836914686,17143.30473184016,19180.124679671047,22880.90403625201,23519.24384496527,23094.604818788674,24146.44419275934,25201.18382757556,24197.344453604896,25976.24384496526,26729.503340663858,26264.8440188623,28075.6030798183,26789.703688457932,27847.503340663854,29070.162662465413,31097.221810369934,33217.080610480385,33022.48043658335,29594.922592906594,28183.043497171187,30516.581914708157,29481.942888531557,31177.80168864201,30805.442453788964,29359.48304503889,29737.882871141854,30226.082349450742,30103.00290592126,32100.98174081112,30182.402732024224,30194.52276680363,30688.68252334778,31247.082349450742,30294.982610296298,30202.86257551689,31427.581914708157,30055.462749413928,29375.663097208006,31135.741671252305,30375.622505958076,30640.382436399264,28609.383305884447,29331.922592906598,31799.821114781793,30463.90055831127,23995.882001656675,21787.542192943416,24029.62076698772,28187.000297465718,28511.581914708157,27244.38330588445,25970.084088421114,25800.20412320052,25022.26501007541,25369.26501007541,26904.384175369632,28685.083218935928,28175.183827575558,28837.503340663854,29246.383305884447,28068.24384496526,31829.422158164,28746.123810185854,31347.042627686,29414.10351456089,30407.6030798183,30875.82285375215,29661.383305884447,32250.302123384594,30728.363010259483,24025.62598389882,31197.882871141854,29878.62337544326,31110.702818972743,30832.843149377113,31277.78313198741,31897.042627686,31822.16266246541,32636.62250595808,33128.482175553705,33211.46187992874,32393.88287114185,32787.422158164,31802.882871141857,32590.202384230153,31250.062923310965,32871.78226250222,33283.88200165667,31807.76283636245,32029.442453788964,32391.782262502224,33835.441584303786,34923.7002105172,34333.917375995494,29474.078002024835,29051.13801941454,29052.84054092157,29189.54219294341,27321.463618899113,26453.384175369632,23838.16527092097,27746.06379279615,26693.02407103141,26654.42476661956,30206.843149377113,27592.284436215188,29870.283566730002,30278.803427612373,30272.803427612373,30874.383305884443,31654.06292331097,29637.723984082895,30261.463618899113,31076.503340663858,28250.064662281336,29415.744279707855,29473.504210149036,32949.142366840446,32272.06292331096,33814.84227989193,37054.7602279069,34429.06205382578,32872.00290592126,32559.48304503889,32287.503340663854,33967.56248856837,34763.06205382578,33008.22267985511,34707.002036436075,33829.38243639926,33469.34271463452,33328.9826102963,32782.94288853156,34082.662227722816,32936.762836362446,33206.042627686,33173.32241900956,31841.122940700672,33284.662227722816,36557.560749598015,37752.35953231876,38430.59699342201,36951.61468059143,33277.77617610595,30613.940280076014,28998.84227989193,26128.363879744673,25379.284436215188,27284.183827575558,27227.32415797993,28292.283566730002,26374.0849579063,28288.624244928447,28716.20412320052,28233.16440143578,29442.423897134373,27988.964923126892,29873.60394930348,31946.423027649187,29947.144105810818,30358.663966693188,30672.084088421114,30864.123810185854,31208.523636288817,30765.603949303488,30217.384175369632,31696.983479781487,33438.16266246541,31995.863445002076,30935.603949303484,33854.74254073748,32923.723114597706,33356.82285375215,34224.16266246541,33653.28269724482,32919.48304503889,33354.882871141854,33687.062923310965,36051.80168864201,32108.683392832965,33949.16266246541,33618.9826102963,33810.22267985511,32803.42302764919,31051.563358053558,33874.58191470815,33673.24210599489,35518.60134084794,36842.40012356868,38455.45753250283,41235.25283728283,35161.23515011343,31153.019723605496,29459.821984266968,26180.264140590225,25624.344453604892,27321.24384496526,25988.884610112225,26543.4644883843,26666.90490573719,27245.064662281336,28786.20412320052,26069.825462207707,28460.98434926667,29887.8440188623,29998.8440188623,28009.904905737192,30812.82372323734,30161.50421014904,31900.683392832965,30910.523636288817,30095.584523163703,29520.64454055341,30747.964053641703,31510.763705847636,30150.564227538747,32449.50334066385,32915.90316676682,32786.14323632563,30930.7840014726,35068.50247117867,31643.823723237336,31675.123810185858,34428.442453788964,33489.42302764919,34647.50247117867,31853.563358053558,33682.402732024224,33771.46274941393,32232.16353195059,35019.06205382578,34234.94201904637,33122.32241900956,35931.181219120015,38210.71963665698,38692.0374107749,42938.492906841646,35614.935063164914,32148.539584487866,28685.72224511252,25329.624244928447,26695.964053641706,26142.584523163707,26995.444192759336,27191.524505774003,26278.505079634226,27611.044366656373,28578.68426231815,27886.12467967104,27444.0849579063,29061.924331876966,27860.184697060744,28500.18469706074,31066.463618899117,28404.96492312689,29091.06466228134,29379.284436215188,31771.283566730006,30423.904036252003,29028.24471445045,29966.924331876966,30717.964053641706,35179.38156691408,31751.043497171187,32143.583653678525,30407.624244928447,31632.18382757556,30139.98434926667,31411.483914524077,32235.863445002076,32030.58365367852,33984.74254073748,32770.90316676682,32922.90316676682,33152.48304503889,33297.00290592126,33986.16266246541,33302.28269724482,33487.38156691408,33314.74254073748,33405.142366840446,35130.32154952438,36115.80081915684,40810.416071767715,44378.1522286432,35712.6949936061,33457.23862805416,30202.261532134675,27028.763705847632,25573.94462750193,22581.686001288526,25541.38504485482,26978.764575332818,27312.184697060744,27164.364749229855,28429.104384046077,26775.505079634226,29701.183827575558,26142.125549156226,29664.20412320052,29006.04436665637,29991.144105810818,29902.86431448726,30360.66396669319,30575.904036252003,29576.624244928447,29602.444192759336,30164.444192759333,29632.68426231815,32484.563358053558,30943.603949303484,31374.703688457932,31649.943758016743,36110.8811321715,31575.823723237336,32356.44332327415,33152.12294070067,31095.12381018585,32642.68339283296,31777.2235493403,32283.1635319506,33160.242975480076,32981.44332327415,34455.32241900956,33443.042627686,32879.402732024224,31921.023201546224,32686.222679855113,35604.24123650972,38773.81937581142,41041.376350002975,44475.4717417315,34218.91563702514,30988.439845333425,30100.261532134675,27703.74341022267,26590.784001472595,25522.364749229855,25572.0849579063,25969.024940516596,27909.50421014904,27361.004644891633,27646.244714450448,29737.523636288817,26837.685131803337,28043.004644891633,27716.204992685707,29749.964053641706,28201.304731840155,31209.343584119706,28912.704557943114,29275.744279707855,28599.60481878867,28387.364749229855,30785.24384496526,30667.72398408289,31746.823723237336,30979.063792796154,30377.02407103141,32348.26327110504,31799.1635319506,32017.343584119702,31098.06379279615,29083.4644883843,31062.303862354966,34556.32241900956,30824.483914524077,30560.384175369632,31207.00377540645,34312.02233206104,33617.762836362446,33567.062923310965,32226.983479781484,31604.62337544326,31719.02320154622,33476.38243639926,34995.84141040675,38811.27921930409,40566.336628238234,45028.61120265068,36158.194558863506,31258.539584487862,29434.281827759638,27196.58365367852,25904.4644883843,24819.285305700374,25754.30473184015,27284.924331876966,27968.20412320052,26407.60481878867,28528.904036252003,27802.004644891633,27709.12467967104,27886.8440188623,28132.484784009266,28677.284436215188,28751.124679671044,29147.984349266666,28196.265010075414,30277.543931913784,29500.4644883843,31431.643671068225,29094.064662281336,35570.60134084794,31438.943758016743,30751.904036252003,30452.964053641706,30962.30386235497,31521.64367106822,30797.844018862303,31521.003775406443,30977.883740627043,29772.104384046077,30267.80429709756,31634.643671068225,31678.223549340302,32457.443323274147,32849.96318415652,32204.92346239178,32740.302992869776,31535.74341022267,30884.223549340302,33543.90229728163,36242.9411495612,39890.57843676742,40785.7364543412,45574.39142871683,33936.9359326501,31558.29951492905,29510.641932097853,26720.823723237336,25783.164401435784,26830.663966693188,25098.685131803337,27086.864314487262,27578.68426231815,25669.285305700374,28540.02407103141,28121.104384046077,26910.26501007541,27776.004644891633,29656.54393191378,29035.80429709756,30278.543931913777,30482.72398408289,28759.644540553407,30149.663966693188,28828.184697060744,30367.603949303488,29883.80429709756,29247.70455794311,32750.00290592126,29399.94462750193,31007.18382757556,31132.06379279615,31177.823723237336,30824.084088421117,31733.523636288817,30563.504210149044,30548.20412320052,31646.703688457925,32119.983479781484,31311.063792796147,33420.062923310965,33386.242975480076,32141.983479781484,30906.70368845793,31650.103514560888,31603.68339283297,32496.942888531557,35349.38156691408,37704.499862723125,40400.87678474557,45982.93071573898,35032.79473276054,31423.899688826088,29315.942019046375,26804.88374062704,25322.4644883843,24807.56509702393,25229.024940516596,26946.284436215188,28779.823723237336,25709.22528831067,27729.16440143578,28267.80429709756,28356.044366656373,27855.244714450448,29457.024071031406,29727.483914524077,29591.723984082895,25989.305601325337,28943.64454055341,30492.003775406443,30288.844018862303,30464.084088421114,29778.904036252006,30298.36387974467,30568.36387974467,31235.303862354966,30405.024071031414,30565.78400147259,31034.363879744673,31803.223549340295,31614.52363628882,30594.36387974467,30727.024071031414,29018.724853568077,30659.78400147259,32433.083218935928,31446.1635319506,30917.204123200525,33076.48304503889,32057.683392832965,32579.6030798183,31154.823723237336,30517.52363628882,33364.302123384594,34395.24210599489,36970.00029746572,41467.935932650085,46671.21050706253,34831.91476753995,31394.29951492905,30050.381566914082,26609.103514560895,25622.764575332818,26763.964053641706,26053.30473184015,27353.264140590225,28559.183827575558,27795.404470994596,27908.16440143578,30252.82285375215,29539.283566730002,30566.203253715335,29298.964053641706,28962.984349266666,29514.204123200518,30524.183827575558,31511.683392832965,29151.104384046073,29808.264140590225,31598.983479781484,31126.86344500208,29985.32415797993,29984.404470994596,30805.303862354966,30540.20412320052,29875.56422753874,33411.94201904637,32260.743410222673,30220.764575332818,31505.283566730002,31544.103514560888,31853.043497171187,32546.863445002076,32026.28356673,32344.62337544326,31820.10351456089,31891.44332327415,31278.703688457932,32349.663097208002,31879.963184156524,35715.30125389942,37807.61989750253,40412.87678474557,43561.1522286432,33565.15570658395,31171.719636656977,24161.464488384303,27982.6030798183,26506.283566730006,25241.184697060744,26029.344453604892,26601.744279707855,27876.423897134373,27432.044366656373,27698.624244928447,27355.82459272252,28313.50421014904,27166.60481878867,27838.064662281336,29839.343584119706,28838.564227538744,30025.243844965265,30186.18382757556,29286.80429709756,30980.68339283296,29980.964053641703,31023.823723237332,29268.68426231815,31328.982610296298,31030.18382757556,30918.66396669319,31219.58365367852,30779.72398408289,32978.36301025948,33265.70281897274,30778.063792796147,31152.703688457932,27329.685131803337,30719.543931913784,32667.203253715335,30507.8440188623,30060.624244928447,31014.72398408289,31484.983479781484,31755.843149377113,31296.743410222665,32203.02233206104,33887.302123384594,38019.43984533342,39405.15744555431,46154.69064618016,34101.49551529721,30723.859967061348,30222.9411495612,26226.283566730002,26634.943758016743,25471.704557943114,24656.445062244522,25043.645410038596,25069.764575332818,26802.30473184015,26407.60481878867,27170.404470994596,25971.74514919304,27928.284436215188,27691.64454055341,29019.384175369632,28895.624244928447,29341.144105810814,29841.423897134373,30292.943758016743,29803.543931913777,30984.223549340302,30479.643671068225,31221.563358053554,30391.063792796154,30723.54393191378,30657.483914524077,30980.88374062704,31958.863445002076,32104.903166766817,34093.50247117867,31397.70368845793,32648.663097208002,28942.42476661956,30694.72398408289,32255.32328849474,30699.8440188623,30283.50421014904,29810.344453604892,31312.763705847636,29281.484784009266,30616.423897134377,31356.083218935924,32078.94288853156,33456.962314671335,37316.10003662016,41038.25631522357,45356.971306988904,34314.19542834869,29858.000297465718,30184.581045222978,28501.66222772282,26815.96318415652,25909.54393191378,25651.16440143578,25735.244714450448,26333.524505774003,24829.165270920967,25664.844888347485,26529.664836178374,27835.564227538744,28169.80429709756,28647.02407103141,29330.58365367852,24331.62598389882,30873.323288494743,30401.683392832965,30058.88374062704,30176.70368845793,29052.744279707855,30544.403601509406,31071.38330588445,30225.904036252006,30944.343584119706,31180.283566730002,32078.263271105036,32401.423027649187,31549.503340663854,31697.223549340295,31900.083218935928,31836.343584119706,31800.903166766817,31890.62337544326,31340.463618899117,30154.864314487262,31749.923462391784,32379.963184156524,31154.583653678517,30261.02407103141,30298.24384496526,31567.903166766817,30702.043497171187,35042.441584303786,37839.499862723125,40031.816767355864,43301.692385150534,33432.45579353247,29865.619897502533,29408.541323458237,27222.723114597713,26896.383305884447,24703.84488834749,27653.92346239178,25920.184697060744,25593.224418825484,26623.704557943114,26847.94462750193,26285.0849579063,28127.144105810818,26938.30473184015,28015.044366656373,28443.224418825484,30060.523636288817,29046.663966693188,30100.343584119706,30716.86344500208,29489.723984082888,31459.6030798183,29622.60394930348,30192.723984082895,31285.62337544326,32215.363010259487,29891.044366656373,31753.20325371533,33057.34271463452,32509.48304503889,32261.302992869783,31531.283566730006,30566.06379279615,31278.583653678517,31988.78313198741,31396.40360150941,30439.723984082895,30237.444192759336,30614.8440188623,30763.06379279615,30253.883740627043,31241.963184156517,31511.363010259483,32772.34271463452,37044.28008878927,39897.27661084853,42931.27226342261,32606.21659345884,29984.799949671644,29651.46101044357,26977.24297548008,24956.68426231815,26359.74341022267,23892.325027465115,25693.98434926667,25507.484784009263,25557.964923126892,26379.764575332818,26255.544801398966,27312.98434926667,27250.94462750193,28569.663966693188,28030.924331876966,22857.42650558993,28412.80429709756,29645.643671068225,29513.603949303484,29402.8440188623,29908.363879744666,28894.644540553407,29685.904036252,29979.763705847632,30278.003775406447,31651.203253715335,32311.723114597702,31925.44332327415,32760.302992869783,31268.863445002073,33647.86257551689,32164.20325371533,31335.463618899117,30451.7840014726,31338.343584119702,27239.90490573719,31550.863445002076,30225.54393191378,30089.72398408289,30745.64367106823,30218.643671068225,31922.242975480076,34672.02146257587,35579.560749598015,38829.617289046975,43379.57235037113,33087.11598481921,29628.73993228194,29518.24123650972,26444.443323274154,25309.844018862303,23956.304731840155,24466.844888347485,25992.264140590225,25046.144975296003,27154.763705847632,26238.64454055341,24852.00551437682,26810.64454055341,28797.283566730002,27338.32415797993,26757.60481878867,27451.704557943114,28024.524505774003,27898.344453604892,29904.523636288817,29629.123810185854,29540.7840014726,29063.264140590225,29939.303862354966,30851.383305884443,30261.943758016747,30860.463618899113,32690.342714634524,31623.383305884447,32958.402732024224,32303.182958090372,32817.062923310965,31085.043497171184,31031.52363628882,31884.623375443265,31674.863445002076,30029.943758016743,30090.904036252003,30795.123810185854,30650.523636288817,29693.62424492845,31440.443323274147,32587.92259290659,33569.002036436075,37517.43984533342,38074.69760206164,43890.13193301824,31292.83706298084,29208.18034963483,27567.202384230157,23757.04436665638,22672.44506224453,24366.004644891636,25789.72398408289,24905.28443621519,24156.88547959741,25361.60481878867,26354.384175369632,25093.645410038596,27120.80429709756,25421.04523614156,27801.564227538744,26567.78487095778,27918.98434926667,26272.865183972448,28265.744279707855,28302.404470994596,28390.404470994596,31334.762836362446,30627.92346239178,29268.72398408289,29715.723984082888,29703.904036252003,30999.563358053558,30629.523636288814,25570.545670884152,32038.843149377113,31535.263271105036,31806.56335805356,32530.702818972743,31537.803427612373,31871.023201546224,30604.36387974467,31246.583653678517,30171.663966693184,30696.703688457925,30178.784001472595,28968.524505774003,30682.823723237336,29642.483914524077,31043.963184156517,33714.002036436075,35298.740801767126,36718.638454157124,41231.63323724602,31701.79647173091,30970.55901062765,27816.602210333116,25470.38330588445,22968.80516658275,24224.124679671044,23839.265010075414,23926.805166582744,25089.42476661956,23730.66570566356,24394.88547959741,24632.18556654593,25472.865183972448,25638.90490573719,26362.78487095778,26577.564227538744,27789.68426231815,27253.244714450448,27842.524505774003,28781.144105810818,27880.004644891633,28423.16440143578,28316.98434926667,27083.40534047978,28783.16440143578,29950.123810185854,30989.503340663858,30067.663966693188,29827.784001472595,30443.483914524077,31285.983479781484,31140.703688457925,31735.683392832965,32054.30299286978,31241.283566730002,32012.023201546228,31286.623375443258,32073.783131987413,29700.144105810818,29145.524505774003,29498.564227538744,29775.904036252003,31273.38330588445,30125.88374062704,32176.442453788964,34869.86083654653,38734.49725426757,41312.03306334898,31179.37721948817,29437.95970621579,26094.42302764919,23830.284436215195,24004.164401435788,24299.62424492845,22297.905775222378,24285.38504485482,22893.265879560597,23783.18556654593,24245.585392648893,24474.04523614156,25164.22528831067,25849.204992685707,25380.7054274283,26413.364749229855,26017.74514919304,26926.484784009263,27125.484784009263,27505.82459272252,27543.724853568077,25545.905775222374,28764.624244928447,28754.68426231815,29956.943758016743,30531.983479781484,29755.78400147259,24846.866053457634,30872.1635319506,30878.523636288817,30793.40360150941,30479.00377540645,30126.54393191378,30961.583653678517,31748.323288494747,31317.56335805356,30004.384175369636,29301.38417536963,28768.584523163703,29087.684262318155,29705.8440188623,30025.943758016747,29587.183827575558,33120.3621407743,34889.88026268631,38511.617289046975,38121.8150283855,31510.756749966175,28193.300384414237,24639.76370584764,21879.24558393564,22451.165270920974,21684.02581000179,21381.346192575264,22539.025810001785,22789.265879560597,23488.545670884152,23931.36561871504,24422.88547959741,24620.36561871504,25592.364749229855,24952.88547959741,25297.285305700374,26138.26501007541,27154.404470994596,26635.90490573719,25729.7054274283,28156.924331876966,28368.80429709756,28804.564227538744,28637.50421014904,28011.964923126892,29100.084088421114,28844.864314487262,28743.98434926667,30595.163531950595,31333.50334066385,31427.20325371534,29181.804297097555,30812.863445002076,30125.303862354962,30592.943758016743,32633.16266246541,29609.54393191378,25021.205862170893,30231.123810185854,28864.924331876966,29345.324157979925,30001.643671068225,29422.40360150941,31226.062923310965,32331.72224511252,33511.64106261268,36699.678175921865,39029.23428062824,29252.49812375276,26129.20151474498,27279.701949487564,21477.54567088416,21613.185566545937,20582.12641864142,21580.286175185567,21113.84662731786,21674.126418641416,23832.7054274283,23070.065531766522,25298.60481878867,25231.204992685707,24613.88547959741,28167.683392832965,24579.725723053263,25667.22528831067,25877.805166582744,25392.645410038596,25730.285305700374,26844.56509702393,27437.244714450448,27658.364749229855,27071.505079634226,29105.8440188623,28054.244714450448,29001.864314487266,29304.264140590225,29664.144105810814,30019.964053641703,29300.8440188623,30123.30386235497,29645.904036252003,29464.444192759333,29049.804297097562,29690.964053641706,30406.823723237336,29588.204123200518,29340.80429709756,27234.484784009263,30235.183827575554,28303.704557943114,28807.784001472595,29287.823723237336,29986.96318415652,33044.141497355275,35872.678175921865,39246.093950223876,29355.07800202484,25259.482175553712,24553.58365367853,20819.54567088416,20101.746018678234,19701.846627317864,20925.64627952379,21704.325896950304,22844.785740442967,22987.485653494452,23212.305601325337,23127.686001288523,23902.605688273856,24188.84575783267,23842.905775222374,23362.526244744375,25812.22528831067,27023.12467967104,26118.805166582744,28240.483914524077,26666.024940516596,27456.42476661956,28241.744279707855,27850.244714450448,27807.244714450448,27714.844888347485,29063.74427970786,29931.643671068225,29928.303862354966,27767.704557943114,28888.64454055341,30938.623375443258,29961.123810185858,30127.423897134377,29721.144105810814,29825.08408842111,30179.423897134377,28788.104384046077,29204.50421014904,26054.7054274283,28468.104384046077,28742.084088421114,27686.224418825484,29090.283566730002,28325.54393191378,33789.02059309068,36941.277480333716,39614.91389805476,28516.1583150395,25864.021462575867,23593.043497171195,20663.085827391493,19720.48652297964,20078.8263316929,19549.527114229564,20520.30647081053,21275.006383862008,23250.245583935637,23569.585392648893,22916.98608823704,22576.066401251708,24421.52537525919,24968.285305700374,25051.945496987115,24611.545670884152,25264.22528831067,25458.105253531263,24727.66570566356,26260.325027465115,27008.90490573719,25414.265879560597,28609.264140590225,26176.685131803337,29546.183827575558,28984.864314487262,30269.003775406443,30790.983479781484,29673.024071031414,30101.723984082888,30155.423897134377,29890.72398408289,30401.303862354966,29521.924331876966,28261.184697060744,29718.784001472595,28810.28443621519,28387.12467967104,31172.82285375215,28790.22441882548,28532.50421014904,28815.183827575558,28903.06379279615,31014.802558127187,34245.24036702453,37049.25718470875,39801.233411143054,28327.79821070128,23589.36301025949,22883.324157979936,19788.926070847345,19401.186436031123,21326.485653494456,20709.746018678234,20821.54654036934,21620.526244744375,24522.704557943114,22434.66570566356,23913.825462207707,23259.265879560597,22738.526244744375,23260.80603606793,24124.36561871504,25421.92520136215,25707.445062244522,25256.105253531263,25979.445062244522,25962.685131803337,27088.704557943114,26778.484784009263,27731.224418825484,28788.144105810818,29440.06379279615,29314.8440188623,30105.763705847636,31184.023201546224,28926.744279707855,30092.123810185854,29412.444192759333,29570.26414059023,30140.723984082888,30466.28356673,28830.464488384303,30374.123810185854,28365.104384046077,28364.94462750193,28605.404470994596,29894.70368845793,27862.80429709756,29227.343584119706,31538.142366840446,35228.89968882609,36959.957097760234,39984.59351548128,25268.559880112833,23547.142366840453,21670.884610112233,20344.425636104752,19214.066401251715,18817.08669687668,20278.00638386201,19714.4468012149,21336.64627952379,20892.086696876675,22155.046105626745,22614.746018678226,24412.184697060748,24184.645410038596,23557.605688273856,23936.48565349445,25431.0849579063,23984.66570566356,25486.625114413633,24908.22528831067,25348.165270920967,25890.144975296003,26237.184697060744,26390.484784009263,27280.4644883843,27663.744279707855,27928.80429709756,29667.803427612373,28579.823723237336,29451.643671068225,30057.2235493403,28528.864314487262,30679.44332327415,28816.50421014904,28476.104384046077,29901.58365367852,29661.58365367852,29692.40360150941,28457.344453604892,29631.663966693188,29158.483914524077,29297.70368845793,27326.64454055341,30022.182958090372,30746.562488568372,31189.281827759638,36112.137149929345,38307.953619819506,24762.65961926728,22868.662227722823,20657.9649231269,18820.46622735468,19121.12641864142,19378.946366472308,19712.246453420827,19637.026679486975,20966.106123016456,19882.96666209727,21151.286175185567,21216.126418641416,21598.586262134082,22995.605688273856,23709.065531766522,23686.52537525919,24721.144975296003,24693.685131803337,27310.20325371534,24929.204992685707,25015.544801398966,25834.704557943114,25473.78487095778,27458.084088421114,27139.524505774003,27510.32415797993,28263.88374062704,28336.183827575558,28921.983479781484,27856.32415797993,28624.123810185854,28571.24384496526,28532.58365367852,29281.40360150941,28758.36387974467,28901.2235493403,30510.222679855113,30085.423027649187,28738.2235493403,28662.40360150941,27919.88374062704,28168.343584119706,28719.6030798183,31098.50160169349,30508.28095827446,33045.25805419394,32662.555532686914,20999.681653862608,19556.504210149047,18240.76544481801,17600.426505589938,16330.10699250164,16266.32763592068,17350.46622735468,20673.544801398974,18804.48652297964,20478.024940516603,21061.605688273863,21844.544801398974,21128.645410038604,22115.204992685714,23509.12381018586,21870.705427428307,23374.984349266673,22738.005514376826,24809.003775406447,22814.724853568085,25114.14323632564,23236.00464489164,26506.281827759638,24347.344453604896,26965.203253715335,26402.88374062704,25666.32415797993,25016.94462750193,27135.722245112524,26244.30386235497,27149.683392832965,25836.50421014904,27099.503340663854,26226.264140590225,26446.943758016743,25412.864314487262,26960.92346239178,26555.923462391784,25359.144105810818,26138.82372323734,25273.7840014726,27429.94288853156,25664.223549340302,26438.12207121549,28718.701080002385,26970.80168864201,26043.160923495052,26620.518419377724,28033.574089341506,27394.35518489284,30390.67382849595,29163.015376179585,29014.115115334025,23733.540453973055,25501.878523715946,33765.8335850401,31731.935932650096,31451.515810922174,29224.897949855727,30262.99681952498,35654.333150297505,31482.356923863208,31108.637584671942,32631.756749966175,33326.096558679434,33540.796471730915,32523.797341216097,34844.9359326501,38016.67382849595,38293.8335850401,36756.454924047284,37491.03480231936,39263.23428062824,34823.2969064735,34289.356923863204,38457.95448930469,36411.995950039796,41284.43288945195,36060.49638478238,39361.11424584883,38808.73471537084,37163.91563702513,42085.6526633858,36014.25631522358,40928.551185260985,30771.578436767424,36750.05596742951,44573.631498275645,43867.49203735647,41515.273132907794,30116.879393201132,29263.679914892236,32316.678175921865,30133.93854110565,27155.838801951206,49462.00494235735
32,28451.843406088785,17248.487763443874,23640.624215874126,27097.956105330366,29570.95949864303,30384.94498707375,27971.14381741241,29812.80420301222,31138.212043627533,32881.16850891969,31064.522634889152,29699.223161884143,30128.73937010976,30860.78629813027,34229.699228714584,33322.009819976214,36011.89033410928,31806.42877884814,34060.558444653056,31285.912570622524,37774.89372742195,37219.2981747246,37625.078046191324,32682.912570622524,38734.97307189369,41039.61894592422,39280.09934438595,40450.11724926789,40591.41332896023,37809.2981747246,40812.44574541146,40880.290449780645,40389.240128447476,37881.518303257864,40090.131760837176,36628.45347035541,44736.690565452016,38616.67699220135,44361.26481995475,44974.15645234445,42109.87149090872,41676.99776340097,39398.369794252394,33858.09595107328,26148.865642602013,33353.47476855003,13436.589344428843,6123.691863732427,13228.849614357292,17878.870912551905,19534.935745454364,21380.906722315798,22146.65757064396,20669.610642623455,20205.592737741506,21785.376002520898,23834.238611772034,24339.66096395663,25492.209588633472,22714.17377886958,25158.70789197714,26811.148149043678,26063.429717166742,27838.743701741038,25368.61403593612,25062.191683751524,25381.84867603867,26969.866580920618,28243.08670945389,27418.538084777043,26030.050899689995,26741.03638812071,25489.628547505396,28027.945925392356,26283.364884264283,26398.772724879596,26439.89560405918,25635.722403546417,26458.191683751524,27827.0252698641,26279.426323854077,27100.162660612958,25891.426323854077,25333.206195320807,24380.51678658243,27563.523573207764,24270.845282726004,24533.45534699264,23973.59613105417,24015.112339279785,23326.924627197746,20194.906722315798,14698.210526952093,24980.508123319873,16838.202802008145,18711.343586069677,22233.079922828558,23237.59613105417,22754.968161905585,23624.65757064396,24716.643059074682,23674.953650336305,25466.59613105417,26278.957043648967,25890.12685084906,27304.66096395663,26316.018483238764,27131.957043648967,28469.787236448876,30252.086709453888,32545.32474286911,32265.794023074217,28803.97494853092,27679.534691464374,29879.805141330828,28964.17717218224,30489.415205597463,30156.350372695004,28876.754819997648,28937.22410020275,29571.631940818064,29440.13024416173,31395.27442153593,29351.599524366837,29442.505668325815,29932.162660612958,30597.631940818064,29955.928020510408,29545.02187655143,30845.805141330828,29408.552596346322,28644.614035936116,30608.462133617977,29705.209588633472,29987.397300715515,28015.05089968999,28646.97494853092,30980.96383027431,30016.465526930646,23599.570501228278,21261.054293002664,23483.902390684518,27584.169447238302,27927.805141330828,26637.050899689995,25411.939138767022,25137.845282726004,24479.45195367997,24759.45195367997,26320.704498664472,28042.28553979254,27587.643059074675,28221.957043648967,28380.05089968999,27539.596131054168,31237.148149043678,27982.68998709519,30480.881092489897,28611.487763443864,29774.660963956627,30192.271028223262,29204.05089968999,31583.2420050847,30103.84867603867,23539.82398453139,30564.22410020275,29175.86318760795,30319.364884264283,30164.473251874588,30452.520179895095,31268.881092489897,31219.787236448876,31886.209588633472,32409.101221023167,32596.89899737185,31646.22410020275,32112.148149043678,31159.22410020275,31932.538084777043,30579.083316141223,32201.866580920618,32509.57050122827,31163.317956243773,31398.350372695004,31707.866580920618,33132.69677372053,33714.40408734085,33786.05335468405,28930.36394594568,28688.31701792517,28327.512454951153,28747.054293002657,26718.206195320803,25994.704498664472,23304.748033372318,27075.736915115696,26079.986066787533,25875.108945967117,29620.473251874584,26701.000578356816,29275.346979382335,29659.722403546417,29719.722403546417,30173.050899689988,31082.083316141223,29131.220706890083,29669.206195320803,30171.957043648967,27582.39051409018,28655.42293054141,28813.61064262345,32474.585012797557,31606.083316141223,33074.81965290011,36017.35715932034,33501.42971716674,31942.13024416173,31696.754819997645,31629.957043648967,33056.25651665398,33924.42971716674,32387.740308428365,34168.47664518726,33084.397300715515,32838.646452387344,32563.92802051041,32129.177172182237,33401.96043696164,32208.31795624377,32464.8810924899,32358.444228736025,31150.03638812071,32370.96043696164,35785.949318705025,37274.23428014076,37660.08577113527,36402.32719786317,32692.291388099267,29931.216375258813,28496.819652900107,25750.502275013147,25093.00057835682,26853.643059074682,26620.751426684983,27658.346979382335,25793.592737741503,27458.51678658243,28004.845282726004,27517.094434397837,28676.455346992636,27521.68659378252,29288.314562931104,31123.80174801816,29201.89221074651,29494.267634910593,29775.939138767026,30226.689987095193,30528.159267300285,29935.314562931104,29468.704498664465,31130.581619484892,32446.787236448876,31372.675475525903,30102.314562931104,33130.11573259245,32059.567107915598,32661.271028223262,33412.78723644888,32765.693380407858,32383.75481999764,32606.224100202755,32926.08331614122,35404.41520559746,31711.81625958744,33240.78723644888,32856.92802051041,32855.740308428365,31919.80174801816,30081.91011562846,33238.80514133083,32959.288933105214,34910.353766007676,36180.6387274434,37634.63100249946,40504.30156803726,34485.06014130938,30584.718071915144,28968.617429248785,25590.798354705494,25211.953650336305,26620.59613105417,25321.531298151713,25938.859794295284,26147.733521803035,26533.39051409018,28061.845282726004,25275.2318251467,27762.23521845937,29155.12685084906,29293.12685084906,27404.733521803035,30003.924627197743,29528.61064262345,31126.81625958744,30174.159267300292,29293.765938254262,28991.71901023376,29829.03299480804,30835.971555218257,29510.563714602937,31733.957043648967,32274.426323854077,32192.23861177203,30260.173778869575,34230.30344467449,31116.924627197743,30951.68998709519,33712.350372695,32704.80174801816,33920.30344467449,31003.91011562846,32874.59952436683,32893.55259634633,31381.440835423353,34243.42971716674,33508.52357320776,32498.44422873602,35109.68226215124,37198.95271201769,38046.95949864303,42173.11385595522,34841.29478141194,31438.09349607923,28464.91350894113,24842.51678658243,26049.032994808043,25527.765938254266,26345.65757064396,26347.812866274777,25665.26424159793,26915.18829043886,27967.46985856192,27333.34358606967,26780.592737741503,28313.282146479876,27184.29665804916,27787.29665804916,30327.206195320803,27814.68659378252,28371.39051409018,29031.000578356816,31133.346979382335,29605.07992282855,28452.24973002865,29290.282146479876,30095.032994808043,34602.743701741034,31031.534691464378,31513.11233927978,29724.51678658243,30825.643059074682,29540.235218459366,30528.408418972125,31468.675475525903,31254.112339279778,33219.11573259245,32105.426323854073,32026.426323854073,32411.754819997648,32433.130244161734,33372.78723644888,32586.693380407858,32803.74370174104,32742.115732592454,32816.58501279756,34577.79062976154,35387.76160662298,40102.57295622233,43446.94404875513,34934.48249349398,32872.6745372073,29769.837557782055,26323.971555218253,25006.484370131202,22115.77705651088,24848.358097638953,26299.62515419273,26519.29665804916,26603.155873987627,27725.141362418348,26119.26424159793,28987.643059074675,25635.99718504415,29069.845282726,28393.188290438855,29377.89221074651,29239.329074500387,29864.267634910597,29937.079922828558,29016.51678658243,28930.65757064396,29574.657570643958,28898.46985856192,31776.91011562846,30256.314562931104,30585.018483238764,31103.830771156725,35275.9169022538,30897.924627197743,31677.003971669477,32360.036388120712,30192.689987095186,31780.816259587442,31075.393907402846,31706.44083542336,32258.94253207969,32273.00397166948,33709.44422873603,32834.8810924899,31976.599524366833,31370.332467813052,32086.740308428365,34903.63533413073,37805.65663232535,40427.82210789416,43678.25803332942,33969.7461567351,30304.389575771573,29565.837557782055,26996.769331566928,26092.173778869575,25088.155873987627,24934.592737741503,25424.639665762013,27114.61064262345,26779.43744211069,27076.24973002865,29067.15926730029,26125.1234575364,27354.43744211069,26889.49888170048,28971.03299480804,27344.202802008138,30638.300051361824,28151.672082213245,28589.422930541412,28053.96816190558,27810.155873987627,30081.596131054168,29939.220706890083,30957.924627197743,30449.736915115696,29817.986066787533,31449.144755731013,30736.44083542335,31298.300051361824,30476.7369151157,28452.859794295284,30449.54920303366,33619.44422873603,30259.408418972125,29847.704498664465,30562.783843136214,33597.67886883857,33017.31795624377,32836.08331614122,31289.58161948489,30859.86318760794,30898.332467813052,32851.397300715515,34295.166053925626,37851.07898450995,39925.071259566,44308.71280196524,35669.65569400674,31003.09349607923,28936.039781433377,26742.112339279785,25455.859794295284,24417.654177331293,25151.202802008138,26513.282146479876,27266.845282726004,25915.968161905585,27881.079922828554,27194.43744211069,27226.34358606967,27268.12685084906,27374.062017946606,28006.000578356812,27942.34358606967,28588.23521845937,27598.451953679974,29618.361490951615,28695.85979429528,30555.06541125927,28465.390514090177,35000.35376600767,30716.83077115672,30081.07992282855,29695.03299480804,30268.54920303366,30861.065411259267,29988.126850849065,30889.78384313621,30198.87769917723,29086.141362418348,29468.376002520898,30936.065411259275,31146.393907402842,31835.003971669477,32242.379395833563,31336.628547505396,32265.895604059184,30950.769331566928,30278.39390740285,32686.772724879593,35264.86997423328,39233.19074543292,40010.54053977109,44592.1027376986,33263.94838038641,31036.281208161272,29116.758213310313,26250.924627197746,25272.094434397837,26146.267634910597,24404.1234575364,26528.32907450039,26832.46985856192,25259.654177331293,27982.986066787533,27420.141362418348,26312.45195367997,26987.43744211069,29115.361490951615,28434.376002520898,29390.361490951618,29695.220706890083,28030.719010233755,29288.267634910593,28016.296658049156,29647.314562931108,29102.376002520898,28290.67208221324,32045.13024416173,28591.484370131202,30266.64305907468,30283.736915115704,30505.924627197743,30059.939138767026,30981.159267300292,29935.61064262345,29826.845282726004,30892.018483238768,31506.581619484892,30628.7369151157,32754.083316141223,32693.94253207969,31377.58161948489,30458.01848323876,30938.48776344386,30974.81625958744,31770.177172182244,34598.743701741034,36907.34264775106,39558.6489073814,45275.02678653953,34444.18641380164,30633.81192795617,28905.523573207764,26253.877699177232,24929.859794295287,24270.21731357742,24546.639665762013,26377.000578356816,27936.924627197743,25173.701105351804,27151.094434397837,27486.376002520898,27716.188290438855,27278.24973002865,28832.986066787533,28978.408418972125,28954.220706890083,25366.85640098262,28102.719010233755,29712.783843136207,29927.12685084906,29785.939138767022,29070.079922828554,29678.50227501315,29860.502275013143,30524.549203033657,29719.986066787533,29975.173778869572,30309.502275013147,31112.39390740285,30977.15926730029,30005.502275013143,30065.986066787536,28425.874305864567,29967.173778869572,31625.285539792538,30835.44083542335,30041.845282726,32351.754819997648,31357.816259587435,31732.660963956627,30337.924627197746,29755.15926730029,32737.2420050847,33695.288933105214,36428.1694472383,40962.94838038641,45872.58992278566,34564.09255776061,30875.281208161276,29488.743701741034,26107.487763443867,25080.625154192734,26022.032994808043,25307.202802008138,26823.79835470549,27686.643059074682,27154.906722315798,27132.094434397837,29673.271028223262,28919.346979382335,29913.19168375152,28570.032994808043,28229.23521845937,28804.845282726,29880.643059074682,30706.816259587435,28756.141362418348,29103.79835470549,31006.581619484885,30597.675475525906,29463.75142668498,28950.906722315794,30158.54920303366,29757.845282726004,29254.56371460294,32598.523573207764,31388.769331566928,29487.62515419273,30774.346979382328,30964.48776344387,31273.534691464374,31723.675475525906,31121.346979382335,31604.863187607945,31179.487763443864,31188.003971669477,30593.01848323876,31459.614035936116,31284.379395833555,35110.58840611022,36929.24879171004,39738.6489073814,43033.94404875513,33073.558444653056,30824.952712017697,23782.859794295287,27320.660963956627,26129.346979382335,24702.296658049163,25492.953650336305,26107.422930541412,27397.455346992636,26767.18829043886,27242.51678658243,26887.57822617222,27715.61064262345,26515.968161905585,27181.390514090177,29205.300051361824,28222.56371460294,29320.596131054168,29641.643059074675,28749.376002520898,30091.81625958744,29325.03299480804,30405.92462719774,28637.46985856192,30578.928020510408,30340.64305907468,30103.267634910593,30551.11233927978,30168.220706890083,32325.848676038673,32517.364884264287,30070.7369151157,30396.01848323876,26594.1234575364,30160.36149095162,31794.191683751524,29869.126850849065,29144.51678658243,30293.220706890086,30790.581619484892,31178.473251874584,30717.769331566928,31472.678868838575,33220.2420050847,37328.389575771565,38673.865642602,45448.21449862157,33591.07465287867,30105.061079628,29749.86997423329,25685.34697938234,25994.83077115672,24877.672082213245,24229.311169618442,24447.372609208232,24527.625154192734,25984.202802008138,25891.968161905585,26481.906722315798,25342.07652951589,27336.000578356812,27093.719010233755,28170.704498664472,28132.51678658243,28754.89221074651,29248.455346992636,29545.830771156718,29008.361490951615,30134.393907402846,29744.065411259267,30598.91011562846,29873.736915115696,30027.361490951618,29960.408418972125,30029.877699177225,31051.67547552591,31559.426323854073,33428.30344467449,30663.018483238764,31968.61403593612,28278.108945967117,29908.220706890086,31331.0978277105,29838.126850849065,29539.610642623447,29124.9536503363,30663.971555218253,28651.062017946606,29857.455346992632,30646.285539792538,31206.17717218224,32811.725796859086,36372.87336754595,40258.915963935186,44630.43123384218,33641.30929298123,29375.169447238302,29539.151542356354,27987.96043696164,26378.379395833566,25410.361490951618,25147.094434397837,25194.24973002865,25792.812866274777,24438.748033372314,25218.780449823542,25815.921233885078,27387.56371460294,27426.376002520898,27971.986066787533,28621.11233927978,23654.82398453139,30176.0978277105,29825.81625958744,29087.87769917723,29497.01848323876,28287.422930541412,29810.25312334131,30371.050899689988,29564.079922828554,30183.300051361824,30371.34697938234,31332.144755731013,31727.801748018155,30818.957043648967,30944.393907402846,31068.285539792538,31246.30005136182,31169.426323854073,31288.863187607945,30749.206195320803,29317.329074500383,30937.6285475054,31631.37939583356,30231.112339279778,29579.986066787533,29712.596131054168,30788.426323854073,30141.534691464374,34306.69677372053,37094.34264775106,39424.695835401915,42385.52169657053,32987.3238045505,29358.248791710044,28781.400694028187,26588.56710791561,26404.050899689995,24019.780449823542,27004.628547505396,25363.296658049163,25076.047506377326,26099.672082213245,26234.484370131202,25741.592737741503,27373.89221074651,26404.202802008138,27521.188290438855,27586.047506377326,29403.15926730029,28285.267634910593,29357.300051361824,29890.675475525906,29013.220706890083,30744.660963956623,28887.314562931104,29427.220706890083,30541.86318760795,31331.848676038666,29177.18829043886,31060.19168375152,32268.646452387347,31808.754819997648,31672.895604059184,30611.34697938233,29737.736915115696,30388.11233927978,31487.5201798951,30712.253123341314,29665.220706890083,29617.657570643958,29863.12685084906,30166.736915115693,29449.877699177225,30490.379395833563,30974.84867603867,32149.646452387344,36202.73258348442,39414.118187586515,42454.850192714104,31848.165115607022,29559.108007648512,29197.245398397376,26336.94253207969,24481.46985856192,25594.76933156693,23402.405025659464,25195.23521845937,24891.062017946606,24888.686593782524,25749.625154192734,25726.0150899261,26704.23521845937,26411.484370131202,27762.267634910593,27224.282146479876,22276.41614391608,27699.376002520898,28989.065411259275,28880.314562931104,28800.12685084906,29202.502275013147,28020.719010233755,29140.07992282855,29244.97155521825,29494.783843136207,31035.191683751524,31442.5671079156,31310.003971669477,32159.895604059184,30453.675475525906,32835.02187655143,31425.191683751524,30511.206195320803,29709.173778869575,30776.300051361824,26650.733521803035,30930.675475525903,29643.361490951615,29450.220706890083,30165.065411259267,29634.06541125927,31251.942532079687,34127.0252698641,34720.949318705025,37952.2879947866,42452.61555261156,32696.80759632489,29111.154935669023,28827.63533413074,25738.00397166948,24957.12685084906,23297.202802008138,23892.780449823545,25438.79835470549,24447.545809720992,26463.971555218253,25672.719010233755,24069.091041085172,26300.719010233755,28104.346979382335,26627.751426684983,26207.968161905585,26824.672082213245,27249.812866274773,27218.953650336305,29183.15926730029,28725.68998709519,28962.173778869575,28380.79835470549,29102.549203033654,30362.050899689988,29614.830771156718,30109.206195320803,32095.646452387344,31050.05089968999,32102.599524366837,31733.989460100205,31996.083316141223,30264.534691464374,30329.159267300292,31109.86318760795,30940.675475525906,29236.830771156718,29441.079922828554,30085.68998709519,29845.15926730029,29134.51678658243,30733.00397166948,31954.97494853092,32999.47664518726,36635.389575771565,37450.44329041742,43013.7418251038,30967.898059053237,28655.028663176774,26938.538084777043,23328.18829043886,22304.311169618442,23803.43744211069,25351.220706890086,24351.00057835682,23747.184897126193,24872.968161905585,25613.704498664472,24523.37260920823,26579.376002520898,24845.841889413336,26914.56371460294,26039.827377844056,27372.235218459366,25772.982673474868,27404.422930541412,27482.906722315794,27667.906722315794,30606.317956243773,29930.628547505396,28626.220706890083,28980.220706890083,29115.079922828554,30265.91011562846,29863.15926730029,25002.668688900576,31191.473251874584,30887.14475573101,31035.91011562846,31701.364884264283,30823.722403546417,31159.332467813052,30013.502275013147,30403.112339279778,29495.267634910593,30087.01848323876,29439.173778869575,28336.812866274773,30089.924627197743,29176.408418972125,30336.37939583356,32996.47664518726,34630.8085346435,36105.143817412405,40292.22222356552,31396.493611750593,30536.642120756074,27274.00736498215,24862.050899689995,22400.029601495382,23623.34358606967,23199.45195367997,23423.02960149538,24565.108945967117,23282.57483285956,23752.184897126193,24130.950257023636,24921.982673474868,25012.733521803035,25784.827377844056,25923.56371460294,27121.46985856192,26674.24973002865,27045.812866274777,28172.89221074651,27071.43744211069,27914.094434397837,27683.23521845937,26372.56032129027,28167.094434397837,29438.68998709519,30359.957043648967,29423.267634910593,29059.173778869575,29625.408418972125,30528.58161948488,30495.01848323876,30936.816259587442,31260.89560405918,30698.34697938233,31397.332467813052,30714.863187607945,31322.520179895095,29077.89221074651,28345.812866274773,28873.56371460294,28966.079922828554,30609.050899689988,29364.877699177225,31627.350372695004,34424.714678602475,37877.381850827616,40773.69150377063,30622.475706868645,28871.764999935658,25472.80174801816,23461.00057835682,23325.094434397837,23447.51678658243,21781.387120777516,23832.358097638953,22303.105552654455,23410.950257023636,23817.419537228743,24112.841889413336,24660.701105351807,25349.49888170048,24543.32568118772,25925.155873987627,25371.07652951589,26445.062017946606,26597.062017946606,26878.578226172223,26931.874305864563,25034.387120777516,28469.51678658243,28043.46985856192,29144.830771156718,29810.581619484885,29110.173778869575,24091.636272449345,30226.440835423353,30302.159267300292,30138.25312334131,29755.783843136207,29497.361490951615,30052.11233927978,31033.097827710502,30688.91011562846,29257.704498664472,28731.70449866447,28052.765938254262,28563.46985856192,28997.12685084906,29343.830771156718,28765.643059074675,32299.19507706419,34287.263303279324,37699.2879947866,37569.388637452954,30893.74276342243,27560.934807135753,23991.971555218253,21555.90332900313,22053.74803337232,21212.293264736494,20726.260848285267,22088.293264736494,22258.105552654455,22940.66868890058,23317.809472962108,23930.184897126193,24007.809472962108,25118.155873987627,24432.184897126193,24739.654177331293,25666.45195367997,26455.906722315798,26159.733521803035,25246.32568118772,27439.282146479876,27673.376002520898,28133.56371460294,28102.61064262345,27474.68659378252,28353.939138767022,28192.329074500387,28092.235218459366,29927.440835423353,30502.957043648967,30752.19168375152,28532.376002520898,30112.675475525906,29372.549203033654,29960.83077115672,31874.787236448876,28962.361490951615,24341.152480674962,29657.68998709519,28235.282146479876,28703.75142668498,29290.065411259275,28834.253123341314,30366.083316141223,31782.91350894113,32854.10461433584,36234.89466574056,38360.406542334895,28574.035449802104,25565.88448580257,26605.711285289806,21060.66868890058,20946.950257023644,20253.65078401863,21223.307776305777,20697.087647772507,21203.65078401863,23408.32568118772,22562.044113064665,24819.968161905585,24658.498881700485,24104.184897126193,27281.81625958744,23960.527904839044,25050.701105351807,25243.02960149538,24680.372609208232,25030.654177331293,26152.21731357742,26645.24973002865,27057.155873987627,26428.26424159793,28465.12685084906,27437.24973002865,28475.329074500387,28757.79835470549,29068.89221074651,29313.03299480804,28667.12685084906,29641.549203033657,29094.07992282855,28791.657570643958,28574.376002520898,29022.03299480804,29698.92462719774,28871.845282726,28700.376002520898,26680.062017946606,29500.643059074675,27555.672082213245,28409.173778869575,28661.92462719774,29242.37939583356,32522.93141382308,35235.894665740576,38789.298174724594,28955.36394594567,25119.101221023167,23719.112339279785,20411.66868890058,19746.730128490373,19401.087647772507,20363.026208182717,21263.058624633944,22337.480976818537,22262.715616921087,22853.85640098262,22611.77705651088,23538.621760880065,23582.434048798026,23443.387120777516,22817.12006422373,25201.701105351807,26233.34358606967,25462.02960149538,27528.408418972125,26136.639665762013,26635.108945967117,27528.422930541412,27154.24973002865,27164.24973002865,26990.780449823542,28555.42293054141,29271.065411259267,29259.549203033654,27119.67208221324,28246.719010233755,30285.86318760795,29319.68998709519,29345.455346992632,29147.89221074651,29061.939138767022,29510.455346992632,28147.141362418348,28600.61064262345,25509.32568118772,27942.141362418348,28097.939138767022,27258.047506377326,28529.346979382335,27753.361490951615,33334.371670889625,36349.77178656099,38862.43895878613,28169.51924157649,25142.0252698641,23210.534691464378,20088.246336715987,19278.36921589557,19725.885424121185,19052.773663198215,19949.509999957103,20848.744640059653,22746.90332900313,23263.419537228747,22325.54241640833,22143.697712039142,23729.466465249254,24368.654177331293,24432.13796910568,24064.66868890058,24658.701105351804,24926.79496139283,24135.574832859555,25729.405025659464,26277.733521803035,24658.10555265445,28072.79835470549,25584.1234575364,28759.643059074675,28299.329074500387,29391.783843136207,30123.581619484885,28955.986066787533,29494.220706890083,29631.455346992632,29110.220706890083,29662.54920303366,28808.282146479876,27751.29665804916,29128.173778869575,28182.000578356812,27722.34358606967,30561.271028223262,28224.047506377326,28014.61064262345,28241.64305907468,28374.736915115696,30521.068804571936,33481.98173515625,36425.56956290966,39358.75294336042,27951.800809699555,23244.848676038673,22448.751426684983,19558.58934442884,19150.60385599812,20782.71561692109,20079.730128490373,20535.32228787506,21084.120064223735,23729.672082213245,21928.57483285956,23504.2318251467,22909.10555265445,22188.120064223735,22651.68320046986,23596.809472962108,24874.935745454357,25184.311169618442,24769.79496139283,25492.311169618442,25274.1234575364,26518.672082213245,26249.062017946606,27265.047506377326,28108.89221074651,28768.736915115696,28666.12685084906,29312.971555218246,30517.332467813052,28224.42293054141,29477.689987095186,28750.65757064396,29019.79835470549,29467.220706890083,29730.346979382335,28356.859794295284,29569.68998709519,27806.141362418348,27657.4843701312,27965.906722315794,29117.01848323876,27226.376002520898,28673.300051361824,30992.585012797557,34318.811927956165,36330.804203012216,39259.471375237365,24787.295719730555,23003.585012797557,21225.531298151713,19877.7625449416,19016.697712039142,18339.899935690468,19997.744640059653,19162.618367567404,20858.026208182717,20285.899935690468,21742.495488387816,21913.730128490373,23913.296658049163,23523.372609208236,23012.621760880065,23519.715616921087,24615.592737741503,23255.57483285956,24854.17038555691,24318.701105351807,24774.748033372314,25440.545809720992,25543.296658049163,25851.062017946606,26597.859794295284,27068.422930541412,27309.376002520898,29067.722403546417,27873.924627197743,28985.06541125927,29421.393907402846,28022.329074500387,30143.003971669477,28071.61064262345,27899.141362418348,29439.112339279778,29035.112339279778,29161.25312334131,27792.953650336305,28648.267634910593,28468.408418972125,28596.01848323876,26771.719010233755,29496.9894601002,30113.25651665398,30542.039781433377,35646.66341895069,37868.1898071143,24214.999640038208,22371.96043696164,20329.686593782528,18445.16699224425,18616.65078401863,19062.791568080167,19236.55692797761,19271.94686371098,20317.44856036731,19263.99379173149,20813.307776305777,20644.65078401863,20922.073136203224,22415.621760880065,23153.044113064665,23096.466465249257,24142.545809720992,23946.1234575364,26476.191683751524,24424.498881700485,24519.0150899261,25146.672082213245,25058.827377844056,26791.939138767022,26395.812866274777,26785.751426684983,27426.877699177232,27446.643059074682,28171.581619484885,27138.751426684983,27896.68998709519,27743.59613105417,27746.112339279785,28596.25312334131,28089.502275013147,28211.393907402846,29934.740308428365,29267.80174801816,28137.393907402846,27930.25312334131,27244.877699177232,27654.300051361824,28139.660963956623,30286.649845700016,30088.386182458904,32458.223161884147,32072.027724858162,20457.509061638488,19141.61064262346,17829.27875316722,17335.41614391608,16031.102159341794,15996.365822582908,17279.16699224425,20311.015089926103,18373.36921589557,20156.63966576202,20508.621760880073,21144.0150899261,20662.372609208236,21511.498881700485,22783.689987095193,21332.325681187725,22971.23521845937,22277.091041085176,24024.78384313621,22431.874305864563,24667.238611772038,22776.43744211069,26008.03978143338,23821.953650336305,26336.191683751524,25950.877699177232,25082.751426684983,24371.484370131202,26515.91350894113,25485.54920303366,26462.81625958744,25287.61064262345,26483.95704364897,25549.798354705494,25921.83077115672,24732.32907450039,26399.628547505396,25868.628547505396,24818.89221074651,25514.924627197746,24925.173778869575,26859.17717218224,25179.393907402846,25984.382789146235,28194.057686315333,26438.415205597463,25514.480038499925,26105.237673453426,27220.922750560523,26886.96628526837,29948.626670868176,28447.450077042755,28413.15399735041,23426.74709505371,25091.956105330366,33108.28366315532,31202.94838038642,30915.27687652999,28452.50473000721,29688.555051340387,34962.45686366808,30893.273483217323,30246.490218437924,31805.74276342243,32579.258971648043,33073.49361175059,31764.147210725074,34046.94838038641,37267.62667086818,37460.28366315532,35892.670205576025,36874.99870171959,38247.406542334895,34020.32041123783,33482.27348321732,37720.84340608878,35841.901452365906,40293.160783975734,35243.72825185314,38471.50039837592,37954.23334182214,36228.74615673509,41168.77084824236,35420.915963935186,39951.75972998576,30078.190745432916,36021.85452434539,43876.91502561656,42917.46025698075,40682.503791688585,29452.609704304847,28815.201863689534,31580.89466574057,29587.909177309855,26649.205257002195,48749.60688934899
33,29468.682590426266,17818.363391768304,24561.623405082602,27715.218131681286,30546.03591340404,31303.366748031818,28913.519243038958,30940.890914513562,31893.649249696107,34090.641753579446,31962.939247477058,30633.50063334557,31165.578689579168,31401.40396741859,35028.38897518526,34375.67897296621,36946.50786826569,32754.288691798225,34816.91314166701,32339.21063556462,38814.325649988445,38437.266203448235,38621.80897962336,33622.210635564625,39792.307040295054,42448.00954639744,40629.11370844109,41452.600655536065,41732.2214879448,38967.266203448235,41934.377600412,42271.23260152152,41372.58954195934,38824.7234272731,41338.26982090829,37656.411202338706,45890.95733477735,39679.686207886334,45705.71205249983,46424.39233144878,43378.62288268951,42953.42955083554,40567.21399182813,34717.29592671833,26904.3853577252,34475.71593115643,13950.047549373852,6310.129745460601,13677.694487592631,18347.99921641036,20183.311441344755,21816.973110600313,22687.177556031,21472.35227819158,20873.865331096607,22625.225888994493,24696.567837198992,24926.995337753757,26326.22950645455,23450.2556122646,26198.820615593173,27954.73506324291,26659.68673027942,28827.794509783125,26301.170059914337,25696.742559359576,26343.29644911143,27872.783396206403,28971.240620031273,28299.00645133048,26923.26672584132,27393.5975604691,26212.83922528656,28841.76478651302,27062.374505345026,27508.132840527567,27192.121726950845,26553.489780965396,27266.742559359576,28840.746176819634,27189.868948556665,27994.404228615134,26718.868948556665,26040.4117247318,25177.70172251275,28505.337285958256,25098.478667388674,25284.20727930111,24681.683112819363,24795.76116905296,23983.460057695287,20773.973110600313,15242.627544935753,25845.270082104835,17521.59394300904,19228.069776527293,22916.605056585766,23812.683112819363,23588.46755381195,24286.177556031,25691.508390658782,24537.798388439733,26385.683112819363,27234.616170162488,26498.430334425182,28288.995337753757,27116.110613374127,28064.616170162488,29349.80200589979,31420.240620031273,33434.18479095111,33440.437569345304,29746.10311725746,28465.188669607724,30956.288952994764,29706.073393987353,31386.017564907197,31087.705339972803,29515.645893432593,29852.89867182677,30408.657007009315,30539.248116147937,32296.541731388945,30401.500894542114,30579.85033886328,30806.40422861513,31792.657007009315,30939.277839418042,30528.92839509688,31876.288952994764,30224.675616702698,29472.170059914337,31349.842842746617,30652.22950645455,31017.530617812223,28797.26672584132,29523.10311725746,32155.251733607995,30903.660624469372,24419.162563797676,21933.084507564075,24435.757290396356,28687.03979206064,28936.288952994764,27759.26672584132,26082.12922306751,25894.478667388674,25174.389497578355,25603.389497578355,27091.00283387042,29000.393115038412,28529.50839065878,29239.616170162484,29458.26672584132,28403.683112819363,32244.73506324291,29092.3336684982,31595.452561578626,29656.363391768304,30841.995337753753,31321.72394966619,30193.26672584132,32697.385618921748,31038.296449111425,24163.173938570944,31529.89867182677,30282.965614483648,31333.374505345026,31157.69422639608,31431.5195042355,32265.452561578626,32427.802005899786,32960.22950645455,33390.90978540349,33770.939508673604,32694.898671826777,33033.735063242915,32159.898671826773,33077.00645133048,31624.422838308517,33129.7833962064,33567.16256379767,32149.549227505606,32398.705339972803,32794.7833962064,34234.9692319437,35053.16618125774,34871.68646908288,29847.97646686382,29767.151189024404,29347.485902308792,29615.084507564075,27570.4117247318,26872.00283387042,24146.010329987083,28046.158946337615,26985.954500906926,26533.943387330204,30362.69422639608,27830.62366627915,30197.88755825005,30547.489780965396,30588.489780965396,30944.26672584132,32011.42283830852,29994.080890104015,30555.411724731795,31202.61617016248,28403.89505436672,29691.05116683391,29717.352278191578,33341.83172916989,32662.422838308514,34174.95811836698,37334.34090341831,34800.68673027942,33100.24811614794,32864.64589343259,32503.616170162484,34365.05478429397,35093.68673027942,33503.97672806037,35227.512008118836,34175.53061781223,33939.32617238154,33675.27783941804,33105.07339398735,34279.433951885236,33244.5492275056,33514.452561578626,33583.355895651635,32369.597560469094,33585.433951885236,37054.58256823577,38379.352016995035,39141.84258155007,37537.60453419267,33872.630640002724,30879.86506990006,29607.958118366987,26465.032557140526,25737.62366627915,27655.508390658782,27474.828111709838,28756.88755825005,26530.865331096607,28530.70172251275,28961.478667388674,28518.274221957985,29612.207279301107,28283.515886775444,30199.731445782854,32198.471171272005,30176.303945228094,30819.906167943438,30752.129223067506,31174.333668498202,31490.586446892376,30853.73144578285,30395.002833870418,31975.013947447143,33667.80200589979,32280.664503125972,31179.731445782854,34270.578950775714,33318.34478207491,33758.72394966619,34531.80200589979,33969.15145022095,33316.64589343259,33636.89867182677,34152.422838308514,36459.017564907204,32450.140336644225,34388.80200589979,33892.27783941804,34004.97672806037,33117.47117127201,31398.790892323068,34373.288952994764,33999.21089676117,36077.52312169556,37409.292570454825,39029.25896852811,42089.08398517098,35608.32203252839,31731.27396076144,30109.987841637092,26747.653389549254,26014.798388439733,27562.683112819363,26241.37088788497,26733.147832760893,27106.34116461486,27365.895054366716,28977.478667388674,26224.932273753482,28601.750055476237,30097.430334425186,30328.430334425182,28390.341164614856,31037.460057695287,30474.35227819158,32153.140336644236,31204.586446892376,30242.497277082057,29937.671999242637,30902.77977874635,32143.285335534703,30576.527000352162,32878.61617016248,33315.868948556665,33331.56783719899,31185.255612264595,35362.88006213339,32191.460057695287,32026.3336684982,34892.7053399728,33846.47117127201,34948.88006213339,32071.790892323064,33975.500894542114,34096.6756167027,32560.538113928887,35385.68673027942,34621.33728595826,33448.355895651635,36261.300066571486,38684.40034995852,39122.03591340403,43670.78287381331,36268.44842172548,32729.876183476783,29284.60867404582,25706.70172251275,27049.779778746346,26335.49727708206,27263.177556031,27290.322554921477,26521.088386220683,27837.92477763682,28815.87644467333,28145.069776527296,27589.865331096607,29369.575333315657,28163.24449868788,28636.244498687873,31197.411724731795,28843.515886775444,29283.895054366712,29833.62366627915,31977.887558250048,30812.60505658576,29409.419220848456,30247.575333315657,30915.779778746342,35449.794509783125,32096.18866960772,32599.76116905296,30556.701722512746,31856.50839065878,30559.75005547624,31525.38200146169,32497.66450312598,32286.76116905296,34405.578950775714,33252.868948556665,33140.868948556665,33652.64589343259,33496.24811614794,34378.80200589979,33669.15145022095,33630.794509783125,33831.578950775714,33977.83172916989,35739.61978762255,36773.2814568781,41575.58230703923,45057.968709550616,36195.749533083144,33965.26646464478,30756.44506546196,27436.285335534707,25883.54561004555,22909.348660731524,25702.738941899515,27037.021443563804,27331.244498687876,27418.768665169624,28563.099499797405,27019.088386220683,30059.508390658775,26574.805884556394,29778.478667388674,29185.92477763682,30224.303945228094,30064.400611155077,30644.906167943434,30869.605056585766,29960.701722512746,29807.177556031,30536.177556030998,29893.87644467333,32656.79089232306,31391.731445782854,31565.110613374123,32182.80950201645,36519.42645576858,31796.460057695283,32622.441448001897,33359.597560469105,31509.3336684982,32808.140336644225,32267.712836089468,32602.53811392889,33490.94700479026,33541.441448001904,34793.355895651635,33967.452561578626,33242.500894542114,32359.21839287783,33137.97672806037,36095.47478873207,39165.7795175498,41916.37786160854,45467.07648905432,34967.21425302468,31522.497015885514,30585.44506546196,27987.315058804816,26952.2556122646,25799.768665169624,25829.865331096607,26170.690608936027,28236.35227819158,27673.720332206132,27914.41922084846,30011.58644689238,27045.612552702427,28222.720332206132,27850.21477541777,29895.779778746346,28447.593943009044,31485.06228041063,29164.84672140322,29712.051166833913,28788.46755381195,28648.768665169624,31081.683112819363,31044.080890104018,32102.460057695287,31279.15894633761,30971.95450090693,32588.917281520156,31908.538113928884,32207.06228041063,31503.158946337615,29483.147832760893,31497.857834979943,34749.355895651635,31317.38200146169,31043.00283387042,31642.98422417704,34728.48228484873,33976.5492275056,33899.422838308514,32457.013947447136,31761.965614483644,31999.21839287783,33976.53061781223,35447.22201033789,39245.20701810456,41371.17341617785,45928.660102076276,36822.3814790686,32049.876183476783,30115.415342191853,27632.76116905296,26339.147832760893,25273.359774308246,26018.593943009044,27551.575333315657,28220.478667388674,26819.46755381195,28903.605056585766,27867.720332206132,27979.069776527296,28064.430334425182,28514.118109490788,28803.623666279153,29021.069776527293,29346.75005547624,28461.38949757835,30641.55672362227,29850.147832760893,31717.935891213547,29464.89505436671,36081.52312169556,31953.809502016455,31070.605056585762,30712.779778746346,31231.85783497994,31806.935891213543,31036.430334425182,31908.984224177035,31060.634779855875,30123.0994997974,30501.225888994497,31973.935891213543,32139.712836089464,32845.441448001904,33392.04367071725,32626.83922528656,33172.12172695085,31927.315058804812,31333.712836089468,33886.13284052757,36687.60117792916,40539.344520878374,41503.426194572035,46282.93149016384,34522.18452975457,32199.177294834455,30219.463675155348,27126.460057695287,26094.274221957985,27093.906167943438,25202.612552702427,27298.400611155077,27716.87644467333,25886.359774308246,28871.954500906926,28266.099499797405,27229.389497578355,28043.720332206132,29986.556723622274,29481.22588899449,30218.556723622267,30708.080890104018,29249.671999242644,30411.906167943438,28860.244498687876,30634.731445782858,30154.22588899449,29337.84672140322,32961.24811614794,29686.54561004555,31512.508390658775,31295.15894633762,31430.46005769529,31170.12922306751,31843.58644689238,31016.352278191578,30667.478667388674,31852.110613374127,32522.013947447143,31559.158946337615,33583.422838308514,33857.94700479026,32458.01394744714,31386.110613374123,31798.363391768304,31885.14033664423,32765.07339398735,35759.794509783125,38221.67173804609,41111.74591562309,47081.76788157998,35871.128700674424,31712.924516440275,29850.337285958256,26991.63477985587,25632.147832760893,25028.263108381263,25493.690608936027,27262.62366627915,29060.460057695287,26035.185052147666,27972.274221957985,28442.225888994493,28618.92477763682,28075.41922084846,29740.95450090693,30069.38200146169,29808.08089010402,26135.330051038138,29109.671999242644,30875.98422417704,30777.430334425182,30823.12922306751,30183.605056585762,30497.032557140523,30732.032557140526,31554.857834979943,30678.954500906922,30949.255612264595,31069.032557140526,32200.712836089464,31866.586446892376,30856.032557140526,30973.954500906922,29414.816998133116,30867.255612264602,32795.39311503841,31878.538113928884,31139.478667388674,33440.64589343259,32415.14033664423,32824.99533775376,31358.460057695287,30998.58644689238,33665.38561892175,35044.21089676117,37754.03979206065,42257.18452975457,47535.671215653,35592.47814499558,31740.177294834455,30626.794509783125,27111.363391768304,25865.021443563804,27063.779778746346,26233.593943009044,27667.653389549254,28732.50839065878,28128.973110600313,28369.274221957985,30539.72394966619,29862.88755825005,31118.74255935958,29368.779778746342,29200.750055476237,29742.478667388677,30768.50839065878,31705.140336644236,29469.0994997974,30221.653389549254,31838.013947447136,31644.664503125972,30447.828111709838,30070.973110600316,31213.857834979943,30873.478667388677,30191.527000352165,33506.33728595826,32750.315058804812,30506.021443563804,31787.887558250048,31746.363391768304,32258.188669607724,32896.664503125976,32209.88755825005,32592.965614483644,32213.363391768307,32236.4414480019,31413.110613374123,32595.170059914337,32093.04367071725,36305.64951089265,38341.02118236726,41177.74591562309,44726.968709550616,34353.91314166701,31704.40034995853,24408.147832760893,28135.995337753757,27017.88755825005,25464.244498687876,26249.798388439733,26791.05116683391,28227.207279301107,27573.92477763682,28047.70172251275,27649.19616572439,28605.352278191585,27326.46755381195,27924.895054366716,30222.062280410635,29125.52700035217,30258.683112819363,30345.50839065878,29703.22588899449,31127.14033664423,30370.779778746346,31158.46005769529,29581.876444673333,31475.277839418042,31163.508390658775,31171.906167943438,31749.761169052956,31372.080890104015,33506.296449111425,33588.374505345026,31089.158946337615,31599.110613374127,27661.612552702423,31050.55672362227,33080.74255935957,30706.430334425182,30324.701722512742,31207.08089010402,31795.013947447143,32136.69422639608,31607.31505880481,32622.48228484873,34409.38561892175,38449.497015885514,39880.3853577252,47112.06899293765,34724.99119790061,31186.720071009586,30432.60117792916,26583.88755825005,26789.809502016455,25669.84672140322,24814.9136640601,25003.408107271738,25361.021443563804,26853.593943009044,26617.46755381195,27303.973110600313,26219.78727486301,28164.62366627915,28084.67199924264,28960.00283387042,29129.70172251275,29711.30394522809,30110.207279301103,30620.80950201645,30134.55672362227,31238.71283608947,30739.935891213543,31444.79089232307,30856.158946337615,30999.556723622267,30881.38200146169,31150.63477985587,32149.66450312598,32557.86894855667,34651.88006213339,31766.110613374127,33103.17005991434,29250.9433873302,31048.080890104018,32584.09200368074,30939.430334425182,30345.352278191578,30052.79838843973,31854.285335534707,29669.11810949079,30807.207279301107,31711.39311503841,32451.073393987357,34139.30756268815,37687.41895965191,41781.02841728738,46230.70843503977,34759.1175870977,30408.03979206064,30510.552844965667,28983.43395188524,27186.04367071725,26194.55672362227,26048.274221957985,25994.41922084846,26675.322554921477,25093.010329987083,26131.16644245428,26555.642275972532,28343.527000352165,28325.225888994493,28892.954500906926,29593.76116905296,24368.173938570944,31117.092003680737,30748.140336644232,30164.63477985587,30515.110613374123,29397.051166833913,30829.237002571215,31339.26672584132,30593.60505658576,30953.062280410635,31496.887558250044,32127.917281520156,32818.47117127201,31749.616170162488,31944.71283608947,32344.393115038412,32053.06228041063,32391.86894855667,32275.965614483648,31577.411724731795,30531.400611155073,32215.83922528656,32654.04367071724,31356.76116905296,30594.954500906922,30670.683112819366,31808.86894855667,31032.18866960772,35429.9692319437,38554.67173804609,40729.57119346251,43915.541208995855,34050.78675246992,30290.021182367258,29919.348399534978,27287.34478207492,27218.26672584132,24901.16644245428,28013.83922528656,26140.244498687876,25712.448944118565,26859.84672140322,26943.54561004555,26388.865331096607,28493.303945228094,27297.593943009044,28360.92477763682,28607.448944118565,30331.58644689238,29242.906167943434,30489.06228041063,31017.664503125972,29838.08089010402,31742.995337753753,29916.731445782854,30259.080890104015,31521.965614483648,32481.29644911142,30366.92477763682,32117.742559359576,33186.32617238154,32965.64589343259,32702.121726950845,31748.88755825005,30838.158946337615,31472.761169052963,32501.5195042355,31804.23700257122,30762.080890104018,30596.177556031,30849.43033442518,31138.158946337615,30419.63477985587,31491.04367071725,31920.29644911143,33071.32617238154,37408.94312613366,40664.99869401727,44125.318153871776,33073.82397185669,30470.545348849002,30187.203400644503,27210.947004790265,25223.87644467333,26445.315058804816,24056.564219738935,26086.750055476237,25648.118109490788,25652.515886775444,26525.021443563804,26619.29283165137,27667.750055476237,27304.545610045552,28701.906167943438,28097.575333315657,23077.4156033884,28830.225888994493,29854.935891213543,29861.731445782854,29631.430334425186,30148.032557140526,28859.671999242644,29905.605056585762,30150.285335534707,30516.98422417703,32095.74255935958,32396.344782074924,32486.4414480019,33086.12172695085,31448.664503125976,33864.92839509688,32529.742559359576,31506.41172473179,30753.255612264602,31718.06228041063,27591.34116461486,31878.664503125976,30547.55672362227,30496.08089010402,31099.93589121354,30487.935891213543,32296.947004790265,35071.74617681964,35943.58256823577,39526.81285827997,44170.19176467469,33822.708696236325,30119.370626688422,29975.47478873207,26471.441448001904,25525.430334425182,24118.593943009044,24801.16644245428,26139.653389549254,25201.040053257188,27320.285335534707,26426.67199924264,25026.45644023523,27055.67199924264,28941.88755825005,27474.828111709838,27040.46755381195,27613.84672140322,28168.322554921477,28162.798388439733,30297.58644689238,29687.3336684982,29764.2556122646,29175.653389549254,30213.85783497994,31235.26672584132,30568.80950201645,31163.41172473179,33023.32617238154,31973.266725841317,33209.500894542114,32683.77228262968,32978.422838308514,31557.18866960772,31427.586446892372,32078.965614483648,31950.66450312598,30258.80950201645,30456.60505658576,31057.333668498195,30844.58644689238,30059.70172251275,31843.441448001904,33129.10311725746,34005.512008118836,37988.497015885514,38867.95785717044,44629.99843282072,31982.541470192402,29646.56395854239,28020.00645133048,24093.92477763682,23139.9136640601,24630.720332206132,26028.080890104018,25010.62366627915,24329.106995914066,25804.46755381195,26471.00283387042,25290.408107271738,27305.225888994493,25844.660885665922,27830.527000352165,26860.9917202937,28162.750055476237,26269.13671918417,28426.05116683391,28547.973110600313,28657.973110600313,31562.54922750561,30924.839225286556,29575.08089010402,30013.080890104018,30027.605056585762,31383.790892323064,30928.586446892372,25783.028939680466,32326.69422639608,32170.917281520153,32072.790892323064,32861.374505345026,31927.489780965392,32275.218392877825,31176.032557140526,31599.76116905296,30320.906167943434,31189.110613374127,30587.2556122646,29313.322554921477,30925.46005769529,30115.382001461687,31329.04367071725,34009.512008118836,35820.10673471753,37557.51924303896,41866.102594864366,32499.600916732612,31175.11035217758,28331.25922972466,25888.26672584132,23062.96199702359,24298.069776527296,24157.389497578355,24053.96199702359,25390.943387330204,23950.378384001633,24587.106995914066,24834.980606716977,25819.13671918417,25862.34116461486,26672.9917202937,26835.527000352165,28068.87644467333,27492.41922084846,28035.322554921477,29132.303945228094,28158.720332206132,28625.274221957985,28708.750055476237,27212.70921862941,29177.274221957985,30243.333668498202,31191.616170162484,30269.906167943438,30192.2556122646,30659.38200146169,31501.01394744714,31403.110613374123,31861.140336644232,32368.12172695084,31747.887558250044,32474.21839287783,31587.965614483648,32327.519504235497,30039.303945228097,29315.322554921473,29785.527000352165,29823.605056585762,31421.26672584132,30393.634779855867,32756.705339972803,35552.45617903867,39257.4634139588,42076.35537325856,31698.113969637638,29872.099238600855,26292.47117127201,24089.62366627915,24237.274221957985,24318.70172251275,22420.07727264396,24451.738941899515,22925.12560560745,23973.980606716977,24477.233385111154,24910.66088566592,25317.185052147666,25985.21477541777,25332.582829432322,26664.768665169624,26236.78727486301,27175.118109490788,27438.118109490788,27684.19616572439,27753.816998133116,25900.07727264396,29155.701722512746,29116.876444673333,29955.80950201645,30803.01394744714,30142.255612264595,25040.872827213272,31355.538113928884,31256.586446892372,31037.237002571215,30606.984224177035,30432.55672362227,31068.76116905296,31913.09200368074,31551.790892323064,30165.00283387042,29548.002833870425,28985.497277082057,29623.87644467333,30128.430334425186,30339.809502016455,29904.50839065878,33386.560341082324,35404.69034773948,39073.81285827997,38900.09897740431,31806.396471301923,28549.913402863553,24830.285335534707,22123.155328877558,22450.010329987083,21855.42671696512,21542.270604497928,22802.42671696512,22966.12560560745,23760.028939680466,24116.50477319872,24609.106995914066,24733.50477319872,25920.768665169624,25228.106995914066,25548.359774308246,26347.389497578355,27354.973110600313,26854.34116461486,26154.582829432322,28416.575333315657,28654.225888994493,28930.527000352165,28789.35227819158,28292.515886775444,29496.129223067514,29163.400611155077,29114.750055476234,30821.538113928887,31777.616170162488,31832.742559359573,29608.225888994493,31222.66450312598,30492.857834979943,31015.80950201645,32801.80200589979,29961.55672362227,25269.95088344687,30495.3336684982,29020.575333315657,29514.828111709834,30204.935891213543,29764.237002571215,31567.422838308514,32754.608674045827,34103.72756712625,37148.72368846965,39816.58592449929,29842.1995219879,26449.27034330138,27588.638397315928,21614.028939680466,21705.980606716977,20766.54199258549,21711.095882337344,21443.638658512475,21836.54199258549,24004.582829432322,23141.63116239581,25571.46755381195,25337.21477541777,24844.106995914066,28432.140336644232,24769.553106162217,25940.185052147666,26117.96199702359,25653.408107271738,25964.359774308246,27000.263108381267,27692.41922084846,27813.768665169624,27310.088386220683,29412.430334425182,28428.41922084846,29437.400611155077,29615.653389549254,29990.303945228094,30288.779778746346,29497.430334425186,30409.857834979946,29864.605056585762,29919.177556031,29401.225888994497,30013.779778746346,30681.460057695287,29597.478667388674,29421.22588899449,27500.118109490788,30551.50839065878,28499.84672140322,29135.2556122646,29541.460057695287,30196.04367071725,33449.0956211408,36348.72368846965,40185.266203448235,30067.976466863824,25729.909785403495,24671.76116905296,21218.028939680466,20200.523382892105,19954.638658512475,21191.144215300836,21912.300327768033,22947.727828322793,22871.854217519885,23544.330051038138,23494.348660731524,24204.20366184105,24423.902550483377,24254.07727264396,23491.79477097967,26183.185052147666,26997.069776527296,26228.96199702359,28466.38200146169,27083.690608936027,27729.943387330204,28443.05116683391,28060.41922084846,28184.41922084846,28050.16644245428,29322.051166833906,30187.935891213547,30341.857834979943,27914.846721403224,29240.67199924264,31325.965614483648,30115.3336684982,30117.20727930111,30033.303945228094,30145.12922306751,30449.207279301103,29100.0994997974,29476.35227819158,26289.582829432322,28902.0994997974,29003.12922306751,28024.448944118565,29449.88755825005,28791.55672362227,34425.010068790536,37545.73480204637,40429.74203696649,28900.121465754302,26162.746176819634,23963.188669607724,20791.601439125705,19939.590325548983,20285.668381782583,19720.530879008773,20594.06615906724,21598.192548264327,23545.155328877558,24026.233385111154,23035.222271534432,22726.36727042491,24611.058662950574,25185.359774308246,25245.28171807465,24836.02893968047,25404.185052147666,25706.8356078265,25026.378384001633,26533.564219738935,27135.34116461486,25571.12560560745,29000.653389549254,26354.612552702427,29800.50839065878,29247.400611155077,30472.984224177035,31187.013947447143,29756.95450090693,30505.08089010402,30424.207279301107,30011.080890104018,30571.857834979943,29623.575333315657,28561.24449868788,29930.255612264602,29014.62366627915,28525.069776527293,31524.72394966619,29069.448944118565,29009.35227819158,29276.50839065878,29258.158946337615,31366.7536729363,34488.73868070297,37719.764525316474,40666.84981647019,28930.073132790807,23873.29644911143,23211.828111709838,20171.047549373856,19693.71671474607,21375.854217519885,20770.523382892105,20771.765047709567,21681.79477097967,24558.84672140322,22469.378384001633,24171.932273753482,23499.12560560745,23048.79477097967,23329.69810505269,24203.50477319872,25595.311441344755,26059.9136640601,25523.835607826502,26346.9136640601,26131.612552702427,27345.84672140322,27021.118109490788,28036.448944118565,29085.303945228094,29911.15894633761,29622.430334425182,30310.28533553471,31647.218392877832,29344.051166833913,30365.3336684982,29532.177556031,29821.653389549258,30422.080890104018,30783.887558250055,29051.147832760893,30611.333668498202,28678.099499797405,28697.545610045552,28916.973110600313,30152.110613374127,28233.225888994493,29508.06228041063,31995.831729169895,35666.924516440275,37712.89091451357,40766.89814943368,25567.84646020667,23841.831729169895,21968.37088788497,20538.6794953593,19573.367270424907,19009.337547154806,20574.192548264327,19955.385880118294,21623.144215300836,20911.337547154806,22394.396993695016,22854.523382892105,24713.244498687876,24482.408107271738,23892.20366184105,24308.854217519885,25530.865331096607,24313.378384001633,25641.437830541843,25110.185052147666,25487.010329987083,26065.040053257188,26348.24449868788,26673.118109490788,27540.147832760893,27976.05116683391,28200.225888994493,30001.489780965396,28890.460057695287,29845.935891213543,30373.712836089468,28919.40061115508,31245.441448001904,29039.35227819158,28763.099499797398,30142.761169052963,29926.76116905296,30121.237002571215,28837.79838843973,29633.906167943434,29396.38200146169,29578.110613374123,27551.67199924264,30387.77228262968,31233.05478429397,31357.415342191853,36844.41508099531,39276.94648239718,25246.225627797947,23433.43395188524,21073.515886775444,19063.620048819088,19272.54199258549,19450.017826103744,19839.891436906655,19882.162824994222,21115.5717158556,19951.98810283364,21543.095882337344,21202.54199258549,21580.969493140256,23039.20366184105,23921.63116239581,23900.058662950574,24734.040053257188,25104.612552702427,27393.742559359576,25270.21477541777,25276.29283165137,25996.84672140322,25824.9917202937,27734.12922306751,27349.322554921477,27845.828111709838,28533.63477985587,28345.508390658782,29102.013947447143,28086.828111709838,28798.3336684982,28674.683112819363,28953.76116905296,29619.237002571215,28907.032557140526,29111.71283608947,30883.97672806037,30208.47117127201,29116.71283608947,28948.237002571215,28230.63477985587,28591.06228041063,28915.995337753757,31348.14395410429,31033.67923416276,33630.50063334557,33357.16592006119,21219.668120586037,19756.35227819158,18477.757551592902,17731.415603388403,16683.307823884697,16443.772543826228,17530.620048819088,20821.292831651368,18931.590325548983,20865.690608936024,21040.20366184105,21999.292831651368,21313.408107271738,22242.21477541777,23703.3336684982,22005.58282943232,23548.750055476237,22881.45644023523,24967.984224177035,23087.816998133116,25348.567837198992,23398.720332206132,26757.415342191856,24599.798388439733,27065.742559359576,26630.63477985587,25831.828111709838,25260.54561004555,27277.608674045823,26551.857834979943,27356.140336644232,26200.35227819158,27383.616170162488,26516.653389549254,26846.809502016455,25707.400611155077,27251.83922528656,26789.83922528656,25641.303945228094,26323.460057695287,25645.2556122646,27713.073393987353,26022.71283608947,26666.861452440004,29188.90228928683,27455.017564907197,26324.32978984159,26911.16979871779,28501.66398073288,27735.671476849544,30795.043148324155,29446.593420615947,29465.972588207223,23800.61229150588,25678.218131681286,33890.59703807601,32121.184529754573,31702.961474630498,29556.45230038208,30466.09535994425,36083.228984061454,31926.143692907746,31147.783135009857,32712.396471301923,33496.47452753552,33918.60091673261,32688.337024761713,34960.18452975457,38058.043148324155,38238.59703807601,37272.050644440824,38008.827589316745,39470.58592449929,35158.96897074716,34493.143692907746,38696.682590426266,36816.35925191516,41500.60815165273,36380.7273059297,39564.23648017812,39329.95397851383,37229.21425302468,42545.33676356517,36367.02841728738,41291.4853799157,31004.344520878374,37245.53397407573,45069.63037880617,44150.04676578422,41788.05426190088,30415.95423971038,29639.19590452784,32635.723688469647,30618.392853841866,27649.013686250597,50394.76012426677
34,29212.856925228174,17754.04660198794,24482.42430877,27528.043832758547,30497.785375508785,31008.419319223714,28560.402679180435,30615.900184407295,31713.091532571467,33954.99336371624,31707.861914774454,30378.716046106303,30997.952873766502,31582.792585371975,35003.59624766151,34196.3666298645,36715.69663683364,32631.182491563515,34861.0771128451,31997.945663903316,38598.438179583885,38110.887984997826,38515.055483255535,33352.945663903316,39559.75154650975,42145.88299545154,40349.9046250411,41528.01222407642,41422.41654999433,38746.887984997826,41770.89020531472,41687.005014213224,41126.42375985751,38855.7204867401,41316.37828036149,37629.77317609932,45743.31339159281,39551.347220591844,45579.01444439332,45876.96896489729,43312.18915251421,42493.34223104556,40443.31838113909,34530.163082290856,26772.105952297843,34269.622317884874,13812.608995983479,6434.571275263137,13531.798123830757,18068.647265616317,19927.594576257106,21706.862463686954,22575.297849374514,21299.45813776904,20776.35053873372,22296.25957974168,24472.481987675506,24877.039392124756,26225.74987510535,23443.534677034713,25941.87910373023,27604.544107214802,26754.582376847637,28598.094301800862,25958.199680519283,25544.64227607003,26191.398238546648,27674.505837581964,28797.338339324247,28297.627856343657,26838.123141253614,27301.757084968536,25903.56573680436,28699.819204507832,27052.635066206843,27218.82641437102,27119.23795015212,26340.245160015307,27112.64227607003,28729.132571433696,26938.840834097395,28001.910163499877,26462.840834097395,25921.008332355108,25154.7787145581,28305.26180005858,25050.656695796406,25082.572946667548,24618.092081483966,24777.328909144162,23992.970062722274,20621.862463686954,15042.14976038946,25646.495858489383,17448.266789604866,19349.78592442128,22711.855253823767,23890.092081483966,23318.068231577505,24277.297849374518,25617.93179308944,24518.702175292427,26241.092081483966,27218.44371804267,26483.69496542924,28108.039392124756,27166.64948593322,27840.44371804267,29168.192470656097,31141.33833932425,33423.27844010184,33218.675556156566,29631.55131707799,28420.886313593415,30687.300069691417,29581.276219784955,31254.216320562555,30946.269009921765,29613.718815335702,29818.115931390428,30647.307279554603,30278.436508179482,32209.69718574614,30316.833624234205,30510.154201023262,30766.910163499877,31806.307279554603,30818.711605472516,30302.391028683458,31786.300069691417,30276.993912628735,29415.199680519283,31417.05603216803,30496.74987510535,30734.108721527242,28588.123141253614,29540.55131707799,32051.92680354314,30539.797574918266,24337.101511664056,21963.864684003856,24147.721035652597,28497.393249000354,28925.300069691417,27419.123141253614,26056.33611900735,25941.656695796406,25169.831403917306,25465.831403917306,27207.137560979987,28980.321699280976,28399.93179308944,29142.44371804267,29325.123141253614,28364.092081483966,32053.544107214802,29045.77150469491,31495.871893867043,29724.046601987946,30678.039392124756,31201.955642995898,30008.123141253614,32496.223530425745,31021.398238546644,23999.807554010848,31560.115931390425,30090.764294831723,31190.635066206843,30948.680545702868,31385.52025730834,32078.87189386704,32156.1924706561,32778.74987510535,33331.704395609326,33517.97949290236,32578.115931390428,32860.5441072148,31857.11593139043,32645.627856343657,31565.596796574013,33074.505837581964,33351.10151166405,31969.795354601378,32161.269009921765,32726.505837581964,33966.25459019539,34910.59180702771,34647.46479871974,29831.235180922722,29621.39546931725,29267.637286523735,29498.864684003856,27592.008332355108,26725.137560979987,23977.235729835218,27910.611216300385,26990.175830612825,26789.587366393924,30224.680545702868,27700.5418868979,30058.527467171527,30387.245160015307,30524.245160015307,31035.12314125361,31895.59679657401,29874.374388640186,30544.008332355108,30999.44371804267,28258.625636026758,29445.09929134715,29763.458137769045,33279.467567949134,32599.59679657401,34087.666125976495,37252.75209542224,34492.58237684763,32931.43650817948,32691.718815335702,32527.44371804267,34129.58958671082,34976.58237684764,33365.35275905063,35057.42208845311,34012.10872152724,33737.67333583968,33599.71160547252,33024.27621978495,34219.18526079291,33181.795354601374,33332.87189386704,33222.94843313271,31978.757084968536,33319.18526079291,36867.56074725807,38300.34055964115,38934.93845404013,37469.620097567975,33766.40489949734,30881.232960605823,29286.666125976495,26397.41265827302,25508.5418868979,27389.93179308944,27260.97727258546,28449.527467171527,26435.350538733725,28356.7787145581,28993.656695796406,28457.221310108846,29565.572946667548,28075.02996194467,30072.053811851132,31928.558526941175,30053.496407401883,30557.21410024566,30717.336119007352,31016.771504694916,31290.168620749635,30883.05381185113,30291.13756097999,31938.726025198892,33341.1924706561,32169.405448409834,30884.053811851132,34114.070451894404,32929.35996891381,33595.955642995905,34412.1924706561,33719.51304744515,33163.7188153357,33573.11593139042,33813.59679657401,36459.216320562555,32294.924583226253,34053.1924706561,33967.71160547252,33715.35275905063,32768.558526941175,31186.604006437195,34079.30006969141,34002.06324203122,35959.010552672,37318.79036505508,38993.90739427048,42024.62952774807,35711.947884220215,31709.103731980947,29964.941223269525,26459.816984190933,26124.702175292427,27590.092081483966,26128.144770843173,26549.02275208148,26906.869673550143,27249.625636026758,28926.656695796406,26070.998902175023,28671.740444925264,29920.69496542924,30054.69496542924,28198.869673550147,31063.970062722274,30494.45813776904,31961.924583226253,30986.16862074964,30146.34332887054,30012.503617265065,30958.01554221829,32079.809774327743,30523.61842616357,32635.44371804267,33144.8408340974,33073.48198767551,31153.534677034713,35235.429298316296,31908.970062722274,31893.771504694912,34618.26900992177,33564.558526941175,34746.429298316296,31875.6040064372,33993.833624234205,33953.993912628735,32348.20689038247,35358.58237684764,34352.26180005858,33287.94843313271,36150.888533910314,38507.30229000831,39284.785375508785,43626.270681326176,36027.146442247584,32696.82142482472,29217.345549187437,25619.7787145581,26889.015542218294,26331.34332887054,27300.297849374518,27393.18304047601,26345.472557495417,27733.90073331979,28768.939002952626,27855.785924421285,27514.350538733725,29137.58015653074,28014.946212815812,28761.946212815812,31263.008332355108,28622.029961944667,29147.625636026754,29726.541886897896,32016.527467171527,30687.85525382377,29342.106501210343,30047.580156530734,30914.015542218294,35450.09430180087,31912.886313593415,32433.32890914416,30554.7787145581,31734.93179308944,30495.740444925264,31552.733235062075,32305.405448409838,32211.328909144162,34228.070451894404,33011.8408340974,32994.8408340974,33382.7188153357,33191.43650817948,34226.1924706561,33388.51304744515,33641.09430180087,33730.070451894404,33724.467567949134,35579.93401340634,36623.20190083618,41709.44316913017,45138.0194339396,35966.50528866947,33791.00556312571,30473.773725011808,27337.809774327747,25662.305059237704,22772.96784240537,25547.15198070636,27081.82419405412,27251.946212815812,27166.427077999397,28445.06102171432,26906.472557495417,29844.93179308944,26317.800344147658,29706.656695796406,29117.900733319795,30211.49640740188,30108.41986813621,30648.214100245656,30685.85525382377,29844.778714558102,29763.29784937452,30407.297849374518,29774.939002952626,32507.6040064372,31069.053811851132,31599.64948593322,32099.29063951133,36345.087091937676,31606.970062722274,32600.28342964814,33328.757084968536,31149.771504694912,32750.92458322625,32054.367178777,32485.206890382473,33241.07766175759,33195.283429648145,34533.94843313271,33813.87189386704,33016.833624234205,32180.16141088645,32970.35275905063,35983.04882230484,39258.89796409041,41813.00778344262,45274.53135889283,34931.435959266986,31744.225750742633,30458.773725011804,27868.08487162078,26795.534677034713,25675.427077999397,25750.350538733725,26108.190250339198,27941.458137769045,27811.46534763223,27818.10650121034,29869.16862074964,26979.953422679,28168.46534763223,27703.671115522782,29874.0155422183,28231.266789604866,31367.687755566054,29059.66390565959,29470.09929134715,28771.068231577505,28539.427077999393,30871.092081483966,31026.374388640186,31971.970062722274,31164.611216300385,30712.17583061282,32398.80256446456,31898.20689038247,32301.687755566054,31425.61121630039,29286.022752081477,31372.252369878493,34726.94843313271,31170.733235062075,30717.137560979983,31480.45092790586,34601.14699116007,33842.795354601374,33743.59679657401,32296.726025198892,31752.76429483172,31752.161410886452,33864.10872152724,35138.651706250115,39163.455368539646,41181.57239775505,45935.56241866248,36957.49807880628,31939.821424824724,29819.498627718778,27391.328909144162,26246.02275208148,25023.556306624276,25836.266789604866,27248.580156530734,28091.656695796406,26792.068231577505,28727.855253823767,27932.46534763223,27819.785924421285,27912.69496542924,28325.747654788454,28925.541886897903,28791.785924421285,29456.740444925264,28240.83140391731,30541.893523456598,29586.02275208148,31565.489197538696,29414.625636026758,35998.010552672,31859.29063951133,31089.85525382377,30599.015542218298,30992.252369878493,31780.489197538693,31000.69496542924,31650.450927905855,31000.1303511168,29828.061021714315,30307.25957974168,31618.489197538696,31822.367178777004,32601.283429648138,33304.00112249192,32416.565736804365,33234.23795015212,31812.08487162078,31125.367178777004,33734.826414371026,36235.2473803322,40388.24239078591,41482.96951380978,46188.64616779134,34417.160861973956,32150.180271246616,30002.460358085944,26886.970062722274,25968.221310108846,27069.21410024566,25178.953422679,27214.419868136207,27624.939002952626,25970.556306624276,28812.175830612825,28191.06102171432,27098.831403917306,27850.46534763223,29915.893523456605,29136.259579741676,30450.8935234566,30699.374388640186,29152.503617265065,30251.214100245663,28861.946212815812,30638.053811851132,29973.25957974168,29296.663905659592,33020.43650817948,29620.305059237708,31296.93179308944,31192.61121630039,31341.97006272227,31143.33611900735,31883.16862074964,30809.458137769045,30729.65669579641,31735.64948593322,32187.72602519889,31546.611216300385,33675.59679657401,33623.07766175759,32361.726025198892,31375.649485933223,31847.04660198795,31864.924583226253,32770.27621978495,35741.09430180087,38180.38603913716,40974.0149933058,47128.074343615706,35822.10096275156,31717.783155191886,29750.26180005858,26918.1303511168,25685.02275208148,24937.632845889944,25488.190250339198,27205.5418868979,28853.970062722274,25871.396018229745,27936.221310108846,28348.25957974168,28385.90073331979,28143.106501210343,29716.175830612825,30008.73323506208,29756.374388640186,26133.28120933124,29052.50361726507,30732.45092790586,30517.694965429237,30590.336119007352,30089.85525382377,30385.41265827302,30727.412658273024,31290.252369878497,30452.17583061283,30939.534677034713,31087.41265827302,32061.367178777,31864.168620749642,30601.412658273017,30938.175830612825,29212.38880836656,30740.53467703471,32785.321699280976,31761.206890382466,31046.65669579641,33129.7188153357,32313.924583226253,32693.039392124756,31219.97006272227,30777.168620749635,33743.22353042575,34704.06324203122,37612.39324900035,42054.160861973956,47534.15088288138,35687.42153954061,31754.180271246612,30338.094301800862,27016.046601987946,25655.82419405412,26833.015542218294,26162.266789604866,27629.816984190933,28566.93179308944,27934.862463686957,28149.221310108846,30415.955642995898,29621.527467171527,30817.642276070026,29327.015542218298,29033.740444925264,29751.656695796406,30721.93179308944,31759.924583226257,29383.061021714315,30057.816984190933,31773.72602519889,31432.405448409834,30512.977272585456,30006.86246368696,31100.252369878493,30674.656695796402,30175.61842616357,33486.26180005858,32328.084871620784,30497.82419405412,31725.52746717153,31791.046601987946,32214.88631359342,32735.405448409838,31926.527467171527,32503.764294831723,31991.046601987942,32176.283429648138,31462.649485933216,32577.199680519283,32073.00112249192,36191.20911069937,38150.70661592622,41160.014993305806,44717.0194339396,34218.077112845094,31741.302290008305,24317.02275208148,28118.039392124756,26699.527467171527,25293.946212815812,26126.702175292427,26701.099291347153,28211.572946667548,27621.90073331979,27905.7787145581,27533.98448244865,28352.45813776904,27144.068231577505,27771.625636026758,29952.687755566054,29035.618426163575,30306.092081483966,30426.93179308944,29587.259579741676,31028.924583226253,30212.015542218298,31215.970062722277,29514.939002952626,31328.711605472516,31096.931793089436,31216.21410024566,31330.32890914416,31088.374388640186,33212.39823854665,33456.63506620684,31119.611216300385,31363.649485933216,27421.953422679,31003.893523456598,32813.64227607003,30577.694965429244,30171.7787145581,31145.374388640186,31830.726025198892,32090.680545702868,31535.08487162078,32525.14699116008,34257.22353042575,38514.22575074263,40033.10595229785,47216.4331900376,34552.31394050529,31172.347769504326,30590.2473803322,26568.527467171527,26804.290639511328,25670.663905659592,24796.31226910089,25103.518036991438,25252.82419405412,26745.266789604866,26456.068231577505,27427.862463686957,26275.11371107353,28064.5418868979,28002.503617265065,28937.137560979987,29017.778714558102,29569.49640740188,30107.57294666755,30271.29063951133,29927.8935234566,31031.367178777004,30706.489197538696,31304.604006437195,30746.611216300385,30795.8935234566,30703.733235062075,31003.130351116804,31970.405448409834,32344.840834097395,34217.429298316296,31684.649485933216,32837.19968051928,29030.58736639392,30786.374388640186,32265.962852859087,30719.694965429244,30416.458137769037,30076.702175292427,31746.809774327747,29606.74765478845,30810.572946667548,31388.321699280976,32298.276219784955,33827.98670276554,37733.988923082434,41615.68720665356,46248.52414902965,34638.512498532655,30519.39324900035,30452.28564996503,28769.18526079291,27002.00112249192,26137.8935234566,25964.221310108846,26031.10650121034,26642.18304047601,25287.235729835218,26015.709385155613,26497.22851997203,27995.61842616357,28369.25957974168,28788.175830612825,29403.328909144162,24543.807554010844,31044.962852859087,30603.92458322625,30071.1303511168,30351.649485933216,29055.099291347153,30661.84804396058,31128.123141253614,30342.855253823767,31199.687755566058,31388.527467171527,32167.80256446456,32574.55852694118,31666.44371804267,31730.367178777,31917.321699280976,32001.687755566054,32006.8408340974,32091.764294831723,31407.008332355108,30040.419868136214,31990.565736804358,32525.00112249192,31141.328909144162,30591.175830612825,30558.092081483966,31893.84083409739,30994.886313593415,35314.25459019539,38390.38603913717,40782.85470491127,44102.46202949034,34136.87855481773,30304.706615926225,29776.850264277477,27256.359968913814,27199.123141253614,24899.709385155613,27954.56573680436,26045.946212815812,25632.381598503373,26705.663905659592,26947.305059237704,26371.350538733725,28296.49640740188,27127.266789604866,28231.90073331979,28474.381598503373,30250.168620749635,29059.21410024566,30264.68775556605,30691.405448409834,29597.374388640183,31658.03939212476,29650.053811851132,30038.374388640183,31451.764294831723,32290.39823854664,30263.900733319788,32149.642276070026,33110.67333583968,32694.718815335706,32367.23795015212,31584.527467171527,30632.611216300385,31298.328909144166,32190.52025730834,31628.84804396058,30583.374388640186,30560.29784937452,30721.69496542924,31028.611216300385,30378.1303511168,31400.001122491925,31817.39823854665,33077.67333583968,37435.469788266026,40477.41210936052,44054.34001072866,33004.251820966,30361.187481109802,30070.965073175976,27227.07766175759,25297.939002952626,26303.08487162078,23967.991692311836,25932.740444925264,25748.74765478845,25697.029961944667,26363.82419405412,26463.907943182978,27493.740444925264,27336.305059237704,28659.21410024566,28064.580156530734,22924.61620584667,28591.25957974168,29741.489197538693,29595.053811851136,29435.69496542924,30045.41265827302,28877.50361726506,29735.85525382377,30026.809774327747,30224.45092790585,31843.642276070033,32318.359968913814,32326.28342964814,32962.23795015212,31350.405448409834,33764.39102868346,32326.642276070037,31211.00833235511,30396.53467703471,31539.687755566054,27320.869673550143,31766.405448409834,30547.893523456598,30234.37438864019,30777.489197538693,30341.489197538693,32074.07766175759,34773.1325714337,35905.56074725807,39399.6633567471,44162.1414527013,33803.641727157534,29910.02719271528,29625.048822304838,26561.28342964814,25618.69496542924,23980.266789604866,24619.709385155613,26154.816984190933,25041.51082712825,27351.809774327747,26159.503617265065,24824.479767358604,26934.503617265065,28866.527467171527,27389.97727258546,26845.068231577505,27581.663905659592,28061.18304047601,27924.702175292427,30039.16862074964,29544.77150469491,29600.53467703471,29209.816984190933,30030.252369878493,31099.123141253614,30408.290639511328,31084.008332355108,32805.67333583968,31822.12314125361,33058.833624234205,32520.91737336306,32884.59679657401,31090.886313593415,31397.16862074964,32051.764294831723,31761.405448409834,30099.29063951133,30227.855253823767,31000.77150469491,30804.168620749635,29749.7787145581,31626.283429648145,32888.55131707799,33954.42208845311,37948.22575074264,38789.54854784859,44786.294531232634,31947.579607618238,29729.87411418393,27821.627856343657,23870.900733319788,22919.31226910089,24458.465347632227,25812.374388640186,24932.5418868979,24256.159190569546,25654.068231577505,26453.137560979987,25330.518036991438,27343.25957974168,25649.915153046164,27623.61842616357,26500.549096761086,28109.740444925264,26333.434287862583,28166.099291347153,28354.862463686957,28453.862463686957,31278.795354601374,30873.56573680436,29378.374388640186,29789.374388640183,29900.855253823775,31051.604006437203,30605.168620749635,25738.92236290935,32088.680545702864,31855.80256446456,31849.604006437203,32673.63506620684,31712.245160015307,32194.16141088645,30838.412658273017,31306.328909144162,30230.21410024566,30988.64948593322,30327.534677034713,29119.183040476015,30687.97006272227,29919.733235062078,31394.00112249192,34041.42208845311,35635.04161244165,37347.40267918044,41794.31616082219,32299.129802204305,30986.531907805314,28049.024972398383,25603.123141253614,23031.273999468052,24262.785924421285,24005.831403917306,23871.273999468052,25220.58736639392,23773.242939698408,24531.159190569546,24908.960632542185,25789.434287862583,25757.869673550143,26484.549096761086,26723.61842616357,27801.939002952626,27330.10650121034,27764.18304047601,28997.49640740188,28009.46534763223,28680.221310108846,28507.740444925264,27160.87688341333,28970.221310108846,30111.77150469491,30966.443718042665,30130.214100245663,29789.534677034713,30458.733235062078,31282.72602519889,31193.649485933223,31779.924583226253,32145.237950152117,31448.527467171523,32167.161410886452,31562.764294831723,32146.52025730834,29850.496407401875,29178.18304047601,29656.61842616357,29821.855253823767,31348.123141253614,30387.1303511168,32497.269009921765,35413.362189230706,39068.34277995804,42096.71327687692,31356.022203168985,29919.943443586417,26119.558526941175,24040.5418868979,24179.221310108846,24160.778714558095,22282.884093276516,24319.15198070636,22964.845823643678,24013.960632542185,24426.35774859691,24623.915153046164,25483.396018229745,25973.67111552278,25294.678325385965,26621.427077999397,26064.11371107353,27178.74765478845,27210.74765478845,27729.98448244865,27645.38880836656,25756.884093276516,28932.7787145581,29030.939002952622,29946.290639511328,30616.72602519889,29940.53467703471,24881.448707588956,31046.20689038247,31160.16862074964,30864.848043960577,30402.450927905855,30176.8935234566,30842.328909144162,31854.962852859087,31384.6040064372,30196.137560979987,29339.137560979987,28945.343328870535,29259.939002952622,29644.69496542924,30123.29063951133,29639.93179308944,33285.38381882027,35382.072672211296,38990.6633567471,38978.82586545852,31942.694416516744,28635.19469097299,24959.809774327747,21974.12092093671,22434.235729835218,21862.20467006557,21566.731014745175,22699.20467006557,22933.845823643678,23616.92236290935,24063.44149772577,24454.159190569546,24640.44149772577,25815.427077999397,25117.159190569546,25448.556306624276,26091.831403917306,27230.862463686957,26780.869673550143,25996.678325385965,28252.580156530734,28589.25957974168,28887.61842616357,28774.458137769045,28272.02996194467,29371.336119007356,28892.419868136214,28980.740444925268,30896.20689038247,31407.44371804267,31623.642276070033,29267.25957974168,30951.405448409834,30358.252369878493,30880.290639511328,32827.1924706561,29873.893523456605,25091.685535249155,30386.771504694912,28989.580156530734,29388.977272585464,29985.489197538693,29709.84804396058,31291.59679657401,32724.345549187437,34151.44593835955,37292.838064867996,40103.93346449384,29960.35719968441,26499.61343661728,27341.62064648047,21567.92236290935,21619.960632542185,20763.814763874034,21623.57072635065,21318.73822460836,21849.814763874034,23977.678325385965,23177.64005575313,25533.068231577505,25273.67111552278,24599.159190569546,28206.924583226253,24498.40322809293,25660.396018229745,25923.273999468052,25463.518036991438,25739.556306624276,26892.632845889944,27539.10650121034,27923.427077999397,27217.472557495417,29254.69496542924,28278.106501210346,29064.41986813621,29580.816984190933,29779.49640740188,30117.015542218294,29462.69496542924,30454.252369878497,29851.85525382377,29676.297849374518,29203.259579741683,29728.015542218294,30358.970062722277,29581.656695796402,29322.25957974168,27322.74765478845,30267.931793089436,28373.663905659592,28989.534677034713,29582.970062722274,30071.00112249192,33275.453148222754,36592.838064867996,40090.887984997826,29799.235180922722,25793.70439560933,24678.328909144162,20949.92236290935,20404.1281307999,19896.73822460836,21036.53245671781,21804.00611203821,22862.563516487462,22939.762074514823,23575.28120933124,23337.96784240537,24026.082651303877,24191.72380488199,24080.884093276516,23623.211879928756,25875.396018229745,27078.785924421285,26323.273999468056,28228.733235062078,26977.190250339198,27592.587366393924,28300.099291347153,28107.10650121034,28035.106501210343,27844.709385155616,29201.099291347153,29990.489197538693,30046.252369878497,27759.663905659592,29029.503617265065,31019.76429483172,29972.771504694916,30034.572946667548,29910.496407401883,30061.33611900735,30184.572946667548,29028.06102171432,29421.458137769045,26271.67832538597,28765.06102171432,28893.336119007352,27807.381598503373,29356.527467171527,28590.8935234566,34248.11815170731,37442.42652908689,40335.407119814234,28998.120372024216,26149.1325714337,23869.886313593415,20809.364958460097,19831.776494241196,20300.013321901395,19716.22629965513,20675.29562905761,21403.494187084976,23427.120920936715,23903.35774859691,23080.76928437801,22702.654475479503,24481.197460202384,25006.556306624276,25122.319478964077,24861.92236290935,25368.396018229745,25467.07544144069,24757.242939698404,26399.991692311836,27096.869673550143,25459.845823643678,28831.816984190933,26403.953422679,29669.93179308944,29088.419868136214,30160.450927905855,31077.726025198896,29727.175830612825,30027.374388640186,30428.572946667544,29940.374388640183,30341.25236987849,29548.580156530737,28608.94621281581,29702.53467703471,28893.541886897903,28451.78592442129,31373.955642995898,28975.38159850337,28638.458137769045,28954.93179308944,29102.611216300385,31350.230740288935,34485.03440257846,37595.70162637993,40817.91904476747,28873.15864165705,23817.398238546648,23136.97727258546,19909.608995983483,19703.975052268557,21370.762074514823,20654.1281307999,20833.936782635723,21570.211879928756,24499.663905659592,22510.242939698404,24121.998902175023,23548.845823643678,22937.211879928756,23188.288419194425,24350.44149772577,25672.594576257106,25883.31226910089,25488.07544144069,26262.31226910089,26066.953422679,27200.663905659592,27131.74765478845,28059.381598503373,28777.49640740188,29637.611216300385,29464.694965429237,30162.809774327743,31464.161410886452,29069.099291347156,30317.77150469491,29481.29784937452,29864.816984190933,30238.374388640186,30640.527467171527,29027.02275208148,30416.771504694912,28508.06102171432,28587.305059237708,28732.862463686957,30158.64948593322,28167.25957974168,29536.687755566054,31700.46756794913,35458.783155191886,37734.90018440729,40935.88077513463,25498.546327531694,23714.46756794913,21919.144770843173,20443.601786120293,19448.654475479503,18842.37937818647,20511.494187084976,19918.341108553635,21433.53245671781,20847.37937818647,22167.929572772537,22713.1281307999,24458.946212815812,24327.518036991438,23855.082651303877,24224.762074514823,25395.350538733725,24114.242939698404,25565.79313428447,25027.396018229745,25345.235729835218,26027.51082712825,26419.946212815812,26546.74765478845,27411.02275208148,28056.099291347153,27967.25957974168,29798.245160015307,28912.970062722274,29731.489197538693,30188.367178777,28853.41986813621,31047.28342964814,28988.458137769045,28606.06102171432,30222.328909144162,29852.328909144166,30119.84804396058,28478.702175292427,29645.214100245656,29374.733235062078,29527.64948593322,27560.503617265065,30056.917373363063,30928.589586710823,31537.498627718778,36798.38104959088,39176.8425055018,25158.14200161378,23024.18526079291,20846.029961944667,19013.05159153423,19226.81476387403,19472.33389869045,19903.135340663088,19822.219089791943,21208.089861167064,19787.058801397416,21544.57072635065,21220.814763874034,21553.372168323283,22908.082651303877,23822.64005575313,23781.197460202384,24733.51082712825,24817.953422679,27454.64227607003,25195.67111552278,25152.907943182978,25955.663905659592,25808.549096761086,27472.33611900735,26954.18304047601,27687.97727258546,28208.1303511168,28204.93179308944,29065.72602519889,28025.97727258546,28821.77150469491,28539.092081483966,28805.328909144162,29360.848043960585,28886.41265827302,29098.367178777,30589.352759050624,30110.558526941175,28840.367178777,28776.84804396058,27995.1303511168,28504.687755566054,28841.039392124756,31222.414878589916,30886.484207992395,33508.7160461063,33393.474228899824,21234.8957437735,19624.45813776904,18458.838613780492,17635.61620584667,16532.104280893436,16348.034951490952,17453.05159153423,20874.907943182974,18792.776494241196,20617.190250339198,21203.082651303877,21934.907943182978,21296.518036991438,22085.67111552278,23507.77150469491,21948.678325385965,23550.740444925264,22837.479767358604,24850.450927905855,22998.38880836656,25219.481987675506,23528.465347632227,26769.498627718778,24509.702175292427,26921.64227607003,26582.1303511168,25789.97727258546,25089.305059237704,27248.345549187437,26213.252369878493,27316.924583226253,26002.45813776904,27249.44371804267,26318.816984190933,26631.290639511328,25445.419868136207,27064.56573680436,26534.56573680436,25567.49640740188,26376.970062722274,25421.534677034713,27520.276219784955,25899.367178777,26780.742665242164,29196.60622675409,27212.21632056256,26443.163631203344,27082.08210239138,28151.170292154038,27548.26846100927,30596.76596623613,29255.031633349074,29018.62730743116,24025.8358445511,25558.04383275855,33726.52192871274,32019.160861973956,31734.03884321226,29199.754315739137,30605.335570094852,35835.51471884956,31584.297300462018,31183.388259454063,32622.694416516744,33175.93124417694,33737.129802204305,32582.144221930677,34899.160861973956,37986.765966236126,38315.52192871274,36943.86413509136,37838.74211632967,39441.93346449384,35007.13701206749,34409.297300462014,38495.856925228174,36720.32115036848,41454.110392931645,36154.328360231666,39447.61288770479,38950.94067435703,37254.435959266986,42253.02664380279,36299.68720665356,41072.402130267954,30887.24239078591,36809.481438763,45078.28732136945,44059.2562615998,41717.35443045503,30389.05825248492,29491.866904320745,32434.838064867996,30499.204121153074,27748.608447070987,50269.85859663259
35,28412.577819996484,17364.379531940467,23559.820437952218,27276.733883909787,29724.34600420956,30491.24998118293,27875.334641428522,29955.54941304388,31026.555094434392,33361.26702535449,31152.148276765773,29768.038997161253,30334.94108033778,30630.841269717464,34101.26513155765,33427.858313889024,36141.478009376166,31951.347898006403,33907.56456341859,31210.44581482988,37860.09012967594,37139.48369076669,37620.078766894905,32808.44581482988,38783.794485408675,41190.91323399739,39415.39903052109,40569.1071738475,40571.604333152245,37725.48369076669,40763.40849950529,40946.611908339604,40082.09959866014,37838.888614638476,40131.203196874136,36694.28028193238,44677.74580730305,38560.29732610394,44357.03198258612,45363.13558080011,42171.12232422223,41841.72686933465,39668.316264072346,33815.786910221315,26025.545625450195,33788.60054555856,13505.051693126912,6161.371396140881,13220.132565778827,17842.452829405018,19467.061162111117,21125.869116057846,22256.27214613279,20857.371956753104,20150.66381342669,21824.871009854684,23830.78256201541,24134.884266432564,25704.59051596214,22787.174229309312,25197.784455812252,26960.594303555823,25869.995439833925,27922.200742465076,25408.984077052883,24873.88237263573,25416.485023951303,26940.193167277717,28146.5980911495,27442.89184161993,26135.181804496675,26692.08578147004,25441.080100079518,27962.897523010448,26170.38710712783,26406.39278851835,26285.38521333099,25801.880478838884,26564.88237263573,27924.601878743182,26380.38331953415,27212.69032658246,25883.38331953415,25154.97839566236,24436.571577993738,27618.795818593295,24427.872903651525,24406.575365587414,24014.27593372647,24088.17801690299,23316.577259384256,20114.869116057846,14742.238057789662,25046.052253739133,16668.366275362583,18765.066843501638,22182.373850549942,23181.27593372647,22750.865328464166,23473.27214613279,24857.176123106154,23699.769305437527,25573.27593372647,26302.381425737305,25821.27403992963,27268.884266432564,26287.377638143626,26958.381425737305,28387.488811544987,30416.5980911495,32556.711158347694,32404.713052144536,28907.089569063723,27633.27972132015,30105.196954871397,28756.786349609094,30562.89941680729,30236.291084101194,28753.684645191934,29028.686538988775,29694.692220379296,29577.88616022941,31381.19884866824,29416.888054026247,29464.08767526688,29966.69032658246,30804.692220379296,30074.189379684038,29727.989758443407,30934.196954871397,29427.987864646566,28805.984077052886,30655.79960618697,29850.59051596214,29955.19127348088,27951.181804496675,28975.089569063723,31333.60566633686,30143.411726486753,23805.696007972976,21336.793924796453,23640.609453930545,27983.914567182015,28238.196954871397,26806.181804496675,25361.67328241089,25326.872903651525,24334.96324528764,24803.96324528764,26290.17233551247,28179.682751395092,27446.176123106154,28400.381425737305,28486.18180449668,27482.27593372647,31314.594303555823,27980.07631248584,30681.289190304353,28764.379531940467,29898.88426643257,30217.586728368464,29254.18180449668,31718.39468231519,30325.485023951303,23456.55264002533,30699.686538988775,29198.58104697794,30194.38710712783,30351.28350891383,30379.18369829352,31224.289190304353,31171.488811544987,32079.59051596214,32283.694114176138,32579.997333630767,31615.686538988775,31934.594303555823,31137.686538988775,31942.89184161993,30743.985970849724,32111.193167277717,32454.696007972976,31153.486917748145,31381.291084101194,31768.193167277717,33200.30055308539,34099.415514080436,34081.14638296893,29256.739565300308,28940.839375920623,28755.311915866438,28410.793924796453,26709.97839566236,25948.17233551247,23278.460404592377,27013.97650186552,26066.573471790576,25861.565896603217,29511.28350891383,26762.66949481721,29154.678963801416,29591.880478838888,29744.880478838888,30129.18180449668,30781.985970849724,28944.074418688997,29640.97839566236,30253.38142573731,27637.967032881323,28773.77119923437,28907.371956753104,32337.79203099961,31598.985970849724,33161.29297789803,36330.51532470075,33554.995439833925,32021.88616022941,31645.684645191937,31599.38142573731,33143.49070534183,33992.995439833925,32481.588622165305,34146.89562921361,32981.19127348088,32820.788243405936,32464.189379684038,32140.786349609094,33142.99354603708,32265.48691774815,32444.289190304353,32243.09146286056,31223.085781470043,32732.99354603708,36037.50964331022,37386.522899888114,38091.95054932198,36709.67573681996,33080.25945016713,30287.814756561696,28570.292977898032,25641.475554967103,24980.66949481721,26772.176123106154,26488.07252489216,27741.678963801412,25951.66381342669,27493.571577993738,28110.872903651525,27426.46987357658,28667.575365587418,27352.46419218606,29230.87479744837,30932.584834571622,29334.773093031206,29435.974608068682,29798.6732824109,30215.076312485846,30352.078206282684,29915.874797448374,29346.17233551247,31035.179910699837,32942.48881154499,31195.980289459207,30094.87479744837,33114.79013720277,32092.083887673205,32749.586728368464,33447.48881154499,33055.68843278562,32326.684645191934,32530.686538988775,33044.985970849724,35469.89941680729,31444.680857598258,33255.48881154499,32953.18937968404,32795.588622165305,32050.584834571622,30179.481236357624,33351.1969548714,32910.294871694874,35009.903204400965,36556.91646097886,38136.04467855177,41273.095811066465,35009.370623568495,30958.620816711584,29181.59619735266,25776.97271427184,25420.769305437527,26853.27593372647,25506.667601020374,25815.96892667816,26122.364381565745,26397.967032881323,28209.872903651525,25325.558321415854,27684.170441715632,29176.27403992963,29277.27403992963,27438.364381565745,29904.57725938426,29599.371956753104,30980.680857598258,30334.078206282677,29457.168547918795,29046.26835853911,29918.473661170265,30948.477448763944,29517.471767373416,31696.381425737312,32207.38331953415,32203.782562015414,30246.174229309316,34142.39089472151,31104.577259384263,31024.076312485846,33675.29108410119,32716.584834571626,33805.39089472151,30849.48123635762,33011.88805402625,32827.987864646566,31471.47934256079,34271.995439833925,33462.795818593295,32406.09146286056,35287.204530058756,37570.12176361001,38378.34600420956,42648.495053547726,35343.871570466916,31833.82233174906,28483.093356657402,24913.571577993738,26173.47366117026,25668.168547918795,26497.27214613279,26616.068737298476,25530.362487768907,26875.270252335948,27849.671388614053,27227.066843501638,26810.66381342669,28388.070631095317,27292.166654121953,27861.166654121953,30253.978395662365,27925.46419218606,28347.967032881323,29098.669494817208,31086.67896380142,29798.373850549946,28307.266464742268,29244.070631095317,29902.473661170265,34693.20074246508,30988.279721320152,31511.178016902995,29575.57157799374,30831.176123106154,29474.17044171563,30621.675176207733,31497.980289459207,31287.178016902995,33088.79013720277,31884.383319534154,32150.38331953415,32362.684645191937,32546.886160229406,33149.48881154499,32574.688432785617,32629.200742465076,32731.790137202774,32754.792030999608,34486.10093184476,35717.90888579149,40672.66058644523,44082.6024393554,35421.47232798565,33154.332747631684,29856.001121224443,26530.47744876394,24803.76741164069,22105.652450645648,24820.162866528273,26154.46797977974,26508.166654121953,26432.466085982902,27622.370062956266,25970.362487768907,28862.176123106154,25665.057374517433,28963.87290365153,28184.270252335948,29179.77309303121,29120.970820475,29600.97460806868,29869.37385054995,28928.571577993738,28895.27214613279,29425.272146132793,28921.671388614053,31759.481236357624,30266.87479744837,30531.37763814363,31118.776880624893,35314.70547695718,30807.577259384263,31642.281615116994,32236.085781470043,30376.076312485842,31880.680857598258,31018.579153181094,31335.479342560782,32236.285402710673,32225.28161511699,33729.09146286056,32926.28919030435,32167.888054026247,31095.582940774784,32075.5886221653,35089.304340679075,38043.62460430527,40798.257556370285,44447.80774198656,34464.16532093733,30886.319491053793,29701.001121224443,27117.78066821857,26002.174229309312,24976.466085982902,24849.66381342669,25397.56400280638,27297.371956753104,26786.867222261004,26881.266464742268,28965.078206282677,26306.661919629852,27319.867222261004,26904.863434667324,29035.47366117026,27476.366275362583,30442.778774421735,28216.368169159425,28681.77119923437,27952.865328464162,27658.466085982902,30188.275933726472,29918.074418689,30934.577259384263,30355.976501865523,29846.573471790576,31571.982183256045,30835.479342560786,31306.77877442174,30359.97650186552,28481.96892667816,30501.375744346784,33801.09146286056,30237.67517620774,29856.17233551247,30442.87669124521,33634.59240975898,32902.486917748145,32624.98597084972,31322.17991069984,30885.581046977943,31053.58294077478,32973.19127348088,34347.30244688223,38162.72630872243,40306.85452629534,45128.713612756765,36289.977062477745,31278.82233174906,29225.697901769818,26842.17801690299,25460.96892667816,24367.660025833007,25148.366275362583,26579.070631095317,27096.872903651525,25856.865328464166,27849.373850549942,27024.867222261004,26967.066843501638,27161.27403992963,27256.665707223532,27957.66949481721,27997.066843501638,28707.170441715632,27519.96324528764,29581.774986828055,28731.96892667816,30559.277827523314,28390.967032881326,35024.903204400965,30880.776880624897,30068.373850549946,29725.47366117026,30248.375744346788,30801.277827523314,29821.27403992963,30641.876691245205,30198.677070004574,29073.37006295627,29573.871009854684,31060.27782752331,31118.579153181094,31891.281615116994,32206.483130154465,31482.080100079518,32291.38521333099,30872.78066821857,30450.579153181097,32812.39278851835,35390.80528757749,39474.23483080821,40539.85642009218,45389.011150820865,33823.8621014827,31340.423089267795,29248.296765491716,26269.577259384256,25323.46987357658,26427.974608068682,24511.661919629852,26546.970820475,26934.671388614053,25171.660025833007,27812.573471790576,27332.370062956266,26432.96324528764,26911.867222261004,29000.774986828048,28539.871009854684,29273.774986828048,29695.074418689004,28276.26835853911,29321.974608068682,27760.166654121953,29633.874797448374,29024.871009854687,28416.36816915942,31898.88616022941,28541.767411640692,30324.176123106157,30381.976501865523,30566.577259384263,30141.673282410895,31032.078206282684,29770.371956753108,29794.872903651532,30893.37763814363,31529.17991069984,30631.976501865523,32519.985970849724,32742.285402710673,31562.179910699837,30324.37763814363,30932.379531940467,30978.680857598254,31849.786349609094,34751.20074246508,37158.41930167412,40135.75282187819,45929.91891538792,35112.97516868091,31023.421195470954,29041.795818593295,26330.677070004574,24847.96892667816,24399.46229838922,24685.56400280638,26442.66949481721,28221.577259384256,25053.560215212696,26939.46987357658,27392.871009854684,27501.270252335948,27233.266464742268,28821.573471790576,28974.675176207733,28742.074418688997,25222.356806378382,28127.26835853911,29780.876691245205,29699.274039929627,29543.673282410888,29097.373850549942,29612.475554967103,29714.4755549671,30492.37574434679,29812.573471790576,29853.174229309316,30054.475554967103,31139.5791531811,30901.078206282684,29739.4755549671,29902.57347179058,28405.064949704796,29894.174229309316,31749.682751395103,30785.479342560786,29989.87290365153,32220.684645191937,31419.680857598254,31680.884266432575,30448.577259384267,29921.078206282677,32852.39468231519,33995.294871694874,36772.91456718201,41177.8621014827,46825.72118794413,35026.17478992154,31326.423089267795,29492.200742465073,26385.379531940463,25124.46797977974,26272.47366117026,25503.366275362583,26727.97271427184,27634.176123106154,27079.869116057846,27261.46987357658,29620.586728368464,28786.678963801416,29829.88237263573,28469.47366117026,28153.170441715632,28756.872903651525,29740.176123106154,30728.680857598258,28659.370062956266,29063.97271427184,30873.179910699837,30613.98028945921,29431.072524892155,29135.86911605785,30290.37574434679,29791.87290365153,29339.471767373416,32548.795818593295,31511.78066821857,29575.46797977974,30812.678963801416,30822.37953194047,31258.279721320152,31833.980289459203,31129.678963801416,31617.581046977946,31188.379531940463,31133.28161511699,30654.37763814363,31706.984077052883,31221.483130154465,35179.404151299386,37217.618922914735,40199.75282187819,43822.6024393554,33722.56456341859,30942.12176361001,23775.96892667816,27556.884266432564,26243.678963801412,24706.166654121953,25441.769305437527,25958.77119923437,27369.575365587414,26655.270252335948,26963.571577993738,26720.567790400055,27570.371956753104,26494.865328464166,27041.967032881323,29154.778774421728,28156.47176737342,29276.27593372647,29426.176123106154,28665.871009854684,30218.680857598258,29102.47366117026,30215.577259384263,28423.671388614053,30510.189379684038,30304.176123106157,30068.974608068685,30370.178016903,30193.074418689,32277.485023951303,32436.387107127826,30028.976501865523,30435.37763814363,26659.661919629852,29956.774986828055,31869.882372635726,29593.274039929627,29302.571577993735,30229.074418689,30758.179910699837,31048.28350891383,30633.780668218566,31592.59240975898,33287.39468231519,37467.3194910538,39014.54562545019,46280.51967290666,33950.46664659512,30566.01816539601,29821.805287577492,25914.678963801412,25920.776880624886,24868.368169159425,24162.26267714859,24272.258889554905,24516.46797977974,25917.366275362583,25816.865328464166,26570.869116057846,25488.761730250168,27359.66949481721,27170.26835853911,28047.17233551247,28165.571577993738,28629.77309303121,29281.575365587414,29719.77688062489,28977.774986828048,30131.579153181097,29878.27782752331,30514.481236357624,29767.97650186552,29890.77498682805,29837.675176207737,30283.677070004578,31158.980289459203,31425.383319534147,33219.39089472151,30612.377638143622,31961.984077052886,28111.56589660322,29777.074418689,31489.08199387636,29832.27403992963,29584.3719567531,29053.769305437527,30743.47744876394,28774.66570722353,29871.575365587418,30419.6827513951,31383.786349609094,32922.49259913867,36757.41740787728,40860.057935129655,45347.312476478655,34353.967593493544,29872.914567182015,29782.206423855598,28056.993546037083,26332.483130154462,25523.774986828048,25135.46987357658,25125.266464742268,25814.068737298476,24297.460404592377,25212.26457094543,25747.96513908448,27336.47176737342,27463.871009854684,27925.573471790576,28566.17801690299,23649.55264002533,30174.08199387636,29853.680857598258,29347.677070004574,29493.377638143626,28321.77119923437,29883.878585042046,30231.18180449668,29475.37385054995,30097.77877442173,30413.678963801416,31282.982183256045,31685.584834571622,30863.38142573731,30967.5791531811,31127.6827513951,30955.77877442174,31106.38331953415,31189.58104697794,30560.978395662365,29412.970820474995,31045.080100079518,31670.483130154462,30317.178016902995,29638.57347179058,29854.27593372647,31008.38331953415,30183.27972132015,34333.30055308539,37432.41930167412,39747.65301125787,43317.50073493825,33621.06361652017,29638.618922914742,29097.803393780654,26587.0838876732,26373.181804496675,24104.26457094543,27257.080100079518,25365.166654121953,25231.569684196897,25977.368169159425,26081.76741164069,25630.66381342669,27509.77309303121,26483.366275362583,27345.270252335948,27556.569684196897,29270.078206282677,28259.974608068682,29511.77877442173,29933.980289459207,28891.074418688997,30551.88426643257,28913.874797448367,29275.074418688997,30473.58104697794,31439.4850239513,29283.270252335948,31168.882372635733,32258.788243405936,31731.68464519194,31635.385213330992,30560.67896380142,29867.97650186552,30530.178016902995,31401.183698293516,30785.878585042054,29695.074418688997,29762.27214613279,29889.274039929627,30118.976501865523,29495.677070004574,30609.483130154465,31034.485023951307,32313.78824340594,36381.71683973822,39885.75471567502,43263.802060596034,32468.65490505471,29882.9183547757,29442.006802614967,26612.285402710673,24524.671388614053,25558.78066821857,23333.06305590796,25318.170441715632,24821.665707223532,24750.46419218606,25642.46797977974,25829.76551784385,26691.170441715632,26547.76741164069,27760.974608068682,27178.070631095317,22330.54695863481,27833.871009854684,29042.27782752331,28803.874797448367,28703.27403992963,29219.475554967103,28070.26835853911,29082.373850549942,29218.47744876394,29356.876691245205,30917.882372635726,31535.0838876732,31296.28161511699,32018.385213330992,30553.980289459207,32854.98975844341,31383.88237263573,30403.97839566237,29790.174229309316,30729.77877442174,26513.364381565745,30879.980289459203,29543.774986828048,29351.074418688997,30243.277827523318,29682.27782752331,31404.285402710673,34127.60187874318,35232.50964331022,38477.64732986735,43611.30111369761,32859.16153334365,29486.81854415538,29126.304340679075,25677.28161511699,24852.27403992963,23516.366275362583,23925.26457094543,25365.97271427184,24313.76362404701,26508.47744876394,25476.26835853911,24233.857753276803,26167.26835853911,27901.678963801412,26717.07252489216,26247.865328464166,26839.368169159425,27156.068737298476,27235.769305437527,29139.078206282677,28703.07631248584,28884.174229309312,28366.97271427184,29054.375744346784,30235.18180449668,29658.776880624893,30165.97839566236,32005.788243405932,30975.181804496675,32176.888054026247,31644.185592090358,31922.985970849724,30355.27972132015,30336.078206282684,31168.581046977946,30953.980289459207,29225.77688062489,29505.373850549946,30203.07631248584,29913.078206282677,29115.571577993738,30876.28161511699,32008.089569063723,33133.89562921361,37088.3194910538,37823.44392103304,43748.905658810036,31415.34979180324,29228.213999042964,27186.89184161993,23168.270252335948,22455.26267714859,23677.867222261004,25243.074418688997,24259.66949481721,23614.658132036173,24843.865328464166,25644.17233551247,24448.258889554905,26365.871009854684,25037.260783351747,27026.47176737342,26002.16476032511,27246.170441715632,25688.9613514908,27475.77119923437,27620.869116057846,27790.869116057846,30567.486917748145,30037.080100079518,28601.074418688997,29127.074418688997,29104.373850549942,30382.481236357624,29903.078206282677,24982.756048859643,31343.283508913835,30855.982183256045,31226.481236357624,31519.38710712783,30777.880478838884,31323.582940774784,30067.475554967103,30636.178016903,29359.974608068682,30031.37763814363,29608.174229309312,28127.068737298476,29979.577259384267,29221.675176207733,30472.483130154465,33162.89562921361,34772.80907517117,36826.33464142852,41363.39145533373,31737.956230712498,30653.52858127863,27397.89373541677,25105.181804496675,22520.861540870483,23539.066843501638,23357.96324528764,23299.861540870483,24457.565896603217,23121.955670100277,23730.658132036173,24114.15718513775,24954.9613514908,25094.364381565745,25653.16476032511,25926.47176737342,27019.671388614053,26692.266464742268,26952.068737298476,27980.77309303121,27322.867222261004,27816.46987357658,27830.170441715632,26449.859647073645,28333.46987357658,29360.07631248584,30186.38142573731,29374.974608068682,29112.174229309312,29696.675176207733,30516.17991069984,30271.377638143626,30973.680857598258,31354.38521333099,30452.67896380142,31248.582940774784,30824.581046977943,31062.18369829352,29051.77309303121,28379.068737298476,28911.47176737342,28968.373850549942,30549.18180449668,29428.677070004574,31745.291084101194,34595.00869641181,38476.447708626714,41638.39334913057,30992.248087386084,29235.521006091272,25766.584834571622,23468.66949481721,23447.46987357658,23702.571577993738,21741.35491258154,23713.162866528273,22242.953776303435,23438.15718513775,23864.159078934594,24116.260783351747,24516.560215212696,25161.863434667324,24505.358700175224,25966.466085982902,25403.761730250168,26274.665707223532,26389.665707223532,26864.567790400055,26823.064949704796,24979.35491258154,28183.571577993738,28203.671388614053,29088.77688062489,29722.179910699837,29155.174229309312,24146.951882506597,30412.479342560786,30087.078206282677,30102.878585042046,29626.876691245205,29491.774986828048,30130.178016902995,30936.081993876356,30620.481236357624,29140.172335512467,28452.17233551247,28026.168547918795,28512.671388614053,28924.27403992963,29375.776880624886,28928.176123106154,32311.494492935504,34476.71494594138,38355.64732986735,38344.67194922628,31224.553200637554,27996.413620283598,24368.47744876394,21531.256995758064,21978.460404592377,21236.55453382217,20915.750367469125,22186.55453382217,22263.953776303435,22828.756048859643,23265.456616998697,23665.658132036173,23936.456616998697,25138.466085982902,24360.658132036173,24664.660025833007,25411.96324528764,26519.869116057846,26020.364381565745,25133.358700175224,27472.070631095317,27672.871009854684,28089.47176737342,27926.371956753104,27328.46419218606,28516.67328241089,28230.970820475,28129.170441715632,29916.479342560786,30592.38142573731,30589.88237263573,28591.871009854684,30147.980289459207,29266.375744346784,29961.77688062489,31734.488811544987,29034.774986828048,24383.85396568312,29724.07631248584,28252.070631095317,28627.07252489216,29452.27782752331,28857.878585042046,30699.985970849724,31812.093356657402,33114.30623447591,36455.73767150346,39114.38009255269,29353.438239642524,25865.90131060413,27093.396576112027,20969.756048859643,21117.15718513775,20178.047905533233,21164.650556848806,20792.245632977025,21179.047905533233,23228.358700175224,22508.95756389712,24944.865328464166,24463.863434667324,24045.658132036173,27385.680857598254,23788.05548072059,25019.560215212696,25061.861540870483,24611.258889554905,25001.660025833007,26250.46229838922,26778.266464742268,26877.466085982902,26428.362487768907,28541.27403992963,27450.266464742268,28406.970820475,28893.97271427184,28889.77309303121,29242.47366117026,28598.27403992963,29414.375744346784,28930.373850549942,28852.27214613279,28506.871009854684,28953.47366117026,29678.577259384256,28778.872903651525,28586.871009854684,26682.665707223532,29564.176123106154,27566.368169159425,28254.174229309312,28766.577259384256,29372.483130154465,32710.801499983816,35715.73767150346,39394.48369076669,29330.739565300308,25151.694114176138,24021.17801690299,20505.756048859643,19949.752261265963,19316.245632977025,20569.249420570704,21194.05358692375,22309.155291340907,22313.656238239328,22791.356806378382,22511.652450645648,23465.85585947996,23538.255101961222,23385.35491258154,22774.049799330074,25168.560215212696,26196.066843501638,25433.861540870483,27606.675176207733,26162.56400280638,26639.565896603217,27402.77119923437,27212.266464742268,27243.266464742268,27266.26457094543,28279.77119923437,29383.27782752331,29198.375744346784,27108.368169159425,28391.26835853911,30440.58104697794,29226.07631248584,29524.57536558742,29165.77309303121,29214.673282410895,29564.575365587418,28125.370062956266,28623.371956753104,25541.358700175224,27968.370062956266,28139.67328241089,27295.569684196897,28715.678963801416,27874.774986828048,33419.611347727376,36568.74524669083,39807.18425890574,28503.536156465994,25538.601878743182,23245.27972132015,20280.65434444249,19255.646769255127,19797.548852431653,19087.040330345873,19976.34733739418,21006.848284292602,22758.256995758064,23207.159078934594,22313.151503747227,21943.948094912914,23741.059268314275,24462.660025833007,24444.757942656484,24024.756048859643,24667.560215212696,24964.360593972066,24168.955670100277,25526.06305590796,26290.364381565745,24738.953776303435,27991.97271427184,25337.661919629852,28745.176123106154,28177.970820475,29482.876691245205,30270.179910699837,28742.573471790576,29447.074418688997,29626.575365587418,29038.074418688997,29668.375744346784,28901.07063109532,27609.166654121953,29009.174229309312,28219.66949481721,27665.066843501638,30578.586728368464,27999.569684196897,27856.371956753104,28318.176123106154,28367.97650186552,30614.88994782309,33829.313809663276,36973.048466145454,40013.3895615369,28231.937292744096,23365.485023951303,22553.07252489216,19577.051693126912,19187.147716153548,20762.656238239328,20157.752261265963,20335.746579875442,21036.049799330074,23863.368169159425,21718.955670100277,23469.558321415854,22730.953776303435,22317.049799330074,22537.85207188628,23605.456616998697,24797.061162111117,25161.26267714859,24818.360593972066,25471.26267714859,25233.661919629852,26447.368169159425,26247.665707223532,27221.569684196897,28137.77309303121,28770.97650186552,28733.27403992963,29488.47744876394,30637.58294077478,28223.77119923437,29409.076312485835,28825.27214613279,28881.97271427184,29382.074418689,29779.678963801416,28268.96892667816,29512.07631248584,27857.370062956266,27635.76741164069,28030.869116057846,29035.377638143626,27525.871009854684,28744.778774421728,30918.79203099961,34743.42119547096,36713.549413043875,39936.98842525879,25056.51911229443,23290.79203099961,21296.667601020374,20035.556427619013,18877.948094912914,18313.64487545829,19904.848284292602,19229.243739180183,20713.249420570704,20274.64487545829,21531.251314367546,22009.752261265963,23753.166654121953,23678.258889554905,23058.85585947996,23441.656238239328,24696.66381342669,23376.955670100277,24840.562109009537,24407.560215212696,24806.460404592377,25244.76362404701,25435.166654121953,25895.665707223532,26664.96892667816,27236.77119923437,27309.871009854684,29010.880478838888,28022.577259384256,28918.277827523307,29305.579153181097,27881.970820475,30161.28161511699,28152.371956753104,27783.370062956266,29442.178016902995,29106.17801690299,29338.878585042046,27738.769305437527,28806.974608068682,28475.675176207733,28633.377638143626,26861.26835853911,29477.185592090358,30231.490705341825,30748.697901769818,36219.84884490482,38515.587288980685,24531.021952989693,22678.993546037083,20350.46419218606,18589.949988709755,18689.047905533233,18913.748473672284,19259.247526773863,19216.54506483797,20370.351124987857,19235.445254217655,21025.650556848806,20786.047905533233,20868.149609950386,22423.85585947996,23169.95756389712,23183.059268314275,24041.76362404701,24310.661919629852,26588.88237263573,24439.863434667324,24520.76551784385,25320.368169159425,25117.16476032511,26720.67328241089,26284.068737298476,26869.07252489216,27568.677070004574,27618.176123106154,28344.179910699833,27152.07252489216,27940.076312485835,27865.27593372647,27880.17801690299,28654.878585042046,28073.475554967103,28342.579153181097,29961.5886221653,29274.584834571622,28159.579153181097,27988.878585042046,27262.677070004574,27729.778774421728,28198.884266432564,30615.40036370571,30171.70737075402,32985.03899716125,32760.566457215435,20901.69979556666,19356.371956753104,17994.458510795535,17335.54695863481,16161.34165600366,16096.034648955349,16966.949988709755,20130.76551784385,18436.646769255127,20156.56400280638,20573.85585947996,21415.76551784385,20711.258889554905,21471.863434667324,23100.076312485835,21465.358700175224,22998.170441715632,22087.857753276803,24257.876691245205,22575.064949704796,24635.78256201541,22771.867222261004,25968.697901769818,23880.769305437527,26377.88237263573,26124.677070004574,25291.07252489216,24558.76741164069,26475.093356657402,25634.375744346784,26606.680857598254,25350.371956753104,26517.381425737305,25744.97271427184,26077.776880624886,24801.970820475,26499.080100079518,26055.080100079518,24862.77309303121,25504.577259384256,24985.174229309312,26943.786349609094,25160.579153181097,26223.09525045424,28452.40604509623,26778.89941680729,25778.50774951339,26495.13502018789,27535.282175729215,27164.57024480912,30146.785016424474,28536.668161632595,28577.171002327857,23442.812862764862,24908.733883909783,32974.387667740055,31290.862101482704,30916.163427140495,28463.44013343936,30040.95244311882,35041.89240223215,31009.551306840716,30360.344110412723,32019.553200637554,32802.45528381408,33186.9562307125,31912.9467617283,34268.8621014827,37212.785016424474,37536.387667740055,36255.07308550438,37142.37441116217,38384.38009255269,34415.4514962204,33599.551306840716,37808.577819996484,35821.96191210302,40640.395242927414,35294.45717761092,38721.180471312065,38151.87535806059,36357.16532093733,41593.09770486331,35349.057935129655,40201.613802136446,30399.234830808207,36292.06172272333,44038.41039330213,43126.504522531926,40914.79259161184,29726.724414925586,28932.71873353506,31983.737671503466,29924.833694530105,27197.330853834843,49648.78178944302
36,27913.26611297029,16980.81204846342,23263.6426417842,26652.818438662787,29189.28676260968,29753.409181404757,27245.22270890947,29630.105978719756,30347.13800556986,32552.505261955084,30342.499573349724,28802.547262827888,29764.65900600626,30069.760073567926,33484.49458633838,32850.85615411825,35072.36718053196,31133.297438226386,33301.191383653364,30519.185695048014,37193.835504478855,36504.39920738207,36715.771450778644,32070.185695048014,37723.160058397276,40566.165747002626,38332.58567987736,39568.931585029175,39746.41557160413,37086.39920738207,39960.63905796087,40273.45827407094,39261.888882562365,37260.026963985496,39380.8091662341,35819.57999127201,43749.549367609914,37964.67607182232,43673.17143560799,44118.09171927973,41629.01698996281,41025.44261144289,38737.78282798936,33245.117355930466,25611.084627486343,32947.39422037073,13115.95511689789,6043.102470749694,12912.747293169192,17329.561522267908,19093.008494981405,20751.253332571556,21676.87041355828,20199.76934599661,19752.42344084479,21420.264008188256,23277.429129450145,23792.338737505175,24959.673967040297,22203.98215673665,24839.439805066846,26305.695318273698,25471.301723643723,27233.13161537049,24927.237669943504,24348.328061888475,25098.74300775186,26411.08891290368,27489.716669507106,26904.38143997199,25505.024859203462,26127.147277998538,24749.11525114843,27657.413466822094,25760.85475093023,25963.88677778034,25801.84407531353,25218.31738627177,25734.328061888475,27280.73802074051,25855.833399696825,26736.572899478626,25275.833399696825,24723.205643093395,23875.56721087327,27095.503858767064,23812.274683804957,23832.58856210667,23403.891764791682,23481.003507970054,22729.599237723374,19807.253332571556,14410.67825245763,24402.621992144803,16318.737319146501,18400.040521831514,21830.78002161331,22676.891764791682,22259.231981338147,23092.87041355828,24374.992832353353,23186.354400133227,24915.891764791682,25729.82272408012,25063.88108917498,26712.338737505175,25615.801372846716,26487.82272408012,27751.764358985263,29924.716669507106,31978.690331262354,31630.70100687905,28283.168629231943,27000.91311602509,29282.11026413708,28245.45048068355,29982.424142438795,29558.977169725305,28183.540872628517,28330.55154824522,29033.583575095327,28778.34941312188,30667.120939753786,28926.360088738584,28992.157953615242,29259.572899478626,30074.583575095327,29312.067561670276,28883.269696793614,30201.11026413708,28790.259021176913,27998.237669943504,29950.525210000465,29147.673967040297,29399.078237286976,27429.024859203462,28239.168629231943,30624.759371973916,29461.99353394737,23358.604926328735,20892.49318315036,23207.780723207325,27433.509547372418,27568.11026413708,26260.024859203462,24777.4768189283,24696.274683804957,23791.120238159776,24178.120238159776,25856.971481119952,27402.530197011816,26972.992832353353,27731.82272408012,27825.024859203462,26888.891764791682,30494.695318273698,27648.093899915024,29856.966494108605,28177.81204846342,29220.338737505175,29655.65261580689,28628.024859203462,30967.89745339704,29639.74300775186,23011.46045470624,29934.55154824522,28712.62058895678,29656.85475093023,29585.934467258496,29957.035534820163,30646.966494108605,30785.764358985263,31247.673967040297,31739.594250712027,31980.312399260423,31089.55154824522,31358.695318273698,30356.55154824522,31274.381439971985,30068.24834556021,31374.088912903677,31855.60492632873,30326.75368336856,30656.9771697253,31123.088912903677,32397.030547808816,33539.01488518077,33397.48889773303,28693.850465512896,28417.74939795123,28030.094601509038,28299.49318315036,26035.205643093395,25486.971481119952,22745.60422473472,26614.194967476695,25515.57788648997,25314.53518402316,28579.934467258496,26234.455467694897,28459.508845778408,28961.31738627177,29098.31738627177,29531.024859203462,30397.24834556021,28330.08322429832,28991.205643093395,29675.82272408012,26973.141589393184,28149.365075749927,28310.76934599661,31820.482507533656,31019.24834556021,32387.987845342006,35328.9138176191,32878.301723643715,31253.34941312188,30992.540872628517,30956.822724080117,32429.775034601964,33200.301723643715,31680.663291423596,33509.402791205386,32352.078237286976,32025.46115630025,31925.067561670272,31444.450480683547,32369.291048027015,31633.75368336856,31759.966494108605,31559.179304848643,30707.147277998538,31880.291048027015,35379.88179076899,36812.95652008591,37374.71238408977,36083.15436979192,32539.46255948827,29631.610614934092,28068.98784534201,25279.68962966834,24527.455467694897,26071.992832353353,25955.07254868162,27234.508845778408,25343.42344084479,27083.56721087327,27602.274683804957,27000.65760281823,28091.58856210667,26891.62557596813,28695.28535942166,30472.641940190188,28601.375751366628,28935.18429185999,29322.476818928295,29650.093899915024,29824.104575531725,29410.28535942166,28909.97148111995,30522.01418358676,31874.764358985263,30553.216318710096,29534.28535942166,32438.47183191695,31378.136602381834,32016.65261580689,32976.76435898526,32189.56222386192,31624.540872628517,31814.551548245217,32327.248345560205,34836.424142438795,30818.51952139511,32548.764358985263,32367.067561670276,32097.66329142359,31153.641940190188,29697.72165651845,32662.11026413708,32354.99852095871,34321.4454936722,35840.520222989115,37397.57928967799,40482.867531328964,34257.425545626815,30424.844776907536,28553.705993890406,25272.173616243286,24755.354400133227,26190.891764791682,25001.444792078193,25418.152265009885,25530.7266435298,25943.141589393184,27511.274683804957,24912.49248155635,27165.960805503244,28666.88108917498,28759.88108917498,26844.7266435298,29296.599237723374,28914.769345996607,30529.51952139511,29641.104575531725,28692.950129886547,28542.849062324876,29291.67895405164,30312.70030528504,28974.668278434936,31088.822724080124,31498.83339969682,31615.42912945014,29661.98215673665,33550.87610216363,30208.599237723378,30336.09389991502,32980.9771697253,31974.641940190184,33154.87610216363,30486.72165651845,32251.36008873858,32283.25902117691,30819.71098090175,33686.301723643715,32765.50385876706,31684.179304848643,34596.15296660389,36797.35011471588,37694.286762609685,41997.46326108229,34614.93088343517,31351.653317400902,28111.18998046535,24460.56721087327,25686.67895405164,25154.950129886543,25857.87041355828,25942.051197448214,25187.715967913093,26463.859737941573,27323.466143311598,26630.040521831514,26139.42344084479,27792.061873064915,26701.939454269843,27195.939454269843,29779.205643093395,27388.62557596813,27834.14158939318,28373.455467694897,30607.508845778408,29207.78002161331,27935.838386708172,28569.061873064915,29524.67895405164,33856.13161537048,30468.913116025087,30892.003507970054,28893.56721087327,30350.992832353353,29017.960805503248,29947.487494545003,30860.216318710096,30519.00350797005,32550.471831916955,31591.833399696825,31325.833399696825,31722.540872628513,31736.349413121876,32675.76435898526,31914.562223861914,32070.131615370483,32046.471831916955,32259.482507533656,34023.232682932154,35143.477520522305,40003.06896485829,43393.40489598742,34653.33515368185,32485.212033292766,29106.33375049383,26071.700305285045,24420.343724516522,21498.35938714457,24413.918103036434,25629.646927201535,25776.939454269843,25904.63625158483,26953.758670379902,25588.715967913093,28354.992832353353,25016.987143747996,28256.274683804957,27791.859737941573,28671.375751366628,28598.162940626586,29078.18429185999,29323.78002161331,28501.567210873265,28453.87041355828,28925.870413558278,28339.466143311594,31034.72165651845,29862.28535942166,30084.801372846716,30351.397102600036,34538.658304412245,30321.599237723374,30935.923791641788,31654.147277998534,29722.093899915024,31225.51952139511,30430.609913340082,30986.710980901746,31839.945142875204,31434.92379164179,32970.17930484864,32218.966494108605,31474.36008873858,30536.631264573483,31326.663291423596,34400.05189904222,37534.866128140944,40046.45188387157,43742.23478771419,33765.59565390005,30275.13730397585,29038.33375049383,26593.41845383344,25356.98215673665,24528.63625158483,24498.42344084479,24780.52450840646,26560.76934599661,26382.242656954855,26549.838386708172,28259.104575531725,25610.412765228084,26983.242656954855,26395.221305721447,28439.67895405164,26840.7373191465,29694.407778216737,27685.747994763202,28215.365075749927,27439.231981338147,27288.63625158483,29519.891764791682,29404.08322429832,30377.59923772337,29644.194967476695,29099.57788648997,30866.226994326807,30324.710980901753,30795.407778216733,29808.194967476695,27935.152265009885,29920.790697230015,32950.17930484864,29531.487494545,29190.97148111995,29971.29603503837,32895.68464265699,32182.75368336856,32167.248345560205,30651.014183586754,30144.62058895678,30671.631264573483,32206.078237286973,33880.04122342551,37598.775736195974,39766.83480288484,44358.36788212597,35782.86184272361,30722.6533174009,28640.615601945436,26159.003507970054,25012.152265009885,23907.40208961138,24703.7373191465,26003.061873064915,26572.274683804957,25337.231981338147,27264.78002161331,26479.242656954855,26415.040521831514,26577.88108917498,26763.43411646149,27419.455467694897,27436.040521831514,27922.960805503244,26971.120238159776,28968.38642698333,28248.152265009885,30084.90244040838,27873.14158939318,34288.4454936722,30164.397102600036,29436.78002161331,29131.67895405164,29533.79069723001,30287.902440408387,29510.88108917498,30237.296035038366,29621.498170161703,28544.758670379902,28800.264008188256,30205.90244040838,30362.60991334008,31163.923791641795,31550.73233213515,30813.11525114843,31525.844075313526,30316.41845383344,29674.60991334008,32169.886777780335,34685.557236850575,38710.32377647114,39863.84547850155,44497.05400382426,33009.87750535166,30857.05758764758,28547.009196575415,25822.599237723374,24810.65760281823,25612.18429185999,23873.412765228084,26042.162940626586,26336.466143311598,24538.40208961138,27406.57788648997,26958.758670379902,25666.120238159776,26345.242656954855,28462.38642698333,27847.264008188256,28763.38642698333,29265.08322429832,27620.849062324873,28826.18429185999,27285.939454269843,29162.28535942166,28471.264008188256,27878.747994763202,31416.34941312188,28105.343724516522,29794.992832353353,29611.194967476695,29921.599237723374,29616.476818928295,30426.10457553172,29306.769345996607,29186.274683804957,30129.801372846716,30766.014183586754,30009.194967476695,31855.248345560205,31884.9451428752,30895.014183586758,29845.801372846716,30358.812048463424,30411.51952139511,31111.45048068355,34150.13161537048,36547.03623641418,39326.925194829804,45346.197773852735,34529.851167106906,30460.046912030877,28365.503858767064,25839.498170161703,24320.152265009885,23721.614900351426,24075.52450840646,25888.455467694897,27600.599237723374,24516.50315717305,26171.65760281823,26990.264008188256,27017.859737941573,26566.838386708172,28249.57788648997,28423.487494545,28229.08322429832,24613.683941062984,27574.849062324873,29182.296035038366,29119.88108917498,29217.4768189283,28530.78002161331,29029.68962966834,29069.68962966834,29788.79069723001,29142.57788648997,29303.98215673665,29681.68962966834,30367.609913340075,30098.104575531725,29196.68962966834,29527.577886489973,27779.02984621481,29349.98215673665,31157.530197011816,29989.71098090175,29491.27468380496,31599.54087262852,30773.519521395112,30995.338737505175,29773.599237723374,29510.104575531725,32117.89745339704,33179.9985209587,36057.509547372414,40549.87750535166,45762.410584592784,34380.649031983565,30621.05758764758,29133.13161537049,25547.81204846342,24517.646927201535,25608.67895405164,24751.7373191465,26134.173616243286,27130.992832353353,26473.253332571556,26592.65760281823,29030.65261580689,28300.508845778408,29429.328061888475,28120.67895405164,27503.960805503244,28390.274683804957,29139.992832353353,30177.51952139511,28016.758670379902,28545.173616243286,30380.014183586758,29889.2163187101,28837.07254868162,28432.253332571556,29448.79069723001,29319.274683804953,28618.66827843494,31780.50385876706,30861.418453833438,28883.64692720153,30228.508845778408,30079.81204846342,30618.91311602509,31108.2163187101,30585.508845778408,30963.620588956783,30544.81204846342,30569.92379164179,30016.801372846716,31101.237669943504,30767.732332135154,34606.95083148055,36606.834101290835,39556.925194829804,43036.40489598742,33002.19138365337,30395.35011471589,23439.152265009885,27080.338737505175,25716.508845778408,24188.939454269843,24871.354400133227,25533.365075749927,26878.58856210667,26179.859737941573,26540.56721087327,26093.545859639864,27012.76934599661,25819.231981338147,26573.141589393184,28457.407778216737,27620.66827843494,28539.891764791682,28901.992832353353,27945.264008188256,29571.51952139511,28651.67895405164,29862.599237723374,27976.466143311598,29966.067561670272,29654.992832353353,29505.18429185999,29979.003507970054,29627.08322429832,31784.74300775186,31887.85475093023,29524.194967476695,29967.801372846716,26086.412765228084,29479.38642698333,30982.328061888475,29117.88108917498,28815.56721087327,29459.08322429832,30329.014183586758,30634.934467258496,30076.41845383344,31109.684642656997,32682.89745339704,37006.13730397585,38306.08462748634,45488.60204409942,33532.30312683174,29832.42983104415,29235.557236850575,25363.508845778408,25581.397102600036,24487.747994763202,23654.817035474764,23963.79568424136,24136.646927201535,25414.7373191465,25262.231981338147,26100.253332571556,24957.311697666413,26659.455467694897,26499.849062324873,27593.971481119952,27360.56721087327,28168.375751366628,28639.58856210667,29018.397102600036,28430.38642698333,29701.60991334008,29249.902440408383,29806.72165651845,29153.194967476695,29354.38642698333,29140.487494545,29520.498170161703,30535.216318710096,30776.833399696825,32768.87610216363,30195.801372846716,31172.237669943504,27529.53518402316,29281.08322429832,30806.12592676513,29294.88108917498,28765.76934599661,28532.354400133227,30250.700305285045,28089.43411646149,29228.58856210667,30053.530197011816,30854.45048068355,32274.785710218664,36143.02556079747,40202.65401899491,44586.76147675595,33587.8084646401,29207.50954737242,29049.1636422206,27344.291048027022,25803.732332135154,24904.38642698333,24734.65760281823,24616.838386708172,25244.051197448214,23981.60422473472,24658.827711091468,25169.13091377648,26670.66827843494,26784.264008188256,27443.57788648997,28052.003507970054,23395.46045470624,29664.125926765133,29085.51952139511,28737.498170161703,29038.801372846716,27628.365075749927,29242.306710655066,29878.024859203462,28817.78002161331,29558.407778216737,29773.508845778408,30555.226994326804,30957.641940190188,30242.82272408012,30230.60991334008,30447.530197011816,30424.407778216737,30457.833399696825,30542.62058895678,29818.205643093395,28677.162940626586,30461.115251148432,30941.732332135154,29942.003507970054,29056.57788648997,29153.891764791682,30408.833399696825,29690.91311602509,33834.03054780881,36893.03623641418,38955.026262391475,42581.49528793239,32768.68604584502,29115.834101290835,28542.546561233874,26182.136602381834,25989.024859203462,23596.827711091468,26611.11525114843,24795.939454269843,24530.556535256565,25555.747994763202,25745.343724516522,25205.42344084479,27068.375751366628,25813.7373191465,26774.859737941573,27012.556535256565,28881.104575531725,27797.18429185999,28934.407778216737,29291.2163187101,28408.08322429832,30123.338737505175,28318.28535942166,28658.08322429832,29909.62058895678,30799.74300775186,28593.859737941573,30486.328061888475,31672.461156300255,31276.54087262852,31005.84407531353,30078.508845778408,29268.194967476695,29876.003507970054,30689.035534820163,30092.306710655066,29182.08322429832,29081.87041355828,29449.881089174985,29514.194967476695,28933.498170161703,30022.732332135154,30245.74300775186,31894.461156300247,36008.722358112456,39060.93587044651,42333.20276086408,31922.036938008187,29320.530898605823,28626.36577734394,25866.9451428752,24217.466143311598,24968.41845383344,22995.019170598105,24614.960805503244,24338.43411646149,24330.62557596813,25353.646927201535,25237.333048899818,26260.960805503244,25889.343724516522,27227.18429185999,26618.061873064915,21908.42842785613,27166.264008188256,28448.902440408383,28147.28535942166,28116.88108917498,28667.68962966834,27377.849062324873,28358.78002161331,28633.700305285045,28853.296035038366,30324.328061888475,30967.136602381834,30566.92379164179,31211.84407531353,29863.2163187101,32192.269696793614,30681.328061888475,29767.205643093395,29014.98215673665,30032.407778216737,25942.7266435298,30287.2163187101,28881.38642698333,28777.08322429832,29510.902440408383,28946.902440408383,30640.9451428752,33541.73802074051,34394.88179076899,37921.99423554137,42624.697423055724,32484.574302666646,28836.631966167493,28516.051899042224,25310.92379164179,24369.88108917498,22839.7373191465,23441.827711091468,24887.173616243286,23911.322373283117,25933.700305285045,25092.849062324873,23625.189278871338,25754.849062324873,27552.508845778408,26183.07254868162,25766.231981338147,26300.747994763202,26783.051197448214,26762.354400133227,28531.104575531725,28126.093899915024,28333.98215673665,27824.173616243286,28696.79069723001,29543.024859203462,29076.397102600036,29496.205643093395,31298.461156300255,30390.024859203462,31559.360088738584,30957.04621043687,31313.24834556021,29731.91311602509,29851.104575531725,30548.62058895678,30174.2163187101,28630.397102600036,28778.78002161331,29413.093899915024,29383.104575531725,28539.56721087327,30295.92379164179,31283.168629231943,32212.40279120539,36411.13730397585,37236.175019431306,42941.123044535816,30896.308113843086,28526.20634468741,26542.38143997199,22768.859737941573,21945.817035474764,23252.242656954855,24599.08322429832,23922.455467694897,22986.39141399468,24260.231981338147,25034.971481119952,24008.79568424136,25855.264008188256,24474.806359858063,26472.66827843494,25417.92877865314,26734.960805503244,25111.109562543075,26869.365075749927,27092.253332571556,26992.253332571556,29958.75368336856,29439.11525114843,27942.08322429832,28517.08322429832,28453.78002161331,29684.72165651845,29254.104575531725,24513.279670816304,30597.934467258496,30203.226994326804,30472.72165651845,31000.85475093023,30159.31738627177,30633.631264573483,29232.68962966834,29708.003507970054,28973.18429185999,29324.801372846716,28845.98215673665,27707.051197448214,29480.599237723374,28505.487494545,29885.732332135154,32270.40279120539,34243.578588083976,35880.22270890947,40586.54297741054,31174.74441093988,30176.98854693602,26961.392115588693,24483.024859203462,21985.210630104742,23146.040521831514,22733.120238159776,22895.210630104742,23988.53518402316,22749.077535692963,23136.39141399468,23502.886076186325,24351.109562543075,24594.7266435298,25255.92877865314,25409.66827843494,26496.466143311598,26096.838386708172,26353.051197448214,27533.375751366628,26626.242656954855,27194.65760281823,27121.960805503244,25846.19995448804,27488.65760281823,28871.093899915024,29569.82272408012,28825.18429185999,28600.98215673665,29135.487494545,29966.014183586758,29768.801372846716,30117.51952139511,30856.84407531353,29834.508845778408,30785.631264573483,30115.62058895678,30607.035534820163,28486.375751366628,27805.051197448214,28387.668278434936,28426.78002161331,29860.024859203462,28891.498170161703,31187.9771697253,33825.376452960634,37660.196370664715,40791.55365302725,30491.39850578806,28718.945844469206,25167.641940190188,22944.455467694897,22855.65760281823,23264.56721087327,21368.673265446283,23195.918103036434,21954.06686007626,22868.886076186325,23332.89675180303,23363.806359858063,23983.50315717305,24727.221305721447,24171.694616679688,25548.63625158483,24995.311697666413,25771.43411646149,26024.43411646149,26284.545859639864,26410.02984621481,24403.673265446283,27733.56721087327,27489.466143311598,28450.397102600036,29179.014183586758,28556.98215673665,23581.056184459558,29676.71098090175,29647.104575531725,29560.306710655066,29080.296035038366,28929.38642698333,29339.003507970054,30429.125926765133,29954.72165651845,28740.97148111995,28041.971481119952,27572.950129886543,28020.466143311598,28477.88108917498,28833.397102600036,28181.992832353353,31790.79638583537,33973.711682495756,37458.99423554137,37501.13301855851,30931.127329953153,27461.00420956407,23893.700305285045,21097.785008624654,21428.60422473472,21005.47113032294,20444.247643966195,21536.47113032294,21736.06686007626,22498.279670816304,22915.582873501313,23273.39141399468,23575.582873501313,24618.63625158483,23902.39141399468,24216.40208961138,24861.120238159776,25950.253332571556,25529.7266435298,24626.694616679688,26771.061873064915,26996.264008188256,27524.66827843494,27320.76934599661,26684.62557596813,27954.4768189283,27720.162940626586,27646.960805503244,29321.71098090175,29887.82272408012,30032.328061888475,28078.264008188256,29624.2163187101,28969.79069723001,29263.397102600036,31158.764358985263,28302.38642698333,23991.16792763793,28856.093899915024,27656.061873064915,28080.07254868162,28615.902440408383,28166.306710655066,29956.24834556021,31222.189980465344,32427.06257465892,35833.8397898962,38441.47892371034,28751.142992581204,25380.4348180555,26298.908129013747,20597.279670816304,20869.886076186325,19826.933765664486,20697.348711527866,20353.72095492444,20797.933765664486,22763.694616679688,22152.088211309667,24302.231981338147,23957.221305721447,23562.39141399468,26897.51952139511,23483.976468131295,24333.50315717305,24657.210630104742,24299.79568424136,24540.40208961138,25578.614900351426,26161.838386708172,26392.63625158483,25671.715967913093,27870.88108917498,26828.838386708172,27585.162940626586,28104.173616243286,28276.375751366628,28587.67895405164,27752.88108917498,28912.79069723001,28343.78002161331,28257.87041355828,27889.264008188256,28389.67895405164,29187.599237723374,28263.274683804957,28060.264008188256,26058.43411646149,28958.992832353353,27080.747994763202,27769.98215673665,28227.599237723374,28815.732332135154,31977.535885617166,35095.8397898962,38765.39920738207,28836.850465512896,24625.594250712027,23456.003507970054,19997.279670816304,19320.2583195829,18901.72095492444,20018.742306157845,20723.96579251459,21727.875400569625,21834.380738377975,22405.683941062984,22180.35938714457,23011.178603254633,23192.774333007954,23070.673265446283,22376.944441281186,24863.50315717305,25819.040521831514,24940.210630104742,27038.487494545,25681.52450840646,26315.53518402316,26984.365075749927,26617.838386708172,26610.838386708172,26465.827711091468,28041.365075749927,28640.902440408383,28535.79069723001,26695.747994763202,27680.849062324873,29579.62058895678,28685.093899915024,28659.58856210667,28458.375751366628,28515.4768189283,28908.58856210667,27650.758670379902,27873.76934599661,25082.694616679688,27357.758670379902,27577.4768189283,26630.556535256565,28195.508845778408,27429.38642698333,33075.791398824025,35882.882492363,39113.70241006708,28044.031249402833,25234.738020740515,22863.91311602509,19778.37006276127,18979.32736029446,19430.439103472832,18883.891063197672,19605.630562979473,20567.135900787824,22443.785008624654,22800.89675180303,21971.854049336216,21523.034833226156,23256.9978193647,23837.40208961138,24089.29034643301,23650.279670816304,24141.50315717305,24443.705292296392,23628.077535692963,25113.019170598105,25794.7266435298,24169.06686007626,27396.173616243286,24993.412765228084,28183.992832353353,27591.162940626586,28872.296035038366,29758.014183586758,28315.57788648997,28839.08322429832,29010.58856210667,28454.08322429832,29045.79069723001,28209.061873064915,27090.939454269843,28456.98215673665,27401.455467694897,27146.040521831514,30057.65261580689,27481.556535256565,27440.76934599661,27673.992832353353,27839.194967476695,29877.370764355284,33178.10527712574,36118.60064091139,39472.53230179385,27786.637654772854,23051.74300775186,22028.07254868162,19125.955116897887,18756.832698102815,20395.380738377975,19813.2583195829,19939.22629273279,20567.944441281186,23206.747994763202,21388.077535692963,22877.49248155635,22396.06686007626,21903.944441281186,22040.15725202123,23185.582873501313,24179.008494981405,24563.817035474764,24408.705292296392,24982.817035474764,24585.412765228084,26146.747994763202,25532.43411646149,26610.556535256565,27377.375751366628,28248.194967476695,27854.88108917498,28855.700305285045,30081.631264573483,27724.365075749927,28811.093899915024,28198.87041355828,28271.173616243286,28967.08322429832,29136.508845778408,27655.152265009885,29090.093899915024,27194.758670379902,27282.343724516522,27454.253332571556,28657.801372846716,26788.264008188256,28304.407778216737,30305.482507533656,34183.04691203088,36244.105978719745,39436.925896423825,24553.935168852506,22890.48250753366,20988.444792078193,19474.481805939646,18452.034833226156,18034.31668467776,19745.135900787824,19010.71027930774,20311.742306157845,19920.31668467776,21183.752981774545,21737.2583195829,23435.939454269843,23150.79568424136,22636.178603254633,23056.380738377975,24250.42344084479,22921.077535692963,24429.513832789755,23891.50315717305,24171.60422473472,24731.322373283117,24989.939454269843,25366.43411646149,26051.152265009885,26600.365075749927,26763.264008188256,28564.31738627177,27293.599237723374,28344.902440408383,28774.60991334008,27373.162940626586,29476.92379164179,27664.76934599661,27269.758670379902,28917.003507970054,28558.003507970054,28660.306710655066,27335.354400133227,28191.18429185999,28011.487494545,28112.801372846716,26413.849062324873,28916.04621043687,29730.775034601967,30075.615601945436,35326.80277603473,37850.31949105381,23969.451182277557,22334.291048027022,20005.62557596813,18192.045508842853,18288.933765664486,18576.23696834949,18924.731630541144,18693.41775223943,19889.651914212875,18903.518819801102,20442.348711527866,20274.933765664486,20396.843373719516,22008.178603254633,22743.088211309667,22704.9978193647,23539.322373283117,23688.412765228084,26197.328061888475,23990.221305721447,24190.333048899818,24777.747994763202,24364.92877865314,26224.4768189283,25858.051197448214,26338.07254868162,26943.498170161703,27042.992832353353,27654.014183586758,26816.07254868162,27433.093899915024,27287.891764791682,27415.003507970054,28124.306710655066,27457.68962966834,27748.60991334008,29258.663291423596,28978.641940190188,27543.60991334008,27433.306710655066,26813.498170161703,27161.407778216737,27653.338737505175,30080.92948024715,29697.66898002895,32283.547262827884,32066.202059270072,20160.626277562136,18842.76934599661,17564.59354911802,16881.42842785613,15715.598536129366,15533.859036347563,16602.045508842853,19766.333048899818,18130.32736029446,19771.52450840646,20117.178603254633,20854.333048899818,20255.79568424136,20962.221305721447,22519.093899915024,20881.694616679688,22373.960805503244,21648.189278871338,23671.296035038366,21902.02984621481,24108.429129450145,22074.242656954855,25363.615601945436,23315.354400133227,25942.328061888475,25401.498170161703,24548.07254868162,23872.343724516522,25898.18998046535,25043.79069723001,25754.51952139511,24860.76934599661,25896.82272408012,25015.173616243286,25531.397102600036,24483.162940626586,25848.11525114843,25513.11525114843,24405.375751366628,24973.599237723374,24424.98215673665,26046.45048068355,24830.60991334008,25545.200656082052,27799.961507097258,26258.424142438795,25349.87111515229,26182.424844032812,27063.59066688871,26454.223410503477,29370.106680313762,28113.11166732511,27809.627680750164,22889.59993931739,24521.81843866279,32292.521626177146,30666.87750535166,30180.584978283354,28006.15366819791,29127.723059706477,34360.0483152189,30215.11665433645,29734.276086992984,31008.127329953153,31982.239073131524,32320.74441093987,31078.69103285636,33408.87750535166,36422.106680313766,36550.52162617715,35254.739423928535,36237.44689686023,37696.47892371034,33394.21772189812,32939.116654336445,36783.26611297029,34921.77643778999,39474.56432864396,34506.249748748225,37685.68105883368,37104.95223466858,35588.59565390005,40453.878206945665,34498.65401899491,39348.46894968764,29404.32377647114,35227.67537022832,43026.64973357758,42187.5166391658,39871.14938278057,28745.765060579273,28338.733033729164,31085.839789896196,29271.71737110112,26406.201357676062,48715.75220432728
37,28073.307686607815,17006.46263592652,23588.808552973078,26690.56577570597,29555.14975112717,30117.669493062247,27712.664774169796,29638.59524421438,30751.337732693068,32696.89695849831,30645.446746518646,29380.234015336788,29984.506261112307,30139.531010728264,33739.64946233875,33070.75847616432,35683.332436223776,31359.39724728673,33530.57521349088,30740.125001511213,37406.91641164497,36756.07492470246,37210.43143468759,32217.125001511213,38347.48565281196,40752.93586479163,38931.079643594916,40018.143877081035,40132.77263284169,37395.07492470246,40518.31712439272,40486.76261747994,39600.15389244279,37440.718414717325,39731.62413514595,36339.62943161524,44261.19279873611,38172.85689705131,44002.3860767713,44504.856319474464,41802.123846357536,41212.71783714049,39140.33185864693,33485.49566817371,25658.10025189526,33002.27764052257,13225.824442380956,6089.330605215507,12888.324731169374,17460.972940076696,19374.061923178768,20967.10140704893,21770.497400904227,20351.472651288273,20044.40841780215,21659.34890320849,23573.858629781822,23906.08137632543,25151.898113651983,22403.769646679742,25055.106125941384,26556.39310597111,25680.541603666847,27692.23459291362,24898.056626709473,24550.833880165865,25270.18037478925,26555.24460827537,27798.888098290234,27185.071360963677,25731.759631317997,26208.279373253077,25059.53688477439,27608.813849442366,26064.45262056477,26147.195109043456,26050.205124405205,25289.586384006303,26144.833880165865,27572.38309060936,25954.957628245644,26774.873364036026,25559.957628245647,24846.31413823078,24115.42315205636,27339.591102898758,23975.59639936805,24268.918144375486,23720.99239322335,23796.26463899887,23046.165640535044,20015.10140704893,14490.042470032105,24577.966488453727,16680.73016280959,18738.804411657453,22132.720147447835,23105.99239322335,22480.606414729802,23552.497400904227,24722.017142839308,23602.126156664883,25396.99239322335,25873.710132086082,25560.744897063792,27115.081376325426,26056.21513976696,26836.710132086082,28156.675367108375,30120.888098290234,32169.595821791216,31832.84331795078,28591.7743655722,27336.487385542474,29619.739600594497,28465.35362210094,30257.061345601927,29804.97236249985,28536.13087555734,28742.3783717169,29395.120860195588,29310.32887248499,30967.987096754056,29139.57636864455,29270.52686941264,29628.873364036026,30383.120860195588,29519.749615956243,29237.799115188158,30689.739600594497,29168.551619028593,28345.056626709473,30194.086095217885,29385.89811365198,29679.99711211581,27758.759631317997,28599.7743655722,30906.87808292848,29772.670070639084,23515.615852514715,21235.343606739196,23634.373075247615,27830.04131487843,27846.739600594497,26481.759631317997,25288.645898599963,24912.59639936805,24242.334168954283,24596.334168954283,26098.522150520184,27852.883379397776,27424.017142839308,28048.710132086082,28093.759631317997,27251.99239322335,30917.39310597111,27763.041892455265,30207.72486634029,28505.46263592652,29614.081376325426,29958.40312133286,28889.759631317997,31404.44260520302,29969.180374789248,23250.94819046073,30340.378371716906,29050.66063285417,29952.45262056477,30052.982377861605,30142.00712747756,30900.724866340293,30838.67536710838,31564.898113651987,32140.368356355153,32409.789099826405,31279.378371716906,31658.39310597111,30894.378371716906,31494.071360963677,30421.304122869034,31906.24460827537,32278.615852514715,30916.427870948817,31048.97236249985,31509.24460827537,32916.20984329766,33978.165062958215,33963.19925035907,29048.308264184656,29043.283514568702,28593.69482025504,28536.343606739196,26528.31413823078,25589.522150520184,22916.962924714942,26813.06664207122,25753.67064821592,25534.68066357767,29253.982377861605,26485.15090628084,28805.388387078652,29155.586384006303,29442.586384006303,29702.759631317997,30614.304122869034,28640.7943962957,29298.31413823078,29787.710132086082,27199.82916127341,28527.373652824444,28725.47265128827,32235.096110579634,31469.304122869034,32891.21985865942,35914.14031334226,33192.54160366685,31523.32887248499,31425.13087555734,31196.710132086082,32738.922863267948,33617.54160366685,32041.65061749242,33805.566353282804,32770.99711211581,32516.601118260507,32258.749615956247,31835.353622100945,32796.29410750728,31912.427870948817,32104.724866340293,32119.021861731766,30915.279373253077,32338.29410750728,35630.39782486357,37165.1302979805,37953.74374191011,36457.03544083229,32945.90697386006,29872.066064494386,28427.219858659417,25324.94289399144,24651.15090628084,26509.017142839308,26317.54690013614,27434.388387078652,25526.40841780215,27355.42315205636,27831.59639936805,27326.20040551275,28450.918144375482,26927.457917034066,28806.843895527614,30823.155625173298,28876.621148984006,29046.819145911657,29365.645898599963,29870.04189245526,30050.289388614823,29727.843895527614,29243.52215052018,30783.512135158435,32213.67536710838,30871.561634390346,29735.843895527614,32865.84861442007,31731.03187709352,32199.403121332864,33106.67536710838,32577.625867876468,32037.130875557337,32320.378371716906,32746.304122869038,35032.06134560192,31168.635883238214,32639.675367108382,32470.74961595625,32475.65061749242,31431.1556251733,30098.685382470125,32898.73960059449,32719.46735481898,34681.55633792105,36218.28881103799,37876.97650381547,40828.65890012366,34812.36720120147,30756.85805220498,28999.64060213067,25559.57164975209,25067.126156664883,26612.99239322335,25246.90341012128,25750.076657432972,25817.48266665002,26163.82916127341,27821.59639936805,25035.690678939423,27367.274654360623,28829.744897063792,29119.744897063792,27242.48266665002,29543.165640535044,29093.472651288266,30805.635883238214,29845.289388614823,29071.027158201057,28786.002408585107,29489.695397831878,30724.190390150998,29321.447901672313,31481.710132086082,31786.957628245647,31983.858629781826,29819.769646679746,33954.947612883894,30756.165640535048,30636.041892455265,33302.97236249985,32408.155625173295,33359.947612883894,30496.685382470125,32592.57636864456,32668.551619028603,31132.437886310563,34030.54160366685,33168.591102898754,32223.021861731766,34964.729585232744,37424.98180028476,38278.14975112716,42535.55990165983,35150.49094928126,31578.056049132636,28417.269357891328,24700.42315205636,25803.695397831878,25311.027158201057,26200.497400904227,26166.051907817015,25387.235170490458,26815.249904744665,27683.3984024404,26911.804411657453,26540.40841780215,28077.299403976576,27107.779662041496,27610.779662041496,29988.31413823078,27450.457917034066,27990.829161273406,28677.15090628084,30746.388387078656,29363.720147447835,28215.754912425535,28929.299403976576,29719.695397831878,34169.23459291362,30820.48738554247,31236.26463899887,29231.423152056363,30373.017142839308,29348.27465436062,30288.893394759525,31036.561634390346,30845.26463899887,32943.84861442007,31606.95762824565,31820.957628245644,32047.130875557337,31906.32887248499,32929.67536710838,32215.625867876468,32211.23459291362,32477.84861442007,32453.096110579638,34482.25934252958,35595.29882639974,40400.055471555796,43992.52513668212,35157.58994774509,32817.41727801022,29611.28409214553,26312.190390151,24722.87866050532,21829.923440844777,24722.284669722372,25969.95290935319,26191.779662041496,26181.705413193624,27434.225155128708,25926.235170490458,28537.017142839308,25274.56693085964,28572.59639936805,28022.249904744665,29048.621148984006,28765.324153592534,29520.819145911657,29519.720147447835,28672.42315205636,28617.497400904227,29225.497400904223,28679.3984024404,31279.68538247012,29820.843895527618,30354.21513976696,30684.116141303133,34794.85333331252,30447.16564053504,31331.734881702043,31972.27937325308,30036.04189245526,31503.63588323821,30627.413136694606,31044.437886310567,32002.229874021163,31924.734881702043,33198.021861731766,32343.724866340293,31734.576368644557,30913.90812901373,31753.650617492425,34705.70483561679,37941.353044524105,40525.659477700494,44251.2181259289,34063.674211954705,30648.684804893288,29508.28409214553,26765.611133622257,25730.769646679742,24793.705413193627,24717.40841780215,25162.43316741811,27095.47265128827,26502.853910889364,26879.75491242554,28632.289388614827,25902.16092164259,26966.853910889364,26727.35891857024,28736.695397831878,27178.73016280958,30022.363637462695,27949.977658969146,28372.373652824444,27761.606414729802,27457.705413193624,29776.99239322335,29747.7943962957,30625.165640535044,29993.06664207122,29481.67064821592,31271.80913054991,30630.437886310567,31031.363637462695,30227.066642071215,28156.076657432972,30109.967643607393,33439.021861731766,29893.89339475953,29689.522150520184,30211.09139168718,33035.145609811545,32636.427870948817,32267.304122869038,31089.51213515843,30423.66063285417,30638.908129013733,32667.997112115812,34077.45733945722,37943.57579106771,40183.26348384519,44924.985364023545,36055.20868814399,31036.056049132636,29042.863348674276,26516.26463899887,25182.076657432972,24156.913425483028,24894.73016280958,26175.299403976576,26962.59639936805,25671.606414729802,27532.720147447835,26810.853910889364,26834.804411657453,26850.744897063792,27066.655913961713,27554.15090628084,27772.804411657453,28162.274654360623,27133.334168954283,29244.86864514357,28613.076657432972,30393.239889382916,28000.82916127341,34714.55633792105,30565.116141303126,29809.720147447835,29421.695397831878,30034.967643607397,30726.239889382912,29786.74489706379,30597.091391687176,29879.140890919087,28703.225155128708,29186.348903208494,30576.239889382912,30529.413136694602,31555.73488170204,31781.93287862969,31118.536884774392,31810.205124405213,30615.611133622257,30064.41313669461,32515.19510904346,35125.828583696566,39284.689523785746,40181.51098000476,45117.66361901611,33538.253468483446,31083.155047596458,28907.71485097854,26056.165640535044,25004.20040551275,25967.819145911657,24061.160921642593,26214.324153592534,26616.3984024404,24905.913425483028,27754.67064821592,27090.225155128708,26054.334168954283,26801.853910889364,28682.86864514357,28227.34890320849,29125.86864514357,29562.7943962957,27873.0024085851,29091.819145911657,27605.779662041496,29403.843895527614,28734.34890320849,28083.977658969146,31676.328872484988,28263.87866050532,30137.01714283931,29912.06664207122,30122.16564053504,29715.645898599967,30769.289388614823,29603.47265128827,29520.59639936805,30355.215139766962,31063.512135158428,30451.06664207122,32239.304122869034,32423.22987402117,30963.51213515843,30031.215139766962,30511.462635926524,30693.635883238218,31415.35362210095,34229.23459291362,36850.66005527733,39660.040737301584,45788.67835327031,35003.96119198443,30788.907551436896,28738.591102898758,26122.140890919087,24652.076657432972,24031.2104208745,24288.43316741811,26207.15090628084,27920.165640535044,24852.938175098985,26682.200405512755,27126.34890320849,27462.249904744665,26868.75491242554,28473.67064821592,28736.89339475953,28589.7943962957,25025.492682011773,27911.0024085851,29471.091391687176,29475.74489706379,29433.645898599967,28771.720147447835,29297.942893991436,29465.942893991436,30066.967643607397,29349.670648215924,29721.769646679746,29945.942893991443,30660.41313669461,30534.28938861482,29310.94289399144,29544.670648215924,27989.556915497884,29588.769646679746,31328.883379397776,30336.437886310567,29871.596399368053,31910.13087555734,30932.635883238214,31531.081376325426,29985.165640535048,29751.289388614823,32379.44260520302,33596.467354818975,36560.04131487843,40966.253468483446,46647.975348661785,34788.91169275252,30856.155047596458,29522.23459291362,26099.46263592652,24866.95290935319,25805.695397831878,25106.73016280958,26562.57164975209,27488.017142839308,26883.101407048925,26917.20040551275,29361.40312133286,28602.388387078652,29683.833880165865,28179.695397831878,27940.274654360623,28602.59639936805,29623.017142839308,30434.635883238214,28246.225155128708,28758.57164975209,30526.51213515843,30262.561634390346,29208.54690013614,28624.101407048925,29856.967643607393,29555.596399368045,28988.447901672313,32082.591102898758,31263.611133622253,29381.95290935319,30447.388387078652,30335.46263592652,30772.487385542478,31179.56163439035,30613.38838707865,31074.66063285417,30763.462635926524,30632.73488170204,30211.21513976696,31400.056626709473,30808.93287862969,34996.68008600084,37020.61055604541,40031.040737301584,43523.52513668212,33477.57521349088,30834.981800284768,23602.076657432972,27127.081376325426,25820.388387078652,24465.779662041496,25207.126156664883,25544.373652824448,26993.918144375482,26446.249904744665,26700.42315205636,26545.928159737232,27426.47265128827,26252.606414729802,26885.82916127341,28613.363637462695,27974.447901672316,29032.99239322335,29095.017142839308,28264.34890320849,29773.635883238214,29059.695397831878,30027.16564053504,28274.3984024404,30212.749615956243,30012.017142839304,29837.819145911657,30227.264638998873,29846.794396295703,31838.18037478926,32140.452620564774,29695.066642071222,30083.215139766955,26375.16092164259,29682.868645143568,31473.83388016586,29303.74489706379,28988.42315205636,29990.794396295703,30421.512135158435,30898.982377861605,30290.61113362226,31208.145609811545,33028.44260520302,37253.68480489329,38739.10025189525,46008.77735173414,33569.8474592664,30423.511557581594,29469.828583696573,25535.388387078652,25842.116141303133,24782.977658969146,23774.259920106415,24165.76492778729,24348.95290935319,25731.73016280958,25376.606414729802,26311.101407048925,24968.136172026636,26934.15090628084,26813.0024085851,27683.522150520184,27841.42315205636,28419.621148984006,28934.918144375482,29241.11614130313,28669.86864514357,29768.41313669461,29347.239889382912,30135.685382470125,29423.06664207122,29555.86864514357,29491.89339475953,29773.140890919087,30795.561634390342,31098.957628245644,33002.947612883894,30371.215139766955,31567.05662670947,27813.68066357767,29695.794396295703,31037.784380933957,29477.74489706379,29162.472651288266,28693.126156664883,30298.190390150998,28394.655913961713,29497.918144375482,30378.883379397776,31131.35362210095,32638.170359427502,36340.41255911777,40700.70897693241,45176.83686632781,33971.971207346185,29539.041314878425,29575.97708139231,27800.29410750728,26099.93287862969,25122.86864514357,25027.20040551275,25027.75491242554,25548.051907817015,24199.962924714942,24892.507416265977,25530.581665113845,27008.447901672316,27201.34890320849,27548.67064821592,28428.26463899887,23475.94819046073,29826.784380933954,29404.635883238214,29108.140890919087,29255.21513976696,28044.373652824444,29527.338887846738,29923.759631317997,29258.720147447835,29806.363637462695,30118.388387078652,31130.80913054991,31162.155625173298,30383.710132086082,30670.413136694606,30939.883379397776,30738.36363746269,30775.957628245647,30894.66063285417,30231.314138230784,29147.324153592534,30817.53688477439,31374.93287862969,30198.264638998866,29239.67064821592,29114.99239322335,30706.957628245647,29852.487385542474,33968.20984329766,37242.66005527734,39622.06548691754,42968.30239013852,33115.4514654111,29302.610556045423,28630.581087537008,26305.031877093516,26095.759631317997,23763.507416265977,26729.53688477439,24993.779662041496,24767.175655896797,25737.977658969146,25819.87866050532,25487.40841780215,27152.621148984006,26147.73016280958,27052.249904744665,27281.175655896797,28957.289388614823,27907.819145911657,29159.363637462695,29566.561634390346,28614.7943962957,30459.081376325426,28705.843895527614,29148.7943962957,29947.66063285417,31003.180374789255,28869.24990474466,30667.833880165865,31863.60111826051,31448.13087555734,31305.205124405205,30297.388387078656,29554.06664207122,29958.26463899887,31099.00712747756,30311.338887846738,29463.7943962957,29423.497400904227,29581.744897063796,29904.06664207122,29286.140890919087,30324.93287862969,30622.180374789255,31809.60111826051,36205.3383102699,39651.28823346115,42943.47563745021,32181.312983077107,29487.53630719755,29051.026580624228,26254.229874021163,24377.3984024404,25383.611133622257,23231.30941933833,24934.274654360623,24544.655913961713,24636.457917034066,25580.95290935319,25450.63116434576,26379.274654360623,26232.87866050532,27491.819145911657,26860.299403976576,22122.205701982046,27507.34890320849,28754.239889382912,28563.843895527614,28272.744897063792,28962.94289399144,27531.0024085851,28692.720147447835,28917.190390151,29022.091391687176,30591.833880165865,31110.031877093516,31035.734881702043,31753.205124405205,30100.561634390346,32469.799115188158,30984.83388016587,30050.31413823078,29456.76964667974,30332.3636374627,26191.48266665002,30461.561634390346,29237.86864514357,29119.7943962957,29802.239889382912,29184.239889382912,30853.229874021166,33757.38309060936,34775.39782486357,38351.32299843886,43186.35188937043,32785.17921963558,29177.56105681351,28904.704835616787,25568.73488170204,24616.744897063792,23201.73016280958,23717.507416265977,25081.571649752095,24210.383668186194,26198.190390151,25372.002408585104,23896.61643009155,26022.0024085851,27725.388387078652,26302.54690013614,25879.606414729802,26515.977658969146,27130.051907817015,27054.126156664883,28939.289388614823,28454.041892455265,28572.769646679742,28118.57164975209,28997.967643607393,29963.759631317997,29221.11614130313,29891.31413823078,31570.60111826051,30656.759631317997,31986.576368644557,31116.254623637124,31513.30412286903,29921.487385542474,30091.289388614823,30754.660632854167,30518.561634390342,28961.11614130313,29092.720147447835,29755.041892455265,29562.289388614823,28617.42315205636,30365.73488170204,31393.774365572208,32702.566353282804,36728.68480489329,37704.877505351644,43695.94588015338,31188.6447434463,28884.96706603056,26845.071360963677,22922.249904744665,22107.259920106415,23442.853910889364,24878.7943962957,24036.15090628084,23356.665929323466,24759.606414729802,25387.522150520184,24279.76492778729,26189.34890320849,24713.01242394685,26709.447901672316,25731.53216588193,26992.274654360623,25398.08667279472,27128.373652824448,27209.101407048925,27413.101407048925,30258.427870948814,29635.53688477439,27992.7943962957,28673.7943962957,28764.720147447835,29923.685382470125,29363.289388614823,24833.393683547947,30926.982377861605,30436.80913054991,30745.68538247013,31193.452620564774,30606.586384006303,30936.908129013733,29700.942893991443,30069.26463899887,29165.819145911657,29573.21513976696,29163.769646679746,27937.051907817015,29686.165640535044,28669.89339475953,30370.93287862969,32823.566353282804,34416.3235760157,36334.66477416979,40830.08965895666,31720.486230388797,30426.872786459193,27143.31885712324,24832.759631317997,22240.11142241068,23265.804411657453,22895.334168954287,22988.11142241068,24203.68066357767,22879.344184316033,23418.665929323466,23701.542181243683,24545.08667279472,24684.48266665002,25374.53216588193,25617.447901672316,26696.3984024404,26148.75491242554,26713.051907817015,27698.621148984006,26974.853910889364,27566.20040551275,27463.274654360623,26103.863926251117,27843.20040551275,28915.041892455265,29931.710132086082,28964.819145911657,28658.769646679742,29492.89339475953,30230.51213515843,29802.21513976696,30586.635883238218,30887.20512440521,30373.38838707865,30991.90812901373,30334.66063285417,30814.007127477562,28588.621148984006,28112.051907817015,28465.447901672316,28694.720147447835,30122.759631317997,29192.140890919087,31436.97236249985,34267.27407678378,38104.372497670774,41271.33715511623,30699.42199690269,28920.88280182094,25413.155625173295,23315.15090628084,23206.200405512755,23256.42315205636,21371.24518585221,23560.284669722372,21975.09668815647,23035.542181243683,23485.78967740325,23710.01242394685,24290.938175098985,24970.35891857024,24241.740178171334,25691.705413193624,25186.136172026636,26034.655913961713,26115.655913961713,26514.928159737232,26520.556915497888,24699.24518585221,27697.42315205636,27628.3984024404,28923.11614130313,29414.51213515843,28848.769646679742,23915.84919199691,29885.437886310563,30077.289388614823,29607.338887846738,29386.091391687176,29102.86864514357,29762.26463899887,30633.784380933954,30124.685382470125,29016.522150520184,28363.522150520184,27771.027158201057,28132.3984024404,28651.74489706379,29036.11614130313,28550.017142839308,32042.417855587064,34271.09081411034,37862.32299843886,37941.54044851317,30975.090236533506,27657.91756679865,24080.190390151,21289.517431627726,21736.962924714942,20965.195686620296,20621.65119506926,22011.195686620296,21953.09668815647,22647.393683547947,23130.467932395815,23433.665929323466,23624.467932395815,24636.705413193624,23853.665929323466,24491.913425483028,25184.334168954283,26134.101407048925,25736.48266665002,24957.740178171334,27083.299403976576,27426.34890320849,27722.447901672313,27611.47265128827,27161.457917034066,27905.645898599963,27661.324153592534,27770.274654360623,29368.437886310563,30212.710132086082,30313.833880165865,28135.34890320849,29836.561634390346,29198.967643607393,29641.11614130313,31417.67536710838,28650.86864514357,23968.121437772425,29324.04189245526,27908.299403976576,28262.54690013614,28788.239889382912,28518.338887846738,30399.304122869034,31506.269357891328,32825.95233177635,36296.06076802509,39101.604681999284,29275.135016872962,25773.308841761493,26316.690101362583,20698.393683547947,20894.542181243683,19892.32945006183,20982.675944685216,20375.032454670356,20858.32945006183,23059.740178171334,22170.591680475598,24452.606414729802,24183.35891857024,23623.665929323466,27127.635883238214,23723.319434700075,24738.938175098985,24863.11142241068,24394.76492778729,24928.913425483028,25917.2104208745,26500.75491242554,26821.705413193624,26082.235170490458,28093.744897063792,27145.75491242554,27985.324153592534,28303.57164975209,28581.621148984006,28924.695397831878,28376.74489706379,29122.967643607393,28661.720147447835,28469.497400904227,28164.34890320849,28649.695397831878,29254.165640535044,28295.59639936805,28207.34890320849,26448.655913961713,29022.017142839308,27312.977658969146,28006.769646679742,28402.165640535044,29011.93287862969,32331.333591377443,35519.06076802509,39317.07492470246,29094.308264184656,24952.368356355153,23887.26463899887,20295.393683547947,19576.898691228824,19232.032454670356,20123.52744698948,20891.071938540517,22065.29468508412,22040.418433163904,22481.492682011773,22334.923440844777,23124.36893393199,23258.269935468164,23250.24518585221,22589.576946221394,24735.938175098985,25859.804411657453,25214.11142241068,27133.89339475953,25789.43316741811,26389.68066357767,27222.373652824444,26850.75491242554,27057.75491242554,26800.507416265977,28325.373652824444,28951.239889382912,29003.967643607393,26814.977658969146,28023.0024085851,29934.66063285417,28811.041892455265,28843.918144375482,28697.621148984006,28811.645898599963,29169.918144375482,27845.225155128708,28227.47265128827,25248.740178171334,27506.225155128708,27707.645898599963,26783.175655896797,28368.388387078652,27556.86864514357,33088.62057140717,36439.050752663345,39542.14917355032,28238.862771097447,25353.38309060936,23164.487385542478,20103.17093700434,19185.180952366092,19447.453198141608,18899.339465423578,19857.25520121396,20689.378949293743,22564.517431627726,22838.789677403245,22036.799692764995,21836.354199677786,23442.814427019202,24173.913425483028,24098.64117970751,23775.393683547947,24442.938175098985,24592.987674330892,23837.344184316033,25362.30941933833,25849.48266665002,24579.09668815647,27751.57164975209,25309.160921642593,28450.017142839308,27859.324153592534,29119.091391687176,29779.51213515843,28531.67064821592,29009.7943962957,29179.918144375482,28637.7943962957,29320.967643607393,28479.299403976576,27379.779662041496,28672.769646679742,27766.15090628084,27430.804411657453,30247.40312133286,27819.175655896797,27559.47265128827,27937.017142839308,28025.06664207122,30188.823864804115,33562.94231641461,36668.47149613459,39921.842162797104,27903.011268793183,23095.180374789255,22329.54690013614,19275.824442380952,18965.304700445875,20436.418433163904,19971.898691228824,20017.156202750135,20799.576946221394,23565.977658969146,21599.344184316033,23279.690678939423,22561.09668815647,21982.576946221394,22305.873941612866,23330.467932395815,24602.061923178764,24737.259920106415,24638.987674330892,25322.259920106415,25010.160921642593,26166.977658969146,25915.655913961713,26929.175655896797,27910.621148984006,28234.06664207122,28449.744897063792,29014.190390151,30154.908129013733,27861.373652824444,29166.04189245526,28492.497400904227,28827.57164975209,29061.7943962957,29279.388387078652,27972.076657432972,29456.041892455265,27502.225155128708,27489.87866050532,27766.101407048925,28981.21513976696,27132.34890320849,28236.363637462695,30703.09611057963,34463.90755143689,36574.595244214375,40012.69366510137,24768.635305661384,23143.096110579634,21330.90341012128,19699.44318277986,18764.354199677786,18166.93345620653,19848.378949293743,19049.78495851079,20780.52744698948,20017.933456206527,21515.77494314904,21762.89869122882,23566.779662041496,23343.76492778729,22768.36893393199,23166.4184331639,24357.40841780215,23037.344184316033,24562.185671258543,24102.938175098985,24324.962924714942,25071.383668186194,25356.779662041496,25450.655913961713,26472.076657432972,26827.373652824444,26951.34890320849,28801.5863840063,27553.165640535044,28527.239889382912,28988.41313669461,27626.324153592534,29750.73488170204,27761.47265128827,27594.225155128708,29036.26463899887,28663.26463899887,28851.338887846738,27428.126156664883,28329.819145911657,28304.89339475953,28264.215139766955,26530.0024085851,29102.25462363712,29913.922863267937,30596.863348674276,35852.5209953665,38503.545167405624,24202.00654990073,22566.294107507285,20207.457917034066,18394.60169583735,18601.32945006183,18776.4036989097,19102.279950829918,19025.958205822484,20132.750193533087,19161.98295543844,20880.675944685216,20333.32945006183,20675.552196605437,22131.36893393199,22871.591680475598,22879.814427019202,23825.383668186194,23772.160921642593,26403.833880165865,24184.35891857024,24323.63116434576,24910.977658969146,24594.53216588193,26584.645898599963,26066.051907817015,26669.54690013614,27285.140890919087,27249.017142839308,27897.51213515843,26854.54690013614,27593.041892455265,27500.99239322335,27521.26463899887,28366.338887846738,27821.94289399144,28115.41313669461,29633.65061749242,29003.155625173295,27768.41313669461,27570.338887846738,26860.140890919087,27328.363637462695,27807.081376325426,30215.185093681706,30076.10082947209,32740.234015336784,32435.822709650438,20823.110844833842,19116.472651288273,17882.71542855538,17151.20570198205,15824.512712735275,15764.596976944893,16889.60169583735,19851.63116434576,18188.180952366092,19794.43316741811,20246.36893393199,20899.63116434576,20539.76492778729,21163.35891857024,22748.041892455265,21165.740178171334,22574.274654360623,21872.616430091555,23787.091391687176,22144.556915497888,24378.858629781822,22411.853910889364,25709.863348674276,23446.126156664883,26111.833880165865,25675.140890919087,24854.54690013614,24085.87866050532,26120.269357891328,25329.967643607393,26224.635883238214,25046.472651288273,26197.710132086082,25255.57164975209,25824.11614130313,24534.324153592534,26020.53688477439,25614.53688477439,24497.621148984006,25193.165640535044,24535.769646679742,26493.35362210094,24944.41313669461,25845.51685405089,28225.927582160395,26426.061345601927,25574.15032870401,26537.714273401707,27577.876927774807,26855.317701969565,29534.248172014148,28511.045456194053,28193.416700433394,23208.818568334827,24691.56577570597,32628.59466663754,30980.25346848345,30555.426715795144,28354.38251303252,29606.99123806968,34636.21340703645,30527.84274037394,30151.90225496761,31460.090236533506,32304.362482309025,32643.4862303888,31506.248749590995,33565.253468483446,36752.24817201415,36711.59466663754,35398.68894620891,36410.8621935206,37992.60468199929,33680.86748998989,33063.84274037393,37312.30768660781,35481.22871886749,39958.584651275785,34862.60997846858,38207.6541812312,37377.98594160038,35874.674211954705,40732.906396283215,35020.70897693241,39624.0101136395,29872.689523785746,35566.20396925153,43567.564620552286,42572.79738245764,40305.2381566524,29228.328294908155,28508.58580642947,31608.06076802509,29634.541026090006,27007.16978185067,49539.89522576779
38,27620.108716067352,16878.786000567045,23202.648633607634,26689.848850949682,29004.437779258005,29696.27164635918,27193.198158968953,29358.00966534472,30391.62947548925,32551.131076792757,30179.48570331582,28876.206680079755,29477.167277132747,29762.254604137568,33345.25780674459,32696.114034571146,35012.196043072174,31050.311049306183,33084.995825730126,30557.350452253188,37069.7849713805,36686.8158532167,36636.545351091445,31870.350452253188,37950.7934924913,40306.438865968244,38469.889340606926,39742.644401814076,39661.334496741816,36845.8158532167,39900.2556908478,40040.82757693452,39237.15132162138,37004.08635534196,39284.81053471291,35887.24396712998,43733.45911079686,37631.103397563566,43334.084239445176,44095.74345253671,41230.63056219948,40750.72641031511,38482.836098045314,33356.3004122986,25563.26312524837,32970.58795664546,12983.948930858858,5971.922280816218,12905.12890337229,17222.472892887767,18962.31528109974,20596.98301530208,21600.38024737916,20373.29292037434,19761.537859167187,21234.856285350255,23287.183232644125,23592.96917568748,24880.85096684646,22122.340844432154,24809.0565026923,26401.59750694281,25381.121468971716,27198.56662510661,24751.881848682664,24343.095905639308,24836.318483706753,26324.073544913907,27522.344047039165,26734.462255880186,25455.833924624854,25892.667791726024,24688.047981581498,27272.082066024712,25622.279080759745,25906.89889090427,25744.40581071157,25158.222635591133,25769.095905639308,27367.090587135517,25692.532540663393,26462.763639841643,25321.532540663393,24570.262038538138,23901.118266364705,27039.29612298135,23743.72955539843,24038.86480646106,23415.12678747551,23478.087384528502,22787.73807650923,19942.98301530208,14360.661386511998,24158.319570416985,16195.673110229818,18507.935091244268,21863.16619042252,22849.12678747551,22415.236475205726,23224.38024737916,24336.214114480328,23170.0703423069,24921.12678747551,25740.659270615222,25089.253517427336,26721.96917568748,25622.912730518867,26567.659270615222,27833.0650238031,29611.344047039165,31732.369610371577,31470.242880419755,28227.414331822372,27093.873327571862,29242.82008501026,28130.929772740477,29785.95533607289,29587.112947860915,28042.143829697117,28430.01709974529,28940.63690988982,28758.84244573566,30650.693355058436,28718.715715783837,29018.5410617742,29099.763639841647,30024.63690988982,29170.32700481756,28846.501658827194,30113.82008501026,28861.62838877902,27970.881848682664,29845.042663077707,29231.850966846465,29409.200274865732,27292.833924624854,28191.414331822372,30657.83712723187,29366.63159138603,23283.38344998617,21077.422852933178,23215.58366732822,27700.94149645829,27530.82008501026,26180.833924624854,24821.904209408065,24707.72955539843,23854.275878152737,24245.275878152737,25718.467574383976,27444.270559648943,26945.214114480328,27718.659270615222,27901.833924624854,26860.12678747551,30382.597506942817,27572.30144148515,29854.239677812744,28042.786000567045,29176.969175687485,29621.104426750113,28516.833924624854,31002.772160952452,29384.318483706753,22870.385565882953,29962.017099745295,28588.484616605587,29584.27908075975,29434.619867668214,29751.707194673032,30497.239677812744,30667.06502380311,31095.850966846465,31598.510179938,31914.994739019894,30934.017099745295,31267.597506942817,30437.017099745295,31157.462255880186,30077.75511873084,31442.07354491391,31776.383449986177,30428.19175375493,30723.112947860915,31163.07354491391,32514.479298101796,33454.37813148239,33525.61243326764,28816.468661094204,28656.38133408939,28079.718918390845,28137.422852933178,26061.262038538138,25488.467574383976,22660.96597308047,26402.388768489964,25562.991536412883,25144.49845622018,28776.61986766821,26143.157669311717,28506.52401955259,28894.222635591133,29005.222635591133,29480.833924624858,30177.75511873084,28422.42817143697,28822.26203853814,29574.659270615222,26771.022418249086,28078.94361235507,28258.29292037434,31867.549582885003,31024.75511873084,32532.986217909092,35317.29080447757,32919.121468971716,31163.84244573566,30953.14382969712,30877.659270615222,32294.938293851286,33462.121468971716,31648.97769679829,33316.208795976534,32377.200274865732,32053.803042788655,31855.327004817562,31312.929772740477,32395.248198923542,31549.19175375493,31666.239677812744,31687.28760187055,30454.667791726024,31851.248198923546,35246.670994333035,36863.783884670265,37372.53362737363,36100.14811901437,32770.63799660005,29720.02882346311,27971.98621790909,24983.95213346588,24439.157669311717,26107.214114480328,25713.554901388794,26977.52401955259,25191.537859167187,26867.118266364705,27577.72955539843,26990.33232332135,28075.86480646106,26727.712513176823,28472.602825446607,30619.231156701935,28480.816882403247,28971.51549844179,29102.904209408065,29627.30144148515,29681.174711533324,29413.602825446607,28804.46757438398,30398.96065457668,31805.06502380311,30551.135308586316,29441.602825446607,32425.67631283683,31466.794521677853,31939.104426750113,32557.06502380311,32170.89036979347,31604.143829697117,31801.0170997453,32119.75511873084,34414.95533607289,30819.397289600765,32481.065023803112,32290.327004817562,32065.977696798287,31133.231156701935,29670.571943610405,32565.82008501026,32319.85948795727,34378.701876169245,35770.814766506475,37494.82649022428,40645.40478152502,34321.79028988429,30525.823287617273,28712.470776990987,25316.64222839361,24836.0703423069,26132.12678747551,24895.28439926354,25160.895688297263,25334.79984018164,25861.022418249086,27593.72955539843,24817.00537602748,27151.594304335802,28390.253517427336,28679.253517427336,26719.79984018164,29184.738076509235,29034.292920374344,30447.39728960077,29635.174711533324,28614.721034287624,28449.63370728281,29499.078863417704,30265.825403514053,28860.205593369523,30857.659270615226,31369.532540663397,31329.18323264413,29612.340844432158,33529.025620856104,30305.738076509235,30293.30144148515,32774.112947860915,31821.231156701935,32931.025620856104,30249.571943610405,32046.715715783834,32390.628388779016,30890.698673562227,33763.121468971716,32753.296122981355,31722.28760187055,34620.31316520297,36864.25992264136,37860.437779258005,41949.05547350575,34932.22692490838,31353.521903655812,27944.160871918724,24275.118266364705,25569.0788634177,24807.721034287628,25782.38024737916,25727.808361292446,25042.926570133466,26291.506977330984,27370.030939359887,26476.935091244268,26133.537859167187,27741.68163134062,26574.84776423945,27172.84776423945,29529.26203853814,27138.712513176826,27712.022418249086,28239.157669311717,30236.52401955259,29133.16619042252,27722.760437234636,28629.68163134062,29319.0788634177,33771.566625106614,30428.873327571862,30862.087384528502,28911.118266364705,30204.21411448033,28961.594304335806,29982.777479456243,30727.135308586316,30621.087384528506,32503.67631283683,31381.532540663393,31223.532540663397,31665.14382969712,31775.842445735663,32415.065023803112,31665.890369793473,31946.566625106614,32099.67631283683,32137.549582885003,34066.65395211143,35044.321686313764,40000.16195862896,43540.46122669364,34762.57623292765,32691.32488892078,29282.741279116246,25995.82540351405,24414.19707225872,21482.298238878135,24392.1012241431,25507.459053273175,25964.84776423945,25758.585783224997,26958.419650326166,25452.926570133466,28324.21411448033,25040.568741003393,28252.72955539843,27545.506977330984,28625.816882403247,28397.768958345438,29197.51549844179,29053.16619042252,28312.118266364705,28294.38024737916,28929.380247379162,28319.030939359887,30956.571943610405,29713.602825446607,30000.91273051887,30254.563422499603,34382.74980022705,30062.73807650923,30753.74659762004,31510.667791726028,29619.30144148515,31046.39728960077,30299.61134655741,30773.698673562223,31568.49313771639,31585.74659762004,32949.28760187055,32161.239677812748,31187.715715783837,30541.357886653765,31309.97769679829,34456.22583819815,37574.569827713625,40331.764726551875,43636.90638282853,33519.345133749404,30269.211998583552,29254.74127911625,26770.30996259595,25392.340844432154,24454.585783224997,24346.537859167187,24735.625186172005,26534.29292037434,26144.109745253903,26479.760437234632,28355.174711533324,25546.664589119013,26536.109745253903,26250.363205157555,28447.0788634177,26768.673110229814,29783.436692547773,27668.546380277992,27912.94361235507,27361.23647520573,27093.585783224997,29399.126787475514,29160.42817143697,30356.73807650924,29586.388768489967,29151.991536412883,30846.00857863449,30211.698673562227,30537.436692547773,29906.38876848997,27912.895688297263,29891.039460470696,32831.28760187055,29535.777479456243,29044.46757438398,30085.476095494785,32706.72423689464,32275.19175375493,31889.755118730838,30731.96065457668,30143.484616605587,30445.357886653765,32202.200274865732,33788.352568149974,37492.355770756985,39856.3674944748,44639.61351997788,35609.75940804809,30707.521903655812,28624.256720034347,26330.087384528502,24851.895688297263,23751.791319070835,24694.673110229814,25861.68163134062,26626.72955539843,25310.236475205726,27258.16619042252,26390.109745253903,26344.935091244268,26520.253517427336,26779.41112921536,27325.157669311717,27291.935091244268,27872.594304335802,26915.275878152737,28893.690152451425,28151.895688297263,29929.000057523688,27668.022418249086,34136.701876169245,30215.563422499607,29403.16619042252,28942.0788634177,29631.039460470696,30134.00005752369,29263.253517427336,30090.47609549478,29344.65074950442,28461.41965032617,28817.856285350255,30148.00005752369,30495.61134655741,30940.74659762004,31276.445213658582,30815.0479815815,31537.405810711567,30205.30996259595,29749.61134655741,32158.898890904275,34736.66247322223,38859.28548597377,39729.24076452297,44712.47826891525,33272.8605746675,30835.87121167508,28498.73275800544,25789.73807650923,24628.33232332135,25685.51549844179,23962.664589119013,25858.768958345438,26235.030939359887,24487.791319070835,27271.991536412883,26767.419650326166,25695.275878152737,26437.109745253903,28279.690152451425,27768.856285350255,28693.690152451425,28903.42817143697,27727.63370728281,28498.51549844179,27274.84776423945,28968.602825446607,28463.856285350255,27748.546380277992,31210.84244573566,28032.19707225872,29671.21411448033,29524.388768489967,29876.738076509235,29343.904209408065,30293.174711533324,29279.292920374344,29148.72955539843,30292.912730518874,30784.960654576684,29886.388768489967,31952.75511873084,31965.49313771639,30709.96065457668,29670.91273051887,30129.786000567045,30256.39728960077,31292.929772740477,34198.566625106614,36540.12467157873,39449.581551431445,45502.05867611276,34747.886137999914,30425.997941626905,28536.29612298135,25859.650749504417,24190.895688297263,23911.83924312865,24159.625186172005,25661.157669311717,27481.73807650923,24548.878646075653,26439.33232332135,26932.856285350255,27053.506977330984,26364.760437234632,28233.991536412883,28355.777479456243,28108.42817143697,24611.30675998894,27484.63370728281,29106.476095494785,28849.253517427336,29087.904209408065,28521.16619042252,28979.95213346588,28978.95213346588,29794.0394604707,29091.991536412883,29272.340844432154,29434.95213346588,30387.611346557413,30152.174711533324,29042.95213346588,29331.991536412883,27700.061821196094,29100.340844432154,30976.270559648947,30047.698673562227,29409.72955539843,31532.143829697117,30663.397289600765,31147.969175687485,29687.738076509235,29348.174711533324,32140.772160952452,33217.85948795726,36173.9414964583,40817.8605746675,45986.10660017058,34349.71148399028,30577.871211675083,29153.566625106614,25678.786000567045,24469.459053273175,25562.0788634177,24824.673110229814,26081.64222839361,27077.214114480328,26528.98301530208,26635.33232332135,28964.104426750113,28185.52401955259,29237.09590563931,27721.0788634177,27575.594304335802,27984.72955539843,29065.21411448033,30104.39728960077,27918.419650326166,28434.64222839361,30302.96065457668,30018.135308586316,28758.554901388794,28261.98301530208,29592.039460470696,29144.72955539843,28575.205593369523,31913.296122981355,30685.30996259595,28966.45905327317,30093.52401955259,30214.786000567045,30533.873327571862,30834.135308586312,30309.524019552588,31011.484616605583,30317.786000567045,30501.74659762004,29818.91273051887,30786.881848682668,30618.445213658582,34553.138511193334,36583.95001756909,39421.581551431445,43080.46122669364,33406.99582573013,30453.25992264136,23401.895688297263,26783.96917568748,25580.52401955259,24021.84776423945,24756.0703423069,25176.94361235507,26577.86480646106,26002.506977330984,26500.118266364705,26200.371726268357,27116.29292037434,26018.236475205726,26435.022418249086,28363.436692547773,27495.205593369523,28568.126787475514,28723.21411448033,27815.856285350255,29298.39728960077,28628.0788634177,29763.738076509235,27933.030939359887,29696.32700481756,29586.21411448033,29508.515498441793,29969.08738452851,29558.42817143697,31512.31848370675,31770.27908075975,29393.388768489967,29994.91273051887,25937.664589119013,29422.690152451425,31105.09590563931,29197.253517427336,28562.118266364705,29557.428171436975,30081.96065457668,30471.619867668214,29940.30996259595,30905.72423689464,32658.772160952452,36957.211998583545,38567.26312524837,45867.407984132034,33283.95642278312,29853.600709549828,29445.662473222234,25289.52401955259,25316.5634224996,24309.546380277992,23631.013897138284,23706.267357041932,23889.459053273175,25318.673110229814,25237.236475205726,26012.98301530208,24909.577262114195,26557.157669311717,26477.63370728281,27512.467574383976,27252.118266364705,27952.816882403247,28491.86480646106,28859.563422499603,28244.690152451425,29477.61134655741,29112.000057523688,29825.571943610405,29083.388768489967,29353.690152451425,29096.777479456243,29376.65074950442,30460.135308586316,30655.532540663397,32438.0256208561,29867.91273051887,31223.881848682668,27734.49845622018,29198.42817143697,30773.921251629676,28972.253517427336,28825.292920374344,28334.0703423069,29922.825403514053,28110.41112921536,29077.86480646106,29978.270559648947,30832.929772740477,32234.811563899457,36130.25140153056,40146.93938056151,45007.08955794897,33851.3930578072,29177.941496458294,29204.18643525114,27419.248198923542,25772.44521365858,24820.690152451425,24657.33232332135,24688.760437234632,25124.808361292446,23942.96597308047,24537.887167186458,25126.149148200908,26543.205593369523,26839.856285350255,27338.991536412883,27819.087384528502,23107.385565882953,29284.921251629676,28969.39728960077,28569.650749504417,28843.91273051887,27772.94361235507,29043.34936554296,29599.833924624858,28838.16619042252,29404.436692547773,29769.52401955259,30688.008578634493,30971.231156701935,30162.659270615222,30155.61134655741,30415.270559648947,30350.436692547773,30365.532540663397,30422.484616605587,29904.26203853814,28657.768958345438,30295.047981581498,30878.445213658582,29685.087384528506,28991.991536412883,29085.126787475514,30297.532540663397,29578.873327571862,33757.479298101796,36925.12467157873,39210.66887843626,42424.675283650286,32771.559190706044,29175.950017569103,28553.789203174056,26095.794521677846,25829.833924624854,23622.887167186458,26506.047981581498,24753.84776423945,24345.24499631653,25507.546380277992,25557.19707225872,25071.537859167187,26954.816882403247,25634.673110229814,26552.506977330984,26784.24499631653,28689.174711533324,27452.51549844179,28765.436692547773,29041.135308586316,28199.42817143697,29938.969175687485,28378.602825446607,28649.42817143697,29812.484616605587,30701.318483706753,28712.506977330984,30211.09590563931,31509.803042788655,31095.14382969712,30843.40581071157,30013.52401955259,29286.388768489967,29763.087384528506,30598.707194673032,30083.34936554296,29064.42817143697,29051.38024737916,29361.253517427336,29530.388768489967,28780.65074950442,29969.445213658582,30247.318483706753,31671.803042788655,35942.98942051611,39065.454821479616,42685.286572684,31993.542148484434,29417.688036554642,28667.361089260776,25997.49313771639,23953.030939359887,25114.30996259595,22798.18855114792,24605.594304335802,24373.41112921536,24274.712513176823,25137.459053273175,25119.323802210543,26099.594304335802,25880.19707225872,27113.51549844179,26515.68163134062,21657.765755738423,26973.856285350255,28239.000057523685,28162.602825446607,27821.253517427336,28448.95213346588,27279.63370728281,28233.16619042252,28529.825403514053,28736.47609549478,30186.09590563931,30827.79452167785,30696.74659762004,31160.40581071157,29697.135308586316,31998.501658827194,30559.09590563931,29750.26203853814,29074.340844432154,29919.436692547773,25915.79984018164,30151.135308586316,28930.690152451425,28759.42817143697,29343.000057523688,28927.000057523688,30561.49313771639,33485.09058713552,34347.670994333035,37854.04906829173,42778.84993765992,32800.59859365305,28770.775363559453,28293.225838198145,25327.74659762004,24201.253517427336,22873.673110229814,23428.887167186458,24703.64222839361,23772.45053216237,25816.82540351405,24992.63370728281,23754.743395013025,25666.63370728281,27277.52401955259,25996.554901388794,25553.236475205726,26080.546380277992,26759.808361292446,26636.0703423069,28408.174711533324,28227.30144148515,28099.340844432154,27671.64222839361,28584.039460470696,29445.833924624858,28968.563422499603,29411.26203853814,31244.803042788655,30322.833924624858,31401.715715783837,30860.580464721206,31323.75511873084,29627.873327571862,29702.174711533324,30290.484616605587,30128.135308586316,28652.563422499603,28627.16619042252,29369.30144148515,29240.174711533324,28421.118266364705,30158.74659762004,31260.414331822376,32414.208795976538,36542.211998583545,37391.47718220501,43232.94578577553,30748.18431935436,28651.67951544384,26663.462255880186,22715.506977330984,21990.013897138284,23265.109745253903,24637.42817143697,23722.157669311717,22960.91804902266,24402.236475205726,25074.467574383976,23918.267357041932,25701.856285350255,24396.140627090106,26295.205593369523,25288.974494191276,26529.594304335802,24922.40260810456,26810.94361235507,27067.98301530208,26967.98301530208,29742.19175375493,29278.047981581498,27883.42817143697,28325.42817143697,28403.16619042252,29479.571943610405,29141.174711533324,24422.95745196967,30606.619867668214,30142.008578634493,30579.571943610405,30919.27908075975,30106.222635591133,30520.357886653765,29298.95213346588,29846.087384528506,28862.51549844179,29365.91273051887,28808.340844432154,27700.808361292446,29184.738076509235,28546.777479456243,29746.445213658582,32450.208795976538,34114.40901331858,36104.19815896895,40543.396260414214,31466.153437518158,30030.40369481479,26751.33552592836,24677.833924624854,21992.489935109377,23064.935091244268,22702.275878152737,22674.489935109377,23793.49845622018,22570.782797960033,22999.91804902266,23489.481413998576,24370.40260810456,24412.79984018164,25063.974494191276,25252.205593369523,26483.030939359887,25950.760437234632,26534.808361292446,27592.816882403247,26540.109745253903,27229.33232332135,27142.594304335802,25803.6166650612,27419.33232332135,28734.30144148515,29668.659270615222,28623.51549844179,28385.340844432154,28798.777479456243,29818.96065457668,29607.91273051887,30206.39728960077,30690.40581071157,29985.52401955259,30621.357886653765,30013.484616605587,30378.707194673032,28302.816882403247,27627.808361292446,28191.205593369523,28430.16619042252,29832.833924624858,28924.65074950442,31120.112947860915,33844.234359308946,37531.223722301365,40739.26953046239,30529.398376311,28563.91061462209,25101.231156701935,22963.157669311717,23006.33232332135,23127.118266364705,21172.433489940762,23220.1012241431,21843.909527911856,22792.481413998576,23328.354684046746,23416.140627090106,24139.878646075653,24559.363205157555,24031.180030037114,25310.585783224997,24722.577262114195,25696.41112921536,25820.41112921536,26099.371726268357,26310.061821196094,24306.433489940762,27529.118266364705,27481.030939359887,28436.563422499603,28938.96065457668,28495.340844432154,23430.03625786368,29616.698673562227,29489.174711533324,29325.349365542956,28998.476095494785,28850.690152451425,29518.087384528506,30065.921251629676,29961.571943610405,28588.467574383976,27935.467574383976,27454.721034287628,27891.030939359887,28219.253517427336,28632.563422499603,28280.21411448033,31852.684833947635,33931.11615046793,37370.04906829173,37681.40157891801,31011.756205441074,27446.5048614342,23840.82540351405,21071.394086993758,21342.96597308047,20834.258835931127,20288.337641825143,21542.258835931127,21698.909527911856,22385.95745196967,22821.219432984122,23288.91804902266,23395.219432984122,24247.585783224997,23688.91804902266,24183.791319070835,24885.275878152737,25921.98301530208,25467.79984018164,24576.180030037114,26862.68163134062,26843.856285350255,27451.205593369523,27231.29292037434,26664.712513176823,27712.904209408065,27618.768958345438,27400.594304335802,29148.698673562227,29753.659270615222,29958.09590563931,27824.856285350255,29357.135308586316,28886.039460470696,29176.563422499603,31022.06502380311,28370.690152451425,23875.996854916673,28947.30144148515,27517.68163134062,28021.554901388794,28668.000057523685,28090.349365542956,30027.75511873084,31161.160871918728,32660.099108246322,35949.59539104604,38426.15664012516,28805.857372060487,25531.82860612106,26340.645431000623,20685.95745196967,20644.481413998576,19718.20239076251,20557.42496882996,20144.1544667047,20769.20239076251,22509.180030037114,21913.656068008208,24298.236475205726,23753.363205157555,23497.91804902266,26585.39728960077,23377.695470955216,24411.878646075653,24545.489935109377,24108.267357041932,24477.791319070835,25588.83924312865,26080.760437234632,26314.585783224997,25702.926570133466,27814.253517427336,26911.760437234632,27631.768958345438,28048.64222839361,28281.816882403247,28568.0788634177,27891.253517427336,28859.039460470696,28284.16619042252,28104.38024737916,27772.856285350255,28201.0788634177,29186.73807650923,28199.72955539843,28115.856285350255,26148.41112921536,28995.21411448033,27023.546380277992,27622.340844432154,28164.73807650923,28860.44521365858,32210.915933125885,35101.59539104604,38829.8158532167,28994.468661094204,24794.51017993799,23549.087384528502,20210.95745196967,19299.210911873313,18803.1544667047,19858.901006801054,20803.822200907038,21725.608143950398,21746.044778974487,22291.30675998894,22078.298238878135,22848.87012496485,22982.52081694558,22782.433489940762,22237.07566081069,24598.878646075653,25610.935091244268,24756.489935109377,27026.777479456243,25603.625186172005,26008.49845622018,26958.94361235507,26513.760437234632,26502.760437234632,26290.887167186458,27602.94361235507,28593.000057523688,28637.039460470696,26553.546380277992,27587.63370728281,29287.484616605587,28512.301441485146,28865.86480646106,28279.816882403247,28407.904209408065,28769.86480646106,27511.419650326166,27974.29292037434,24912.180030037114,27300.419650326166,27449.904209408065,26550.24499631653,27966.52401955259,27420.690152451425,32788.456937376395,36126.088471238734,39193.07783423115,27990.896775007495,25242.090587135513,22866.873327571862,19791.17150892631,18808.678428733605,19244.6390257866,18608.70931056981,19515.94040974806,20340.377044772147,22223.394086993758,22680.354684046746,21803.861603854046,21529.28971776733,23054.442011051564,23759.791319070835,23823.830722017843,23545.95745196967,24169.878646075653,24325.05330008529,23690.782797960033,25243.18855114792,25728.79984018164,24214.909527911856,27387.64222839361,24777.664589119013,28198.21411448033,27514.768958345438,28716.476095494785,29533.96065457668,28028.991536412883,28790.42817143697,28726.86480646106,28453.42817143697,28877.039460470696,28178.68163134062,26958.84776423945,28331.340844432154,27458.157669311717,26952.935091244268,29903.104426750113,27363.24499631653,27320.29292037434,27684.21411448033,27726.388768489964,29930.58898583201,33172.592188439026,36302.57303032064,39522.52299036605,27777.420737036395,23081.318483706753,21970.554901388794,19152.94893085886,18791.115063757694,20107.044778974487,19815.210911873317,19793.59110172879,20443.07566081069,23203.546380277992,21393.782797960033,22839.00537602748,22198.909527911856,21744.07566081069,22155.1235848685,23037.219432984122,24177.31528109974,24667.013897138284,24148.05330008529,25047.013897138284,24664.664589119013,25927.546380277992,25629.41112921536,26499.24499631653,27394.816882403247,27999.388768489964,27939.253517427336,28836.82540351405,29810.357886653765,27656.94361235507,28767.30144148515,28017.38024737916,28321.64222839361,28866.42817143697,29176.52401955259,27567.895688297263,29073.30144148515,27182.419650326166,27083.19707225872,27335.98301530208,28517.91273051887,26817.856285350255,28086.436692547773,30406.549582885003,33971.997941626905,36317.009665344725,39481.999028337144,24722.03734457391,22896.549582885003,20913.28439926354,19704.1321059793,18543.28971776733,17929.80515868543,19599.377044772147,18833.281196656528,20316.901006801054,19708.805158685434,21121.77427684923,21586.210911873317,23203.84776423945,22968.267357041932,22610.87012496485,22897.044778974487,24248.537859167187,22982.782797960033,24189.75191612383,23799.878646075653,24075.96597308047,24622.45053216237,24860.84776423945,25286.41112921536,26092.895688297263,26366.94361235507,26753.856285350255,28475.222635591133,27297.73807650923,28303.000057523685,28733.61134655741,27346.768958345438,29553.74659762004,27490.29292037434,27200.419650326166,28801.087384528502,28430.087384528502,28602.34936554296,27251.0703423069,28130.51549844179,27976.777479456243,28093.912730518867,26234.63370728281,28750.580464721206,29778.938293851283,30200.256720034347,35562.74768433027,38227.47506630824,24064.347249646176,22152.248198923542,19996.712513176823,18067.162987815507,18263.20239076251,18528.464371776965,18848.027736752876,18835.89248569025,19932.686949844414,18867.979812695066,20395.42496882996,20133.20239076251,20529.98833380587,21905.87012496485,22582.656068008208,22698.442011051564,23620.45053216237,23597.664589119013,26133.095905639308,23862.363205157555,23926.323802210543,24532.546380277992,24474.974494191276,26172.904209408065,25830.808361292446,26179.554901388794,27021.650749504417,26987.214114480328,27634.96065457668,26665.554901388794,27293.301441485146,27206.12678747551,27320.087384528502,27996.349365542956,27610.95213346588,27763.61134655741,29320.977696798287,28573.231156701935,27452.61134655741,27353.349365542956,26832.650749504417,27132.436692547773,27563.96917568748,30058.39197109698,29695.62307027523,32237.20668007976,32410.869095778304,20276.12999008252,18816.29292037434,17548.092703032293,16953.765755738423,15731.320599603534,15643.089500425283,16664.162987815507,19784.323802210543,18033.678428733605,19825.625186172,19962.87012496485,21085.323802210543,20290.26735704193,20988.363205157555,22303.301441485146,20878.180030037114,22306.594304335802,21665.743395013025,23598.47609549478,21885.061821196094,23937.183232644125,22249.109745253903,25290.256720034347,23248.0703423069,25774.095905639308,25157.650749504417,24486.554901388794,23980.19707225872,25814.160871918724,25002.039460470693,26048.39728960077,24613.29292037434,25838.659270615222,24913.64222839361,25227.5634224996,24211.768958345438,25663.047981581498,25328.047981581498,24313.816882403247,24888.73807650923,24353.340844432154,26017.929772740477,24727.61134655741,25603.0341419669,27584.011781241505,26164.955336072886,25287.797724284857,26090.372812978585,27298.117237178158,26317.615635874652,29265.427142250424,28053.655038821656,27692.964943893923,22758.15555341493,24411.848850949682,32229.64972031787,30408.8605746675,29995.471863701216,28077.73064210866,29031.406897421803,34164.8328954383,30194.8829353929,29689.56450920983,31187.756205441074,31995.71680249407,32266.153437518155,31192.787087277276,33408.8605746675,36229.427142250424,36553.64972031787,35196.92554094692,35989.53682998064,37458.15664012516,33452.97026239772,32756.882935392903,36773.108716067356,34920.773247662684,39591.14280051057,34532.59007254224,37620.3312941348,37037.97346500473,35627.345133749404,40249.2780515732,34503.93938056151,39117.7008469827,29379.28548597377,35309.68592065787,42927.12896089598,42045.42182374663,39842.92022244312,28880.48250070881,28283.862690564274,31217.595391046038,29376.761523944864,26554.451618872597,49154.05124171219
39,28748.686058129737,17274.907554946825,23955.26623835243,27205.523027805197,29998.740415480934,30643.858620812032,27989.974114534933,30400.270305764734,31017.153456237735,33454.50807223104,31164.09367567013,29741.8178632309,30500.308351737665,30791.1711234201,34232.8803554067,33635.820574839105,36207.54882981217,32036.368132305266,34466.2920403594,31714.877643798496,37998.7662174879,37736.43198028517,37677.9999165419,33080.87764379849,39025.60996618386,41423.02436274477,39586.31648656227,40538.415668906906,40940.474093670404,38042.43198028517,40882.455070683936,41029.98496096773,40425.90480160957,37990.864044028436,40285.2974635758,36953.90209000137,44953.4210921233,38969.55154142037,44868.43875930567,45323.831421271905,42697.437403501564,42044.14392387997,39808.82870966371,34129.09909888654,26377.01487211607,33779.21866002174,13522.080117629122,6145.264924277378,13314.94017770335,17803.25674772372,19744.218701750786,21509.455112412987,22136.25945933192,20794.39668764949,20428.29750530485,21884.08282923732,23880.71190186575,24454.476847007652,25716.94831252795,22829.749947838685,25470.339618690083,27116.203746176616,26260.380376271216,28192.537983379352,25457.61407532522,25200.849130183316,25711.927933737385,27153.027116082016,28339.459179825288,27675.98771430498,26470.26081513602,26738.379020467117,25583.495869994116,28074.870864777986,26364.41842224415,26711.30157271715,26639.790705419815,25710.22141335898,26607.849130183316,28122.714613473956,26480.162988595483,27428.085540845517,26100.162988595483,25447.730924852214,24585.671144284614,27815.105919636084,24586.71054606165,24559.92657793328,24035.51489298058,24291.00538148735,23515.554294757618,20373.455112412987,14913.960556493917,25241.211881001236,17117.513537176488,19037.101852223786,22552.024404473817,23336.51489298058,23081.199678764315,23908.259459331915,25148.377664663014,23876.317884095417,25723.51489298058,26518.53527177115,26200.88717615625,27638.47684700765,26535.27983812248,27174.53527177115,28812.18336738605,30583.459179825284,32943.99042591319,32602.618142737527,29201.63445411578,27858.77032662925,30194.282549730684,29140.967335514415,30907.498581602318,30205.53662757525,29161.202390372513,29272.83010719685,29785.71325766985,29866.10456383198,31632.91026655502,29747.732280656317,29865.00673729145,30268.085540845514,30986.71325766985,30282.771682433347,29987.497225798215,31296.282549730684,29520.86950897388,29051.614075325215,30962.361353284752,30100.948312527948,30363.39939925768,28319.260815136015,29070.63445411578,31680.970047122624,30412.578740960493,24021.96869131852,21708.478202811755,24003.225480771296,28606.52031619699,28418.282549730684,27020.26081513602,25558.436089426516,25410.71054606165,24678.70919025755,25130.70919025755,26553.12223101435,28309.57467354818,27877.377664663014,28528.53527177115,28737.260815136015,27781.51489298058,31557.203746176616,28365.240436345448,30757.908910750913,29120.907554946814,30128.476847007645,30604.69287887928,29485.26081513601,31949.929289541484,30670.92793373738,23744.393976041283,30747.830107196845,29715.809728406282,30526.418422244147,30628.025760277917,30700.88853196035,31618.908910750913,31616.183367386046,32108.94831252795,32774.34097449418,32822.00809309555,31948.83010719685,32280.203746176616,31301.830107196845,32264.98771430498,31125.241792149547,32488.02711608202,32926.968691318514,31345.555650561713,31877.536627575246,32076.027116082016,33603.67521169692,34618.83417460916,34543.465958845794,29588.406178278197,29464.543406595767,29118.441512642927,29196.478202811748,27071.730924852214,26205.12223101435,23573.767615021046,27336.103208027882,26276.298861108946,26191.787993811617,29792.025760277917,26968.180655777847,29279.319239899516,29813.22141335898,30016.22141335898,30510.26081513601,31395.241792149547,29360.612719521116,29912.730924852214,30349.535271771147,27883.964623906213,29108.945600919746,29273.396687649485,32664.85048598742,32043.24179214955,33408.164344399585,36385.97140292673,33891.38037627122,32292.10456383198,32046.202390372517,31938.535271771154,33544.811084210385,34325.38037627122,32667.32059570362,34446.243147953646,33463.39939925769,33089.59505233876,32924.771682433355,32466.967335514415,33669.75265944688,32503.55565056171,32827.90891075092,32834.262170940114,31781.379020467113,33046.75265944688,36419.08825245372,37817.482270224056,38708.44693585932,37313.19556962297,33765.9972049337,30709.38308787943,29045.164344399585,26065.78934961572,25325.180655777847,26998.377664663014,26726.985002696783,27918.319239899516,26069.29750530485,28032.671144284614,28399.710546061644,27970.906199142715,28989.92657793328,27805.02304866971,29474.338262885984,31357.06516205495,29457.573317744078,29943.475491203553,30150.436089426512,30453.24043634545,30857.868153169777,30188.33826288598,29781.122231014346,31404.633098311682,32997.18336738605,31493.358641676547,30459.338262885976,33485.22276916308,32244.75130364278,33009.69287887929,33650.18336738605,33227.457824021185,32624.202390372513,32987.830107196845,33142.24179214955,35701.49858160232,31818.94695672385,33537.18336738605,33040.77168243335,33169.32059570361,32341.065162054954,30674.67250008872,33546.282549730684,33373.79206122392,35312.75401525099,37000.14803302132,38911.701013703896,41965.6493679609,35423.90073419727,31529.991781717294,29551.831463000948,26223.847774379217,25577.317884095417,27160.51489298058,25769.552938953515,26235.59234073055,26368.885820352145,26778.964623906213,28373.710546061648,25501.27712651428,27983.494514190017,29551.88717615625,29600.887176156248,27740.885820352145,30233.554294757614,29839.396687649478,31565.946956723845,30659.868153169784,29544.86679736568,29261.004025683247,30210.16163279138,31508.41706644004,29845.533915967044,32016.535271771147,32604.162988595483,32485.71190186575,30578.749947838678,34583.67385589282,31309.55429475761,31284.24043634545,34010.53662757525,33253.06516205495,34175.67385589282,31396.672500088713,33371.73228065632,33389.86950897389,31696.044783264377,34556.38037627122,33875.10591963609,32813.262170940114,35693.79341702802,38180.30564012945,39023.74041548093,43709.19828123116,36080.21459260943,32349.89395517676,28821.88988776445,25222.671144284614,26488.16163279138,25602.866797365685,26496.259459331915,26599.729569048115,25848.258103527813,27263.631742507583,28113.80837260218,27546.10185222378,26975.297505304843,28629.357285872447,27689.239080541345,28222.23908054135,30536.730924852214,28111.02304866971,28710.964623906213,29274.18065577785,31431.319239899516,29960.024404473817,28704.37630885892,29464.35728587245,30455.161632791383,34866.537983379356,31421.770326629245,31795.005381487343,30080.671144284614,31084.377664663014,29960.494514190017,30984.063806250848,31607.358641676547,31446.00538148735,33722.22276916308,32386.162988595486,32296.162988595486,32721.202390372517,32841.10456383198,33412.18336738605,32862.457824021185,32977.537983379356,33261.22276916308,33268.850485987416,35164.40075506178,36282.637165723994,41159.1738350283,45075.846376846064,36130.66567933917,33677.3463977106,30253.26352674422,26871.417066440048,25274.69016727108,22188.53120435885,25181.98364689268,26511.278482318383,26818.239080541345,26863.650765494047,28054.76897082515,26325.258103527813,29264.377664663014,25811.963268102114,29106.710546061644,28663.63174250758,29705.573317744085,29457.22005755488,29991.475491203553,30136.02440447381,29249.67114428461,29350.259459331915,29792.25945933192,29257.80837260218,31956.672500088716,30699.33826288598,31113.279838122475,31495.82875139275,35671.10727544019,30995.55429475761,32055.39804345358,32651.37902046712,30764.24043634545,32182.94695672385,31490.18201158195,31687.044783264384,32659.65347710225,32622.398043453584,33929.262170940114,33270.90891075092,32454.732280656317,31537.437445230622,32513.320595703623,35468.930645345594,38912.24721536596,41592.369488109354,45308.0039839542,34813.74312708914,31440.95237994026,30377.26352674422,27453.084185041414,26363.74994783868,25162.65076549405,25214.29750530485,25666.160276987277,27623.39668764948,27100.827395588647,27307.37630885891,29216.86815316978,26529.669788480514,27616.827395588647,27139.571961939982,29510.161632791376,27808.513537176477,30903.456468217082,28673.141254000817,28962.945600919746,28266.19967876432,28028.650765494043,30380.51489298058,30313.612719521116,31385.554294757607,30741.103208027882,30184.298861108946,32001.986358500886,31214.044783264384,31498.456468217086,30691.10320802788,28821.592340730545,30856.65212129815,34096.262170940114,30624.063806250848,30280.122231014346,30897.965979710316,33884.57602935228,33400.55565056171,33042.24179214955,31811.63309831168,31142.809728406282,31431.437445230615,33207.39939925769,34747.302928521254,38781.01216050787,41031.565141190425,46008.74990610963,36783.2349714,31866.89395517676,29643.59640814285,27157.005381487346,25859.59234073055,24743.04207165618,25542.513537176485,26828.35728587245,27508.710546061648,26156.199678764315,28352.024404473814,27346.827395588647,27234.10185222378,27309.887176156248,27753.925222129183,28414.180655777847,28297.10185222378,28854.494514190013,27876.70919025755,29996.20103456841,29256.59234073054,31034.142609804912,28851.964623906213,35386.75401525099,31107.828751392746,30305.024404473814,30063.161632791376,30467.652121298146,31359.142609804916,30256.887176156244,31073.96597971032,30621.691523075184,29463.76897082515,29851.08282923732,31303.142609804912,31357.18201158195,32101.39804345358,32407.300216913052,31760.495869994113,32507.79070541981,31155.084185041414,30582.182011581946,33280.30157271715,35994.244503757756,40195.83688621736,41336.19285801476,46261.533874238,34472.07600848777,31889.345041906497,29680.41977804825,26596.554294757614,25619.906199142715,26568.47549120355,24812.669788480514,26777.22005755488,27120.80837260218,25363.04207165618,28294.298861108946,27564.76897082515,26573.70919025755,27347.827395588647,29330.201034568418,28702.082829237315,29578.201034568414,29967.612719521116,28548.004025683247,29806.475491203546,28186.239080541345,30242.338262885984,29432.082829237315,28621.141254000817,32294.10456383198,28971.690167271085,30723.377664663014,30620.103208027882,30889.55429475761,30438.43608942651,31485.868153169777,30258.396687649485,30159.710546061648,31188.27983812248,31677.633098311682,30919.103208027882,33034.24179214955,33221.65347710225,31776.633098311682,30546.27983812248,31249.907554946814,31464.94695672385,32227.967335514415,35286.537983379356,37504.089608257826,40967.80019604853,47352.90751321777,35835.60725457566,31452.717325082165,29447.105919636084,26772.691523075184,25193.59234073055,24645.39533184538,24841.160276987284,26747.180655777847,28453.554294757614,25364.904843338612,27447.906199142715,27686.082829237315,27907.631742507583,27546.37630885891,29083.298861108946,29416.063806250848,29362.612719521116,25420.374953054816,28449.00402568325,30059.965979710316,30182.88717615625,29931.436089426512,29490.024404473814,29977.78934961571,30138.789349615712,30813.652121298146,30048.298861108946,30201.74994783868,30596.789349615716,31318.182011581954,31048.86815316978,29934.78934961571,30411.298861108946,28860.474135399447,30310.74994783868,31970.574673548188,31101.04478326438,30539.710546061648,32650.202390372517,31644.946956723852,32232.476847007652,30880.554294757607,30258.868153169777,33261.929289541484,34431.79206122392,37498.520316196984,42135.07600848776,47641.26077340696,35739.88171121079,31771.345041906497,30071.537983379352,26606.907554946818,25341.278482318383,26440.16163279138,25606.513537176485,27166.847774379217,27980.377664663014,27428.45511241298,27488.906199142715,29793.692878879283,29241.319239899512,30163.849130183313,28807.16163279138,28481.494514190013,29049.710546061644,30055.37766466301,31211.94695672385,28895.768970825153,29433.847774379214,31340.633098311686,30942.358641676547,29872.98500269678,29298.455112412983,30694.652121298146,30112.71054606165,29506.53391596705,32908.10591963609,31867.084185041414,30081.278482318387,31236.31923989952,31056.907554946818,31552.77032662925,32072.358641676547,31467.319239899512,31910.80972840628,31520.907554946818,31568.398043453588,30887.279838122482,31842.614075325222,31742.300216913056,35680.06787366315,37754.36406489295,40879.80019604853,45027.846376846064,34300.2920403594,31473.30564012946,24244.59234073055,27759.47684700765,26450.319239899516,25108.239080541345,25668.317884095417,26282.94560091975,27671.92657793328,26976.631742507583,27366.671144284614,27144.415710635945,27954.39668764948,26761.199678764315,27439.964623906213,29364.456468217082,28550.533915967048,29456.51489298058,29793.377664663014,28904.082829237315,30532.94695672385,29649.161632791376,30735.55429475761,28862.80837260218,30604.771682433347,30536.377664663018,30376.475491203546,30884.00538148735,30638.61271952112,32820.92793373738,32803.41842224415,30379.103208027882,30747.27983812248,26896.669788480514,30311.201034568414,32165.849130183316,29931.887176156248,29663.671144284614,30651.612719521116,31061.63309831168,31419.025760277917,31084.084185041414,31967.576029352284,33900.929289541484,38163.95237994025,40005.01487211606,47250.358599947496,34578.78252886617,30784.91297816323,30376.244503757756,26207.319239899516,26214.82875139275,25222.141254000817,24241.120875210247,24654.865441561582,24614.278482318383,26458.51353717648,26177.199678764315,26964.455112412983,25656.80701679808,27522.180655777847,27374.00402568325,28424.12223101435,28344.671144284614,29013.573317744078,29511.92657793328,29911.828751392753,29293.201034568414,30503.182011581946,30168.142609804912,30792.67250008872,30252.103208027886,30144.201034568418,30168.063806250848,30522.69152307518,31485.35864167655,31807.16298859548,33587.67385589282,31090.27983812248,32247.61407532522,28398.787993811617,30336.612719521116,31685.123586818452,30145.887176156248,29673.39668764948,29294.317884095417,31213.417066440044,29020.925222129183,30042.92657793328,30897.57467354818,31810.96733551441,33428.43880103472,37540.46189143349,41432.09503147422,46331.57327601503,34909.09638727833,30135.520316196995,30277.42113385236,28406.75265944688,26516.30021691305,25738.201034568418,25580.906199142715,25459.376308858915,26163.72956904812,24810.767615021046,25472.748592034583,26046.33690708188,27534.533915967048,27782.082829237315,28141.298861108946,28878.005381487346,23941.393976041283,30324.123586818445,30103.94695672385,29525.69152307518,29729.27983812248,28640.94560091975,30029.59369653465,30710.26081513601,29795.02440447381,30375.456468217082,30830.319239899512,31508.986358500882,31977.06516205495,31255.535271771154,31170.182011581946,31480.574673548184,31468.45646821708,31580.162988595483,31405.809728406282,30819.730924852218,29860.22005755488,31486.495869994113,31932.300216913052,30720.00538148735,29980.298861108946,30092.51489298058,31331.162988595483,30636.770326629245,34842.67521169692,38072.089608257826,40579.66296773096,43988.081431704166,34113.978181947234,30262.364064892958,29492.616786933424,27043.751303642784,26780.26081513602,24391.748592034586,27176.495869994116,25537.239080541345,25229.04342746028,26326.141254000817,26376.69016727108,25908.297505304847,27804.57331774408,26700.51353717648,27712.631742507583,27853.04342746028,29648.86815316978,28502.47549120355,29783.456468217082,30085.358641676547,29188.612719521116,31093.476847007645,29232.338262885984,29562.612719521112,30779.80972840628,31706.92793373738,29596.631742507583,31530.849130183316,32597.595052338755,32162.202390372513,31901.79070541981,31101.319239899516,30114.10320802788,30782.00538148735,31679.888531960354,31116.59369653465,30048.612719521116,30039.259459331915,30288.88717615625,30642.103208027882,29642.69152307518,31040.300216913045,31259.92793373738,32753.59505233875,37080.87357638619,40558.42791287286,44071.120833481196,32835.29068455529,30350.775749845663,29652.146677217224,26981.65347710225,25026.80837260218,25750.084185041414,23741.846418575118,25582.494514190017,25155.925222129183,25290.023048669715,26067.278482318383,25908.06245044675,26876.494514190017,26681.69016727108,28141.47549120355,27469.35728587245,22467.510825568283,28019.082829237315,29273.142609804912,29073.338262885984,28993.887176156248,29381.789349615712,28507.00402568325,29232.024404473814,29559.417066440044,29824.965979710316,31329.849130183316,31827.75130364278,31688.39804345358,32329.79070541981,30670.35864167655,33160.497225798215,31724.849130183316,30645.730924852218,29958.74994783868,31126.456468217082,26798.885820352145,31239.358641676547,29869.201034568414,29862.612719521116,30275.142609804912,29828.142609804912,31604.65347710225,34482.71461347396,35605.08825245372,39227.77981725796,44377.806975069034,33702.48769344046,29827.638521528097,29526.93064534559,26092.398043453584,25209.887176156248,23711.513537176485,24213.748592034583,25541.847774379217,24684.434733622416,26735.417066440048,25804.00402568325,24598.68881146698,26562.00402568325,28428.319239899516,26814.985002696783,26404.199678764315,27126.141254000817,27509.72956904811,27614.317884095413,29527.86815316978,29051.240436345448,29112.74994783868,28668.84777437921,29712.652121298146,30576.26081513601,29767.82875139275,30383.73092485221,32363.595052338747,31406.26081513602,32453.732280656317,31932.516248784683,32272.241792149547,30710.77032662924,30766.86815316978,31415.809728406282,31269.358641676547,29480.82875139275,29668.024404473814,30403.240436345448,30102.86815316978,29373.671144284617,31108.39804345358,32416.63445411578,33377.243147953646,37578.95237994025,38570.24992697417,44916.51349544743,31990.9958491296,29328.932001149697,27433.98771430498,23551.631742507583,22513.120875210254,23926.82739558865,25407.612719521116,24670.180655777847,23913.414354831846,25165.199678764315,25864.12223101435,24764.865441561582,26691.082829237315,25153.493158385914,27268.533915967048,26103.611363717013,27543.494514190017,26000.081473433216,27702.945600919746,27865.45511241298,28045.45511241298,30966.555650561713,30372.495869994113,28932.612719521116,29212.612719521116,29383.024404473814,30599.672500088713,30289.868153169784,25361.92386632508,31619.025760277917,31276.986358500882,31516.672500088716,31999.418422244147,31195.221413358977,31584.437445230615,30292.789349615712,30779.005381487346,29729.475491203546,30230.279838122482,29849.74994783868,28581.72956904811,30275.554294757614,29504.063806250848,30786.30021691305,33298.243147953646,35498.49993740642,37478.974114534925,42071.80561926493,32222.33008633233,30987.36542069706,27670.615431129314,25342.26081513602,22561.94424511565,23984.101852223783,23570.709190257552,23650.94424511565,24762.787993811617,23419.198322960216,23826.414354831846,24325.100496419684,25282.081473433216,25479.88582035215,25852.611363717017,26101.533915967048,27448.80837260218,26922.37630885891,27357.729569048115,28403.573317744078,27456.827395588647,28008.906199142715,28011.494514190017,26803.31652829131,28465.906199142715,29671.240436345448,30550.53527177115,29515.475491203546,29442.749947838678,29911.063806250848,30816.63309831168,30574.27983812248,31216.94695672385,31656.790705419815,30946.319239899516,31680.437445230622,31015.80972840628,31577.88853196035,29442.573317744074,28762.729569048115,29102.53391596705,29339.024404473814,30909.260815136015,29917.69152307518,32273.536627575246,35069.77439404156,39255.505360622825,42268.43333608926,31600.2309039877,29729.85455339973,25956.065162054947,23728.180655777847,23740.906199142715,23930.671144284614,21862.747236230483,24150.983646892684,22483.57060613588,23774.100496419684,24109.728213244016,24200.493158385914,25014.904843338612,25576.571961939982,24956.002669879148,26192.65076549405,25551.80701679808,26634.925222129183,26748.925222129183,27075.41571063595,27106.474135399447,25177.747236230483,28508.671144284614,28415.80837260218,29441.82875139275,30162.63309831168,29504.74994783868,24523.942889311547,30593.04478326438,30457.868153169777,30483.593696534652,29903.965979710316,29799.20103456841,30403.00538148735,31328.123586818445,30980.67250008872,29511.12223101435,29003.12223101435,28480.866797365677,28847.80837260218,29490.887176156248,29644.82875139275,29282.377664663014,32866.06651785905,34961.24585956185,38967.779817257964,38970.9401359743,31599.525739413402,28214.20645778483,24543.417066440048,21772.23772473725,22091.767615021054,21434.021692865615,21082.040715852083,22370.021692865615,22460.57060613588,23076.923866325084,23565.51218137238,24002.414354831846,24246.51218137238,25287.65076549405,24453.414354831846,24998.04207165618,25724.70919025755,26671.455112412983,26282.885820352145,25358.002669879148,27786.357285872447,27908.082829237315,28283.533915967048,28232.39668764948,27636.02304866971,28561.436089426512,28470.22005755488,28336.494514190017,30261.044783264377,30881.535271771147,30943.849130183313,28884.082829237315,30283.358641676547,29891.652121298146,30337.828751392753,31964.183367386042,29265.201034568414,24495.433377818314,29880.240436345448,28368.357285872447,28888.985002696783,29561.142609804912,29146.59369653465,30837.241792149547,32220.88988776445,33601.558362169926,36921.778461453854,40120.03931831893,29755.366776501163,26371.126298426654,27150.557006365816,21257.923866325087,21271.100496419684,20341.82468398045,21149.903487534517,20819.47142379125,21231.82468398045,23389.002669879148,22781.82603978455,25120.199678764315,24734.571961939982,24209.414354831846,27601.94695672385,24021.33555127778,25207.904843338612,25412.944245115646,24991.865441561582,25309.04207165618,26331.39533184538,26948.37630885891,27262.65076549405,26749.258103527813,28656.887176156248,27735.37630885891,28656.22005755488,28965.847774379214,29301.573317744074,29477.16163279138,28709.887176156248,29617.652121298146,29221.024404473814,29065.259459331915,28772.082829237315,29334.16163279138,29965.55429475761,29121.710546061648,29061.08282923732,26901.925222129183,29947.37766466301,27978.141254000817,28564.74994783868,29004.554294757614,29745.30021691305,33181.98907010909,36276.77846145386,40422.43198028516,29771.406178278197,25583.340974494182,24362.00538148735,20738.923866325084,20088.668432676415,19544.47142379125,20568.726857439913,21364.70783445345,22283.47277959535,22446.786638007514,23024.374953054816,22921.53120435885,23634.06109464265,23664.610007912917,23606.747236230483,22883.45240080478,25511.904843338612,26528.10185222378,25690.944245115646,27876.063806250848,26356.16027698728,27086.787993811617,27735.94560091975,27369.37630885891,27404.37630885891,27223.74859203458,28678.945600919746,29559.142609804912,29558.652121298146,27261.141254000817,28467.00402568325,30380.80972840628,29447.240436345448,29638.92657793328,29167.573317744078,29411.43608942651,29559.926577933278,28488.768970825146,28805.39668764948,25506.002669879148,28301.76897082515,28348.436089426516,27504.04342746028,28951.319239899516,28243.201034568418,34058.85319759562,37254.2893287512,40531.02029533246,28750.876287994397,25943.714613473956,23519.770326629252,20365.158921183185,19552.64805388585,19940.138542392615,19407.31381668312,20254.236368933147,21018.550227345317,22983.23772473725,23456.728213244016,22505.21734594668,22245.687455662883,24088.59098492645,24597.042071656182,24678.551583149412,24158.92386632508,24924.904843338612,25088.63038670348,24310.198322960212,26084.846418575115,26560.885820352145,25109.57060613588,28152.847774379214,25672.669788480514,29287.377664663014,28519.22005755488,29703.965979710316,30482.633098311686,29141.298861108946,29794.612719521116,30078.926577933278,29315.612719521116,30006.652121298146,29105.357285872447,28077.239080541345,29309.74994783868,28358.180655777847,27886.10185222378,30851.69287887928,28312.04342746028,28277.39668764948,28443.377664663014,28769.103208027882,30759.35999748065,34158.06922946726,37545.95644735257,41016.1779024406,28836.052918088997,23677.92793373739,22764.985002696783,19635.080117629117,19328.961912298015,20791.786638007517,20341.668432676415,20436.78528220342,21167.45240080478,24049.141254000817,22235.198322960216,23711.277126514284,23165.57060613588,22601.45240080478,22937.80566099398,23730.51218137238,25048.218701750782,25309.120875210247,25071.63038670348,25768.120875210247,25590.669788480514,26745.141254000813,26424.925222129183,27392.04342746028,28360.57331774408,28984.103208027882,28993.887176156248,29647.417066440044,30969.437445230615,28648.945600919746,29729.240436345448,28871.259459331915,29317.84777437921,29675.612719521116,30031.319239899512,28545.592340730545,29966.240436345448,28024.76897082515,28043.69016727108,28363.45511241298,29572.27983812248,27662.082829237315,28974.456468217082,31354.850485987416,35039.71732508216,37288.27030576473,40905.001272345995,25463.226836575395,23569.85048598742,21454.55293895352,20201.64940968995,19218.687455662883,18455.020337061516,20222.550227345317,19434.843706966916,20939.726857439913,20469.020337061516,21812.35457426425,22223.668432676415,23963.23908054135,23872.865441561582,23272.06109464265,23787.786638007514,25100.29750530485,23643.198322960216,25118.53256016295,24637.904843338612,25031.767615021046,25450.434733622416,25790.239080541345,26057.925222129183,26887.59234073055,27510.945600919746,27519.082829237315,29386.22141335898,28416.554294757614,29192.142609804912,29612.182011581946,28128.22005755488,30482.398043453577,28483.39668764948,28150.76897082515,29696.005381487346,29230.005381487346,29370.59369653465,28089.317884095413,28999.47549120355,28904.063806250848,28837.27983812248,27242.004025683247,29774.516248784683,30628.811084210378,31516.59640814285,36915.68199071743,39340.8246422514,24884.168411811897,22821.752659446887,20747.02304866972,18742.31517248722,18852.82468398045,18963.41299902775,19480.09914061558,19453.88310874395,20499.491802581815,19446.74588042638,21018.903487534517,20863.82468398045,21120.589629122347,22583.06109464265,23187.82603978455,23437.59098492645,24339.434733622416,24334.669788480518,26777.849130183316,24618.571961939982,24632.06245044675,25197.141254000817,25201.611363717017,27207.436089426516,26567.729569048115,27223.985002696783,27711.691523075184,27863.377664663014,28563.633098311682,27429.985002696783,28093.240436345448,28096.51489298058,28252.005381487346,28789.59369653465,28379.789349615712,28537.18201158195,30094.32059570361,29725.065162054947,28340.18201158195,28236.59369653465,27644.691523075184,28025.456468217082,28522.47684700765,30879.812440014488,30560.73499226453,33374.8178632309,33236.919757183736,21076.22412496719,19580.39668764949,18250.139898196718,17480.510825568286,16232.35321846015,16256.430666210119,17223.31517248722,20559.06245044675,18676.64805388585,20419.160276987284,20723.06109464265,21639.06245044675,20821.865441561586,21662.571961939986,23090.240436345455,21567.00266987915,22988.494514190017,22395.688811466985,24469.965979710316,22490.474135399454,24919.711901865754,22979.82739558865,26175.596408142854,24168.317884095417,26585.849130183313,26136.691523075184,25424.985002696783,24651.69016727108,26786.88988776445,25882.652121298146,26716.94695672385,25575.39668764948,26704.53527177115,25895.847774379217,26310.82875139275,25199.22005755488,26634.495869994116,26144.495869994116,25128.57331774408,25838.554294757618,25201.74994783868,26853.967335514415,25457.18201158195,26353.517604588786,28804.695590487492,27188.498581602318,26258.46053562939,26997.6996578998,28170.529806825703,27384.1751908324,30283.471382062206,28941.684702325634,28665.626277562136,23499.755371055093,25105.523027805197,33141.550185616274,31375.076008487766,31131.1154102648,28700.9944933255,29922.074652683663,35352.1194776771,31011.898022589066,30571.112698656598,32194.5257394134,33014.01622792016,33195.33008633233,31884.191502210662,34483.07600848777,37435.4713820622,37707.55018561626,36297.116766068895,36978.156167845926,38667.03931831893,34446.7607942715,33785.89802258906,38098.68605812974,36007.21323680533,40640.061052913596,35629.64394474449,38879.7648616838,38287.470026258095,36574.74312708913,41554.27708478523,35579.09503147423,40376.61267779207,30287.836886217367,36288.3504651229,44535.08278750826,43462.33686535283,41013.98224935953,29919.384443683528,29098.50129321053,32059.778461453865,30334.660256122763,27415.718680886268,50735.34771178564
40,29010.98319235805,17589.69670508209,24160.39975180966,27333.635475502513,29994.21415601439,30586.185285557345,28327.296643034504,30235.18940990835,31392.148166398292,33612.06155502716,31344.197658610366,29839.598356343457,30590.916567056436,31058.581858939433,34556.40863619718,33851.45812840925,36258.64848424104,32110.867074844362,34244.412760548184,31431.548864131386,38326.22716475291,37554.60724073098,37953.30965177303,33130.548864131386,39127.52887806186,41756.39277447866,40025.49588325382,40670.10343422272,40753.12405597776,38006.60724073098,41119.76047740371,41382.73573129768,40759.49175890281,38062.90482968892,40557.13230467977,37117.63198683702,45253.822978354314,39021.508256306835,44825.25667089546,45582.89721667243,42666.32678486257,42168.29379005452,39812.03744460663,34205.91720274195,26583.88357224839,33826.81821831781,13729.898798281389,6321.815039890242,13327.704318098593,18003.890549579373,19694.163392431285,21253.1056515172,22156.750321645166,20940.085029762166,20346.477478793255,21977.758570347178,24068.341375210053,24432.329002157036,25596.283634295967,22851.068532358142,25433.994294040032,27112.589471955926,26271.581223253914,28224.20939597786,25428.663710274035,25212.676083327053,25686.990169689023,27162.597720657937,28343.895309615888,27645.940677476952,26351.68020767806,26833.651337221017,25502.69258073108,28220.899433966893,26348.308380402003,26755.26713689194,26484.655461572023,25954.023164497074,26723.676083327053,28231.201147275853,26554.002542742044,27259.61834241297,26060.002542742044,25522.704953784098,24663.754445996172,27946.91180701991,24498.411489177153,24630.06028365613,24171.056159305124,24382.3743700181,23647.71320248611,20556.105651517202,14951.997782705534,25604.16878815332,17119.12627327223,19103.122148921226,22525.73794859215,23443.056159305124,22910.799813857237,24014.750321645166,25136.72145118812,23786.770943400195,25749.056159305124,26527.349623912065,26183.403240475145,27489.329002157036,26474.043786252107,27273.349623912065,28698.296007348985,30703.895309615888,32836.80044954275,32572.453368372735,29209.957174880976,27810.361996965083,30230.9035583179,29128.64721287001,30916.552352796876,30424.279509944958,29061.65958592303,29221.312504753012,29592.271261242946,29771.98192098701,31624.556477147882,29609.634839816994,29887.304256050997,30151.61834241297,31036.271261242946,30313.291882997975,29852.622466763976,31189.9035583179,29683.969547933993,28940.663710274035,30666.21764467987,30113.283634295967,30284.944801827958,28263.68020767806,29112.957174880976,31593.506984935815,30404.796325191754,24261.57709890291,21829.258888189936,24227.812822595777,28390.77570343672,28675.9035583179,27051.68020767806,25532.742072943154,25346.411489177153,24459.48160314426,24860.48160314426,26529.415613528163,28240.00666709305,27762.72145118812,28449.349623912065,28628.68020767806,27695.056159305124,31553.589471955926,28285.386743071118,30868.626591114982,28987.696705082082,30076.329002157036,30323.977796636005,29390.68020767806,31715.920055721923,30402.990169689023,23456.225257696373,30795.312504753012,29467.019040146068,30549.308380402003,30576.66783462504,30741.33312650804,31493.626591114982,31567.296007348985,32127.283634295967,32610.92418007293,32966.23414208389,31784.312504753012,32359.589471955926,31351.31250475301,32069.940677476952,30906.316629104018,32252.59772065794,32729.577098902908,31396.643088519006,31672.27950994496,32127.59772065794,33787.544104094864,34657.102162851705,34985.54473978038,29918.594231992447,29599.92894010946,29233.461617074747,29143.25888818993,27060.704953784098,26288.415613528163,23364.50222489929,27262.05203495412,26232.407364826147,26076.79568950623,29660.66783462504,26913.436235283192,29221.700829433088,29816.023164497074,29945.023164497074,30220.68020767806,31227.316629104014,29230.733824241135,29847.704953784098,30250.349623912065,27688.78744080422,28923.42386223017,28972.085029762166,32725.605969359956,31973.316629104014,33567.93242877494,36459.436870968704,34054.58122325392,32270.98192098701,31987.659585923026,31988.349623912065,33486.948926178964,34350.58122325392,32879.63071546599,34514.24651513691,33431.94480182796,33005.30013169999,32955.291882997975,32408.647212870004,33573.928304423935,32435.643088519002,32777.62659111498,32649.610093710962,31613.65133722102,32827.928304423935,36417.47811447877,38091.048546288635,38854.18116120633,37579.664981645066,33696.44987970724,30822.440995319717,29055.93242877494,25954.72557553913,25128.436235283192,26800.72145118812,26760.08090541116,28126.700829433088,26067.477478793255,27666.754445996172,28267.411489177153,27877.76681904919,28932.06028365613,27431.80806255925,29438.064408007136,31385.324877806022,29329.076781060157,29685.399116124136,30127.742072943147,30436.38674307112,30674.0396619011,30128.064408007136,29655.415613528163,31280.027288848087,32904.29600734898,31563.357872614077,30326.064408007136,33450.95305052997,32374.998418391035,32923.977796636005,33739.29600734898,33266.96542358299,32549.659585923033,32823.312504753005,33297.31662910401,35624.552352796876,31664.35374826307,33699.29600734898,33360.291882997975,33204.63071546599,32254.324877806026,30474.684332029065,33521.9035583179,33254.58534760492,35326.858190456835,37045.428622266685,38792.5571128334,42018.185921242846,35853.70210080412,31530.730335575656,29621.242390785905,25946.74619729416,25559.770943400195,26941.056159305124,25493.783316453213,26089.4403596342,26250.47335444225,26678.78744080422,28457.411489177153,25477.184014186314,27876.762694698184,29520.403240475145,29494.40324047514,27658.47335444225,30407.71320248611,29716.085029762166,31316.35374826307,30517.0396619011,29510.1097758682,29080.444483985204,30167.072656709148,31091.378494369106,29852.41973787916,31910.349623912065,32432.00254274204,32527.34137521005,30494.06853235814,34499.614218061964,31215.713202486102,31231.38674307112,33867.27950994496,32867.32487780602,34155.614218061964,31206.68433202906,33274.634839816994,33267.96954793399,31658.03141319909,34817.58122325392,33676.91180701991,32703.610093710955,35733.51523363782,38228.05679499064,39317.21415601438,43709.52475371085,36298.02856021911,32392.052670639634,28998.263012540934,25224.754445996172,26424.072656709148,25754.1097758682,26454.750321645166,26611.7750677512,25841.820435612266,27171.097402815183,28214.08915411317,27354.12214892122,26994.477478793255,28482.42798658118,27500.456857038225,27940.45685703822,30422.7049537841,27922.80806255925,28631.78744080422,29205.4362352832,31240.70082943309,29951.737948592137,28574.791565155225,29530.42798658118,30139.072656709148,34955.20939597786,31242.361996965083,31803.3743700181,29804.75444599617,31090.721451188117,29723.762694698184,31085.394991773126,31749.35787261408,31535.3743700181,33555.95305052997,32347.00254274204,32465.002542742037,32808.65958592303,32675.98192098701,33485.29600734898,32765.965423582984,33006.20939597786,33076.95305052997,33209.60596935995,35230.87468786086,36304.81694694678,41523.44163100522,45479.471137147775,36367.6897277511,33745.64372420452,30173.53997974386,26984.378494369106,25175.118024570213,22103.559965813376,25042.151019378267,26284.11390021921,26647.45685703822,26598.46098138923,27827.432110932186,26227.820435612266,29234.72145118812,25751.857554771323,29021.411489177153,28542.097402815183,29394.076781060154,29412.093278464177,29995.399116124132,30015.73794859215,29167.754445996172,29190.75032164517,29751.750321645162,29246.08915411317,31781.68433202907,30653.064408007132,30956.043786252107,31241.382618720112,35599.84169305281,31173.71320248611,31923.01491579507,32450.651337221017,30514.38674307112,32064.35374826307,31415.36612131609,31812.03141319909,32492.320753455024,32637.014915795062,33848.61009371096,33079.62659111498,32497.634839816994,31455.671958976047,32486.63071546599,35609.84994175482,38993.03617323561,41815.796960877255,45384.099309871715,35164.07392808018,31498.073292394667,30226.53997974386,27499.68845638007,26076.068532358142,25165.46098138923,25119.477478793255,25523.14277067625,27436.085029762166,26867.452732687216,27107.791565155225,29167.0396619011,26336.824559963272,27516.452732687216,27197.14689502726,29243.072656709148,27829.126273272228,30676.035537550095,28518.779192102207,28862.423862230175,28306.799813857233,27978.46098138923,30222.056159305124,30201.73382424114,31226.71320248611,30651.052034954122,30022.40736482615,31980.010791444056,31125.03141319909,31599.03553755009,30903.052034954122,28872.440359634198,30840.390867422124,34052.61009371096,30449.394991773133,30198.415613528163,30805.717326837115,33938.93655312595,33203.643088519006,33211.31662910401,31619.027288848083,31072.01904014607,31329.671958976047,33128.94480182796,35060.19702292485,38973.02380018259,41288.15229074929,46473.72335824466,37180.32202482605,31945.052670639634,29567.230017732887,26937.3743700181,25633.440359634198,24449.171641133296,25351.126273272228,26586.42798658118,27244.411489177153,26075.799813857237,27988.73794859215,27278.452732687216,27195.12214892122,27174.403240475145,27510.130397623234,28193.436235283192,28215.12214892122,28588.762694698184,27761.481603144257,29874.729699890137,29092.440359634198,30852.7090781351,28494.78744080422,35322.858190456835,31105.38261872011,30415.737948592145,29857.072656709148,30498.390867422124,31271.709078135103,30235.40324047514,31091.71732683711,30481.04791060311,29193.432110932186,29642.758570347178,31202.7090781351,31412.36612131609,31969.014915795062,32413.33725085905,31787.69258073108,32557.655461572027,31145.688456380067,30676.366121316092,33063.26713689194,36091.17640116981,40443.9619349175,41416.80520957927,46548.07456376568,34709.76396606921,31929.713838171632,29571.2382664349,26652.71320248611,25566.76681904919,26487.399116124136,24584.824559963276,26844.093278464177,27080.08915411317,25245.171641133296,28031.407364826147,27497.432110932186,26502.48160314426,27180.452732687216,29313.729699890133,28655.758570347178,29492.729699890133,29986.73382424114,28493.4444839852,29570.399116124132,28279.456857038225,30062.064408007136,29268.75857034718,28631.779192102207,32402.981920987007,28981.118024570216,30557.72145118812,30566.052034954122,30670.713202486113,30382.742072943143,31337.039661901104,30144.08502976217,30075.41148917715,31238.0437862521,31585.027288848083,30904.05203495412,33079.31662910401,33108.32075345502,31736.027288848083,30557.043786252103,31177.696705082086,31423.35374826307,32231.647212870004,35400.20939597786,37936.40800051167,40965.16466380231,47429.3515309686,35966.66910599607,31498.060919341646,29513.91180701991,26606.047910603113,25116.4403596342,24385.15514372927,24880.14277067625,26680.436235283192,28425.71320248611,25233.836933016293,27248.76681904919,27672.758570347178,27778.097402815183,27314.791565155225,29018.407364826147,29223.39499177313,29004.73382424114,25229.86167912233,28351.444483985204,30024.717326837115,29932.40324047514,29822.742072943154,29334.73794859215,29907.725575539127,29955.72557553913,30658.39086742212,29928.407364826147,30137.068532358142,30360.72557553913,31341.36612131609,31183.0396619011,29980.725575539123,30053.407364826144,28535.469230091243,30094.068532358142,31852.00666709305,31110.03141319909,30532.411489177153,32545.65958592303,31661.353748263067,32034.329002157032,30793.713202486106,30238.039661901104,33217.92005572192,34265.58534760492,37374.77570343672,42421.76396606921,48185.33503356458,36014.33852223007,31818.71383817163,29947.20939597786,26530.696705082082,25215.11390021921,26295.072656709148,25484.126273272228,27060.74619729416,27882.72145118812,27233.105651517195,27320.76681904919,29815.977796636005,29199.700829433088,30238.676083327053,28774.072656709148,28383.762694698184,29047.411489177153,30129.72145118812,30918.353748263075,28903.432110932186,29390.746197294156,31272.027288848083,30820.357872614073,29700.08090541116,29225.105651517195,30399.390867422124,30256.41148917715,29573.419737879165,32892.91180701991,31739.688456380074,29727.113900219207,31255.70082943309,31147.696705082086,31493.36199696508,31803.357872614077,31290.70082943309,31956.01904014607,31411.696705082086,31485.014915795065,30787.043786252107,31985.663710274035,31714.337250859047,35827.18464987182,38106.07741674567,40993.16466380231,45133.471137147775,34626.412760548184,31545.05679499064,24006.4403596342,27775.329002157036,26417.700829433088,25033.456857038225,25558.770943400195,26266.423862230175,27572.06028365613,26806.097402815183,27260.754445996172,26972.44860833621,27860.085029762166,26542.799813857237,27071.78744080422,29284.035537550095,28348.419737879165,29545.056159305124,29814.72145118812,28865.758570347178,30312.35374826307,29459.072656709148,30458.713202486106,28695.08915411317,30783.291882997975,30392.721451188117,30426.399116124136,30720.3743700181,30519.73382424114,32668.990169689023,32679.308380401995,30415.05203495412,30802.043786252107,26903.824559963272,30371.729699890137,32124.676083327056,29885.40324047514,29651.754445996165,30571.73382424114,31133.027288848083,31499.66783462504,31054.688456380074,31907.936553125946,33750.92005572192,38216.07329239466,39881.883572248385,47725.01269850059,34832.73097126116,31032.416249213682,30158.176401169818,26250.700829433088,26337.382618720112,25098.779192102207,24249.485727495266,24655.179889835308,24634.11390021921,26106.126273272228,25768.799813857237,26830.105651517195,25504.15926808028,27390.436235283192,27301.4444839852,28333.415613528163,28291.75444599617,28703.076781060154,29384.06028365613,29749.382618720112,29112.729699890133,30272.36612131609,29863.709078135103,30681.68433202906,29935.05203495412,30166.729699890137,30108.39499177313,30444.047910603113,31296.357872614073,31617.00254274204,33771.614218061964,31374.043786252103,32186.66371027404,28449.79568950623,30146.73382424114,31675.345499561055,30042.40324047514,29819.085029762166,29468.77094340019,31137.37849436911,28962.13039762323,30205.06028365613,30914.006667093046,31862.647212870004,33515.60184500895,37449.75508168168,41764.127544643256,46865.73160694667,35176.057430676155,30215.77570343672,30124.168152467806,28525.928304423935,26489.337250859047,25497.729699890137,25448.76681904919,25362.791565155225,26132.7750677512,24695.50222489929,25397.138646325246,25967.13452197424,27316.41973787917,27717.758570347178,28135.407364826147,28712.3743700181,24028.225257696373,30296.34549956106,29960.35374826307,29692.047910603113,29548.043786252103,28564.423862230175,30016.370245667094,30496.68020767806,29622.737948592145,30313.035537550095,30632.70082943309,31637.010791444056,31955.324877806022,31206.34962391206,31157.36612131609,31506.00666709305,31235.03553755009,31285.00254274204,31552.01904014607,30818.704953784098,29606.093278464174,31319.69258073108,32107.337250859047,30593.374370018097,29967.407364826144,30053.056159305124,31415.00254274204,30628.361996965083,34987.544104094864,38237.40800051167,40755.82995568531,44642.48351020079,34198.0863011332,30243.077416745673,29411.523482339835,27054.99841839104,26481.68020767806,24375.138646325246,27414.69258073108,25457.456857038225,25127.10152716619,26160.779192102207,26348.118024570213,25937.477478793255,27678.076781060154,26561.126273272228,27501.097402815183,27851.10152716619,29624.0396619011,28512.399116124136,29742.035537550095,30197.357872614077,28935.73382424114,30770.329002157036,29182.064408007136,29536.73382424114,30777.01904014607,31699.990169689023,29523.097402815187,31400.676083327053,32552.300131699994,32125.659585923033,32106.655461572023,31000.700829433095,30112.05203495411,30786.374370018097,31642.333126508038,30997.370245667094,29901.733824241135,29845.750321645162,30338.40324047514,30413.05203495412,29672.04791060311,30996.337250859047,31227.990169689023,32839.30013169999,37242.759206032686,40672.81758263229,44675.14055338178,33083.48287451529,30374.08154109668,29759.498736233803,26792.320753455024,24941.08915411317,25780.68845638007,23551.81631126126,25386.762694698184,24880.130397623234,24801.80806255925,26034.113900219207,26107.465105740237,27087.762694698184,26721.118024570213,28066.399116124136,27378.42798658118,22414.266501206435,27909.758570347178,29265.709078135103,29071.064408007136,28802.40324047514,29473.725575539127,28137.444483985204,29146.737948592145,29431.378494369106,29628.717326837115,31224.676083327053,31751.998418391035,31694.014915795065,32291.655461572027,30723.357872614077,33267.622466763976,31652.676083327053,30611.704953784094,29935.06853235814,31007.035537550095,26696.47335444225,31185.357872614077,29994.729699890133,29708.73382424114,30600.7090781351,29897.7090781351,31513.320753455024,34691.20114727585,35773.47811447878,39495.87119919536,44843.814093966794,33907.76809042022,29958.746832979676,29399.84994175483,26156.014915795065,25216.403240475145,23715.126273272228,24183.138646325246,25475.74619729416,24506.812186910254,26734.378494369106,25687.444483985204,24292.18813853732,26393.444483985204,28325.700829433088,26914.08090541116,26280.799813857237,26843.779192102204,27551.7750677512,27601.770943400195,29316.039661901097,28944.386743071118,29162.068532358142,28625.746197294156,29585.390867422124,30430.68020767806,29784.382618720112,30290.704953784098,32034.30013169999,31225.680207678055,32519.634839816994,31779.986045338017,32257.316629104014,30480.36199696508,30794.039661901104,31485.019040146075,31226.357872614077,29608.382618720112,29779.73794859215,30397.386743071114,30253.039661901104,29288.75444599617,31177.014915795065,32279.957174880976,33607.24651513691,37936.07329239466,38773.89594530141,45379.78109915874,32017.519993674345,29570.779827787726,27386.940677476952,23457.097402815183,22626.485727495266,23874.45273268722,25302.73382424114,24637.436235283196,23749.518722303314,24946.799813857237,25987.415613528163,24672.179889835308,26619.758570347178,25031.832808665284,27222.41973787917,26112.803938208242,27554.762694698184,25861.828684314278,27657.42386223017,27719.105651517195,27842.105651517195,30750.643088519002,30332.692580731076,28910.733824241135,29313.73382424114,29405.737948592152,30523.684332029065,30073.0396619011,25253.200511590338,31585.66783462504,31082.010791444056,31306.684332029065,31958.308380402003,30969.023164497074,31426.67195897605,30295.725575539127,30683.374370018097,29803.399116124136,30288.043786252103,29845.068532358146,28577.775067751198,30270.713202486106,29425.39499177313,30925.337250859047,33855.24651513691,35489.482238829776,37590.2966430345,42399.884207933894,32712.139917696273,31031.007302778573,27858.59359630693,25359.68020767806,22487.49397619728,23865.12214892122,23327.48160314426,23531.49397619728,24472.79568950623,23326.869927824344,23868.518722303314,24138.192262888326,25111.828684314278,25307.47335444225,26070.803938208242,25993.41973787917,27308.08915411317,26830.791565155225,27286.7750677512,28360.076781060154,27391.452732687216,27965.76681904919,27906.762694698184,26695.8410573673,28337.76681904919,29638.386743071118,30367.349623912065,29691.399116124132,29345.068532358142,29920.39499177313,30836.027288848083,30707.0437862521,31181.353748263075,31587.655461572023,30846.700829433084,31662.671958976047,31038.01904014607,31516.33312650804,29363.076781060157,28578.775067751205,29046.41973787917,29361.73794859215,30803.68020767806,29932.047910603113,32302.27950994496,35129.15165506378,39258.20178296136,42535.53712676388,31781.53236672736,29632.39562745865,25798.32487780603,23750.436235283196,23640.76681904919,23790.754445996172,21993.20876029235,23931.151019378267,22562.21700899436,23441.192262888326,23970.845181718305,24202.832808665284,24793.836933016293,25348.14689502726,24659.514597952308,26062.46098138923,25578.159268080275,26548.130397623234,26561.130397623234,27043.44860833621,26982.469230091243,25157.20876029235,28451.754445996172,28359.08915411317,29309.382618720112,29979.027288848083,29384.068532358142,24391.564090164382,30536.03141319909,30432.0396619011,30376.370245667094,29766.717326837115,29638.72969989013,30388.374370018097,31392.345499561063,30879.684332029068,29512.415613528163,28837.415613528163,28411.1097758682,28800.08915411317,29198.40324047514,29594.382618720112,29123.72145118812,32852.25476383892,35056.10628720271,38984.87119919537,39518.3591439851,31945.495247568313,28398.44924402173,24729.378494369106,21733.526971005325,22054.50222489929,21387.878176526356,20958.241755100396,22208.878176526356,22444.21700899436,23111.200511590338,23667.19638723933,23968.518722303314,24147.19638723933,25309.46098138923,24494.518722303314,24762.171641133296,25691.48160314426,26758.105651517195,26240.47335444225,25309.514597952308,27591.42798658118,27876.758570347178,28401.419737879165,28315.085029762166,27725.80806255925,28743.742072943154,28407.093278464177,28502.762694698184,30185.03141319909,30886.349623912065,30904.67608332705,28945.758570347178,30339.357872614077,29843.39086742212,30361.382618720116,32267.29600734899,29221.72969989013,24495.88230087736,29758.386743071118,28436.42798658118,28945.08090541116,29641.7090781351,29052.370245667094,30930.316629104018,32329.263012540938,33688.502860584806,37373.94131316247,40346.96669495402,29653.93718881147,26511.205271626855,27323.572974551902,21251.200511590338,21440.192262888326,20390.592960621423,21151.907046983397,20840.60945802545,21273.592960621423,23325.514597952308,22850.52284665432,24922.799813857237,24551.14689502726,24083.518722303314,27567.35374826307,23963.204635941343,25161.836933016293,25329.49397619728,24762.179889835308,25171.171641133296,26427.155143729266,26866.791565155225,27256.46098138923,26628.820435612266,28650.40324047514,27612.791565155225,28586.093278464177,29006.746197294156,29338.076781060157,29657.072656709148,28729.40324047514,29736.390867422124,29294.73794859215,29024.750321645166,28824.758570347178,29136.072656709148,30053.713202486106,28885.411489177153,28777.758570347178,26894.130397623234,29864.721451188117,28002.779192102207,28520.068532358142,29019.713202486106,29769.337250859047,33401.87056350986,36459.941313162475,40560.60724073098,30018.59423199245,25708.92418007293,24348.3743700181,20607.200511590338,19963.89467393038,19400.60945802545,20566.91529568541,21271.551717111364,22275.539344058343,22382.865803473334,22971.86167912233,22896.559965813376,23515.535219707337,23606.87405217535,23592.20876029235,22853.245879451402,25392.836933016293,26624.12214892122,25565.49397619728,27605.39499177313,26247.14277067625,27051.79568950623,27669.423862230175,27303.791565155225,27426.791565155225,27301.138646325246,28708.42386223017,29511.709078135103,29510.390867422124,27132.779192102207,28552.444483985204,30347.019040146068,29455.386743071118,29630.06028365613,29244.076781060154,29263.742072943147,29682.06028365613,28535.432110932186,29036.085029762166,25597.514597952308,28258.432110932186,28525.742072943154,27516.10152716619,28911.700829433088,28405.729699890133,34155.46574142575,37529.55298848239,40853.60311637997,29028.618978098486,26076.201147275853,23687.361996965083,20454.212884643355,19521.60120932344,19936.919420036415,19111.981285301506,20234.597084972433,20912.92354438742,23113.526971005325,23290.845181718305,22609.233506398385,22083.258252504424,23992.5104736013,24436.171641133296,24707.853430420317,24178.200511590338,24764.836933016293,25197.16751678229,24342.86992782434,25855.81631126126,26499.47335444225,24918.21700899436,28139.74619729416,25534.824559963276,29260.72145118812,28514.093278464177,29748.717326837115,30579.027288848083,29111.407364826147,29689.73382424114,29750.060283656127,29355.73382424114,29864.390867422127,29087.42798658118,27867.45685703822,29223.068532358142,28435.436235283196,28011.12214892122,30760.977796636005,28343.10152716619,28214.085029762166,28579.72145118812,28816.05203495412,31006.287758646973,34357.11453590472,37806.862950493356,41254.23128910392,28867.610729396478,23825.990169689027,22859.08090541116,19634.898798281385,19329.927668738426,20997.865803473338,20366.89467393038,20418.935917440438,21094.245879451402,24054.779192102207,22019.869927824344,23712.184014186314,23017.21700899436,22586.245879451402,22691.22938204738,23663.19638723933,24915.163392431285,25286.485727495266,25073.16751678229,25720.485727495266,25399.824559963276,26651.779192102207,26217.130397623234,27383.10152716619,28419.076781060154,29129.052034954115,28822.403240475145,29706.378494369106,30895.671958976047,28585.42386223017,29823.386743071118,29025.750321645162,29230.74619729416,29730.73382424114,29999.700829433088,28542.440359634194,29848.386743071118,28211.432110932186,27994.118024570213,28348.105651517195,29691.043786252107,27557.758570347178,29204.035537550088,31341.605969359953,35456.060919341646,37826.189409908344,41181.23953780593,25609.74270862867,23689.605969359953,21653.783316453213,20204.53109535633,19102.258252504424,18372.948290493456,20183.92354438742,19396.956539195467,21017.91529568541,20462.948290493456,21767.568214515388,22311.89467393038,24140.456857038225,23851.179889835308,23157.535219707337,23758.865803473334,25036.477478793255,23496.869927824344,25055.489851846272,24817.836933016293,24904.50222489929,25437.812186910254,25678.456857038225,26105.130397623234,26909.440359634198,27409.423862230175,27630.758570347178,29391.023164497074,27958.71320248611,29156.709078135103,29467.36612131609,28230.093278464177,30399.014915795065,28393.085029762166,28185.432110932186,29587.3743700181,29294.3743700181,29511.370245667094,28055.770943400195,28950.399116124136,28888.39499177313,29103.043786252107,27090.4444839852,29734.986045338017,30836.948926178964,31428.230017732887,36986.19353425935,39885.24778650794,25184.72208687364,23128.92830442394,20641.80806255925,18767.911171334403,18921.592960621427,19127.58883627042,19423.26237685543,19200.613582376456,20463.90292263239,19468.278874259453,21048.907046983397,20838.592960621427,21176.58058756841,22678.535219707337,23426.52284665432,23440.5104736013,24348.812186910254,24317.824559963276,26874.676083327053,24717.14689502726,24691.465105740237,25566.779192102207,25209.803938208242,27047.742072943154,26655.7750677512,27261.08090541116,27937.047910603113,27844.72145118812,28441.027288848083,27415.08090541116,28178.386743071118,28234.056159305124,28212.3743700181,28988.370245667094,28449.725575539127,28656.36612131609,30232.630715465988,29735.324877806026,28503.36612131609,28160.370245667094,27762.047910603113,28183.03553755009,28658.329002157036,31009.878812211864,30842.494611882797,33769.59835634346,33702.06567937817,21323.882936562877,19650.085029762173,18250.849306069314,17550.266501206435,16242.638328482495,16215.022528811567,17205.911171334406,20588.465105740237,18397.60120932344,20300.14277067625,20667.535219707337,21647.465105740237,20924.179889835308,21799.14689502726,23110.386743071118,21488.514597952308,23072.762694698184,22331.18813853732,24468.717326837115,22570.469230091243,24938.341375210053,22962.45273268722,25987.23001773289,24086.770943400195,26608.676083327053,26119.047910603113,25543.08090541116,24721.118024570213,26782.263012540934,25796.390867422124,26777.35374826307,25683.085029762166,26778.349623912065,25947.74619729416,26209.382618720112,25090.093278464177,26772.69258073108,26217.69258073108,25183.076781060154,25755.71320248611,25288.068532358142,27177.64721287001,25529.36612131609,26457.915931370917,28937.837568701812,27154.552352796876,26462.825195648795,27373.6272268005,28532.284905667002,27865.37151703813,30557.264283911976,29318.05330632515,29019.032684570117,23643.788076489738,24959.635475502513,33300.57837027394,31749.763966069215,31400.421009250203,29072.590107641445,30155.83408003632,35612.21066734889,31432.842328738327,30893.561237184404,32295.49524756831,32929.813458281285,33345.13991769627,32141.875323546374,34574.76396606921,37858.264283911965,37863.57837027394,36578.35089528309,37307.00793846408,39076.96669495402,34869.50762062133,33952.84232873833,38310.98319235804,36468.098674186214,41116.19004559385,35813.46637711127,38962.29727872001,38557.334397879065,36972.07392808018,42059.83884007283,35949.127544643256,40814.38865012766,30579.961934917505,36641.433382303214,44765.41339623369,43810.78934786076,41363.87595923188,29974.370881352617,29472.412124862676,32478.94131316247,30628.970183619513,27755.990805374546,50837.22843612393
41,28591.06754353569,17244.139762284824,23665.05768280541,26975.155702976535,29659.131383130785,30371.4984031814,27798.654182986178,30084.87454317417,31065.11314324647,33159.21420339831,31147.626823159706,29711.770443041605,30151.391263068115,30722.26588307053,34210.468003374204,33470.98168328744,36026.9421635381,31826.877583154885,34049.84414336698,31155.25676312837,37797.91784369235,37214.180763610406,37507.44064354774,32812.256763128375,38724.034103747785,41150.62148398638,39462.02498380562,40351.633643909256,40490.5143438731,37756.180763610406,40667.75598392614,40839.499143969515,40280.64884381285,37840.92088367307,40028.266623858646,36653.43760356703,44783.05612440093,38625.15340378393,44385.208864225,45112.82664427079,42098.60324410208,41652.59412415992,39378.61540402495,33806.04930365138,26105.382143125964,33629.021943824904,13236.570621930528,6266.731740908626,13196.234001687106,17822.81834194499,19633.30162205104,21440.035662152266,22187.02958219083,20747.15496218842,20103.546302084782,21770.781862176365,23698.133682323387,24314.005262345076,25590.867722424613,22633.650402217336,25234.879882347486,26850.36012247281,25947.607842487276,27865.09720255476,25423.130642342665,24917.259062320976,25564.50374235472,26829.112402458355,28095.852522521018,27369.990062441484,26146.635202313744,26543.002222364357,25430.763622292052,27925.228662513786,26210.12456238123,26484.363162453534,26324.37836235713,25784.512862296873,26402.259062320976,27838.344922569217,26548.632162333026,27099.993102422202,25814.632162333026,25201.89204227036,24366.405722183597,27627.357082492097,24398.528062200465,24522.898122231796,23947.521982239028,24208.14280226554,23336.6443222559,20320.035662152266,14812.597981756999,25108.993843210323,16916.916362116113,18902.540222123345,22399.901162212518,23348.521982239028,22973.54326210406,23637.02958219083,25087.39660224144,23717.910282154677,25490.521982239028,26378.885962308923,25766.77578221493,27374.005262345076,26298.39356226072,27064.885962308923,28462.99614240292,30465.852522521014,32755.201302687314,32421.947502711417,29097.49462241256,27660.014382287234,30111.604802506554,28956.62608237159,30687.974862537885,30272.49158243184,28940.754502349897,28992.500702374,29747.7393024463,29638.75146236918,31260.351002530653,29613.497662393278,29676.74842238846,29944.993102422202,30788.7393024463,30066.62000241015,29593.36924241497,31123.604802506554,29575.62304239087,28853.130642342665,30646.849482540296,29913.867722424613,30048.36620243425,28069.635202313744,28924.49462241256,31469.837322617423,30369.82516269455,23949.231702494508,21456.61088246799,23822.32972266563,28288.944462730706,28390.604802506554,26920.635202313744,25503.277302205286,25453.528062200465,24483.92244207755,24987.92244207755,26326.90420219324,28041.008302325798,27771.39660224144,28411.885962308923,28649.635202313744,27584.521982239028,31269.36012247281,28279.27122224385,30737.745382407742,28949.139762284824,29962.005262345076,30338.375322376407,29332.635202313744,31561.109362477633,30339.50374235472,23494.94372194258,30589.500702374,29222.1367223041,30314.12456238123,30345.506782335437,30646.381402337844,31351.745382407742,31268.99614240292,31903.867722424613,32519.4855024704,32664.354042511375,31671.500702373996,32018.36012247281,31282.500702373996,31963.99006244148,30782.876842366768,32176.112402458348,32494.231702494504,31281.249942378818,31610.49158243184,31853.112402458348,33357.22258255234,34519.31756274275,34363.88062313561,29519.394303048837,29411.519683046427,29095.69978269696,28982.61088246799,26908.89204227036,26018.90420219324,23270.803142041397,27082.14584224626,26133.151922207697,25990.167122111292,29428.506782335433,26901.784902157087,29173.51590227759,29754.512862296873,29914.512862296873,30209.635202313744,31166.876842366768,29177.525022219746,29603.89204227036,30348.885962308923,27618.414842125752,28782.656482178776,28902.154962188415,32587.864682443895,31827.876842366768,33337.23778245594,36284.44294274034,33628.60784248727,31920.751462369182,31681.754502349893,31639.885962308927,33264.74234242702,34008.60784248727,32409.121522400503,34159.48246248967,33029.36620243425,32765.37228239568,32924.62000241014,32178.626082371586,33270.86164246317,32246.24994237882,32478.74538240774,32521.240822436655,31462.002222364354,32671.86164246317,36172.20434266803,37841.42774283675,38606.12226318862,37190.44672350918,33676.2294033019,30810.819082733105,28665.237782455944,25801.772742234207,25025.784902157087,26723.39660224144,26368.778822195647,27703.51590227759,25851.546302084782,27631.405722183597,28148.528062200465,27702.5341421619,28805.898122231796,27545.295542089603,29315.274262224568,31133.629122352308,29245.402682202875,29667.399642222157,29830.27730220529,30294.27122224385,30617.01742226795,29993.274262224568,29371.904202193236,31092.889002289645,32687.996142402917,31450.638242294463,30236.274262224568,33441.118482419784,32056.256022340258,32686.375322376396,33555.99614240292,32973.246902398096,32316.754502349893,32510.500702373996,33085.876842366764,35356.974862537885,31544.262102301687,33356.99614240292,32975.62000241014,33001.12152240051,31992.629122352308,30409.011342306512,33147.604802506554,33079.98398248004,35130.467262586084,36680.6906627548,38642.00904311391,41928.15644376465,35471.831983444106,31300.806922810232,29450.10632249691,25864.653442198054,25334.910282154677,26859.521982239028,25546.038702132984,25887.161042149855,26215.170162092014,26560.414842125756,28097.528062200465,25435.182322014887,27897.158002169133,29257.77578221493,29433.775782214925,27493.170162092014,30047.644322255896,29644.154962188408,31120.26210230169,30359.017422267952,29445.411802145034,28938.537182142623,30120.026542210107,31036.518942258306,29633.280342186008,31777.88596230892,32241.632162333026,32351.13368232339,30546.65040221734,34286.61696242943,31120.6443222559,31114.27122224385,33706.49158243184,32839.62912235231,33993.61696242943,31065.01134230651,33055.497662393274,32983.62304239087,31602.265142282413,34281.60784248727,33747.35708249209,32464.240822436663,35356.58960260296,37935.180022822286,38956.131383130785,43498.65796375502,35786.20508345615,32222.803882829514,28669.987022460766,25046.405722183597,26325.026542210107,25644.411802145034,26329.02958219083,26531.286422147445,25690.423962067907,27101.283382166723,27907.531102181183,27279.540222123345,26865.546302084782,28414.032622171544,27386.665602120935,27761.665602120935,30259.892042270363,27819.2955420896,28405.41484212576,29044.784902157084,31237.51590227759,29777.901162212514,28471.790982118524,29455.032622171544,30035.02654221011,34379.09720255475,31233.014382287234,31602.142802265542,29766.405722183594,30920.39660224144,29656.158002169133,30683.023502229385,31620.638242294463,31392.14280226554,33347.118482419784,32105.63216233303,32114.63216233303,32775.7545023499,32459.751462369175,33418.99614240292,32626.246902398096,32577.097202554753,32840.118482419784,33064.86468244389,34987.97182255716,36120.70586265839,41175.47712331636,44863.76814384901,36080.703563465795,33626.907982962075,30121.846442559578,26730.51894225831,25014.164082130574,22161.06910194017,25119.17320207273,26143.787942137806,26596.665602120935,26454.041742113703,27700.408762164312,26114.423962067907,29075.39660224144,25705.809222002834,28847.528062200465,28273.283382166723,29471.402682202875,29153.90724217396,29840.399642222153,29851.90116221252,29214.405722183597,29021.02958219083,29631.02958219082,29048.531102181187,31771.011342306512,30403.274262224568,30607.393562260724,31264.895082251085,35271.96270261501,30812.6443222559,31762.760582311334,32368.00222236435,30561.271222243853,31896.262102301687,31136.39052228,31711.265142282416,32520.252982359532,32365.760582311334,33646.24082243666,33084.74538240774,32055.49766239328,31425.882922328205,32216.121522400506,35068.71498260055,38652.29932285844,41560.4832032778,45273.257503916495,34869.34262337662,31271.68458279336,30018.84644255958,27212.387482299284,26074.650402217336,25035.041742113703,25039.546302084782,25444.420922087193,27320.15496218842,26696.289462128167,27048.790982118524,29000.01742226795,26303.80010206068,27419.289462128167,26934.79706207996,29238.026542210107,27505.916362116113,30570.64128227518,28285.662562140213,28689.656482178776,28127.54326210406,27845.041742113703,30282.521982239028,30114.525022219743,31331.6443222559,30469.145842246264,29866.151922207693,31669.384442318562,31069.265142282413,31239.64128227518,30667.14584224626,28536.161042149855,30596.647362236617,33842.24082243666,30276.02350222939,30000.904202193233,30752.02046224867,33549.613922448705,33114.24994237882,32772.876842366764,31293.88900228964,30838.1367223041,31194.882922328205,33026.36620243425,34558.96878257644,38597.17090288013,40830.489283239236,46077.370723991204,36843.569063526054,31701.803882829514,29376.977902518607,26885.14280226554,25708.161042149855,24474.053902036576,25085.916362116113,26540.032622171544,27129.528062200465,25996.54326210406,27906.901162212518,27139.289462128167,26964.540222123345,27053.77578221493,27481.29250210888,28137.784902157087,28052.540222123345,28535.158002169133,27666.92244207755,29744.148882226975,29069.161042149855,30694.268182263128,28454.41484212575,34942.467262586084,30939.89508225108,30272.901162212514,29877.026542210107,30153.647362236614,31009.268182263128,30159.775782214925,30994.02046224867,30332.769702253492,29128.408762164312,29631.78186217637,31105.268182263128,31176.390522280002,31856.760582311334,32192.75754233061,31607.763622292056,32254.378362357125,31061.38748229928,30400.390522280002,33002.36316245353,35771.0880826126,40002.528802988585,40986.23548326334,46167.00066395987,34411.47408333565,31764.302362839153,29521.730182504143,26529.6443222559,25506.5341421619,26440.399642222157,24435.80010206068,26516.907242173955,26805.531102181187,25065.053902036576,28014.151922207697,27370.408762164312,26403.92244207755,27131.289462128167,28995.148882226975,28477.781862176365,29449.148882226975,29780.52502221975,28239.537182142623,29554.399642222157,28081.665602120935,29817.27426222457,29298.78186217637,28597.662562140213,32130.75146236918,28701.16408213057,30537.396602241435,30355.145842246264,30681.644322255903,30266.277302205286,31186.017422267952,30057.154962188415,30003.528062200465,30976.39356226072,31456.88900228964,30718.14584224626,32736.876842366768,32838.25298235953,31483.88900228964,30347.39356226072,31076.139762284824,31218.262102301687,32054.626082371586,34895.09720255475,37598.809962790954,40568.61770321755,47029.86008405869,35721.82286350195,31583.556162815054,29284.357082492097,26280.76970225349,25129.161042149855,24327.5493420655,24861.420922087193,26364.784902157087,28168.6443222559,25195.928522038987,27187.5341421619,27539.781862176365,27738.283382166723,27219.790982118524,28896.151922207697,28974.023502229385,28837.525022219746,25136.185361995602,28408.537182142623,29976.02046224867,29788.775782214925,29766.277302205286,29365.901162212518,29849.772742234207,29881.772742234207,30390.647362236617,30019.151922207697,30013.650402217336,30396.77274223421,31197.390522280002,30964.01742226795,29931.772742234207,30137.151922207697,28640.79402209924,30053.650402217332,31867.008302325794,30926.265142282413,30205.52806220046,32298.754502349897,31509.26210230169,32076.005262345076,30517.644322255903,29980.01742226795,32961.109362477626,34019.98398248004,37094.944462730695,41959.47408333565,47509.355524087616,35610.07362349713,31553.302362839157,29922.09720255476,26460.139762284824,25178.787942137806,26081.026542210107,25366.916362116113,26724.653442198054,27844.39660224144,27172.035662152266,27243.5341421619,29461.375322376407,29011.51590227759,29988.259062320976,28581.026542210107,28232.158002169133,28908.528062200465,29937.39660224144,30909.26210230169,28745.408762164312,29299.653442198058,30906.88900228964,30592.638242294463,29621.77882219564,29236.03566215226,30236.64736223662,29874.52806220047,29553.280342186008,32573.357082492093,31671.387482299288,29823.787942137802,30887.515902277588,30896.13976228482,31322.01438228723,31796.638242294463,31291.51590227759,31708.136722304105,31158.13976228482,31353.760582311337,30684.393562260724,31748.13064234267,31556.75754233062,35395.84036259814,37722.06072278613,40804.61770321755,44597.76814384901,34081.84414336698,31274.180022822286,24063.161042149855,27517.005262345076,26237.51590227759,24837.665602120935,25477.910282154677,26037.656482178776,27368.898122231796,26836.283382166723,27231.405722183597,26814.913322135395,27600.15496218842,26485.54326210406,27258.414842125756,29151.64128227518,28194.280342186004,29284.521982239028,29668.39660224144,28850.781862176365,30410.26210230169,29337.026542210107,30492.6443222559,28684.531102181187,30431.620002410153,30236.39660224144,30393.399642222157,30741.14280226554,30204.525022219746,32406.50374235472,32638.12456238123,30234.14584224626,30538.39356226072,26680.80010206068,30056.148882226975,31840.25906232098,29710.775782214932,29508.405722183594,30398.525022219746,30962.889002289638,31285.506782335433,30874.387482299284,31761.613922448712,33529.109362477626,38121.68458279336,39651.382143125964,47197.35856406833,34609.46496339349,30804.56224277649,30090.088082612598,26124.51590227759,26274.89508225108,24964.662562140213,24115.298582070318,24375.806182022116,24575.787942137806,26154.916362116113,25904.54326210406,26559.035662152266,25370.92548205827,27341.784902157087,27063.537182142623,28208.90420219324,28135.405722183597,28667.402682202875,29369.898122231796,29700.89508225108,29176.148882226975,30205.390522280002,29872.268182263128,30630.01134230651,29833.145842246264,29987.148882226975,29830.02350222939,30315.769702253485,31261.638242294466,31651.632162333022,33543.61696242943,30902.39356226072,32183.13064234267,28398.16712211129,29918.525022219746,31588.509822316155,29969.77578221493,29543.15496218841,29205.910282154673,30638.518942258313,28795.29250210888,29931.898122231793,30760.008302325798,31697.626082371582,33317.488542451116,37336.06376276685,41575.23244328262,46355.12300397675,34757.83806340554,30079.9444627307,29992.33580262706,28228.861642463176,26337.757542330615,25658.148882226975,25202.5341421619,25351.790982118524,25716.286422147445,24569.803142041397,25410.04478209442,25813.668642101653,27374.280342186008,27590.781862176365,28072.151922207697,28513.14280226554,23630.94372194258,30179.509822316155,29892.26210230169,29328.76970225349,29606.39356226072,28347.656482178776,29856.76666227277,30410.635202313744,29543.901162212518,30300.641282275184,30561.51590227759,31392.38444231857,31918.629122352308,30978.885962308923,31010.390522280002,31201.008302325794,31134.64128227518,31205.632162333026,31341.136722304098,30636.89204227036,29416.907242173955,31161.763622292052,31589.757542330615,30586.14280226554,29672.151922207697,29849.521982239028,31205.632162333026,30297.014382287234,34666.22258255234,37994.809962790954,40427.49232321995,43924.89656382731,34018.471043354926,29956.060722786133,29458.341882588502,26745.256022340254,26591.635202313744,24249.04478209442,27021.763622292052,25391.665602120935,24929.659522159494,26130.662562140213,26152.164082130574,25656.546302084782,27476.402682202875,26436.916362116113,27508.283382166723,27689.659522159494,29531.01742226795,28397.399642222157,29549.64128227518,29912.638242294463,28893.525022219746,30912.005262345076,29092.274262224568,29464.525022219746,30542.1367223041,31299.50374235472,29456.28338216672,31263.25906232098,32233.372282395685,32124.754502349893,31707.37836235713,30914.51590227759,29972.14584224626,30627.14280226554,31640.381402337844,30738.766662272767,29995.52502221975,29709.029582190826,30068.775782214925,30295.145842246257,29792.76970225349,30796.757542330615,31072.50374235472,32447.372282395685,36980.43990275962,40471.36390324165,43981.01890384419,32927.23852324406,30124.4368627789,29707.085042631883,26642.25298235954,24669.531102181187,25656.387482299284,23423.04782207514,25394.158002169133,24989.29250210888,25019.295542089603,25812.787942137806,25865.41788210647,26815.158002169133,26539.164082130574,27909.399642222157,27122.032622171544,22320.705121870273,27666.781862176365,28918.268182263128,28966.274262224568,28769.77578221493,29267.772742234207,28044.537182142623,28979.901162212518,29412.51894225831,29567.02046224867,31036.259062320973,31584.256022340254,31438.760582311334,32060.37836235713,30583.638242294463,32869.36924241497,31384.259062320973,30556.892042270363,29893.650402217336,30665.64128227518,26669.170162092014,30944.638242294463,29863.14888222697,29548.525022219746,30292.268182263128,29711.268182263128,31495.252982359532,34463.34492256922,35456.20434266803,39161.25372314765,44314.64580383213,33698.850223328416,29785.31148278131,29085.71498260055,25974.760582311334,25055.77578221493,23552.916362116113,24009.04478209442,25288.653442198054,24520.67168208237,26651.51894225831,25688.537182142623,24094.558462007655,26271.537182142623,28125.51590227759,26784.778822195647,26246.54326210406,26984.662562140213,27222.286422147445,27315.910282154677,29322.01742226795,28835.27122224385,28888.650402217336,28488.653442198054,29268.647362236617,30337.635202313744,29774.89508225108,30267.892042270363,32207.37228239569,31128.635202313744,32151.49766239328,31760.127602361947,32121.87684236676,30384.014382287234,30691.01742226795,31249.1367223041,30919.638242294463,29390.89508225108,29592.901162212514,30177.271222243853,29974.01742226795,29047.405722183597,30932.760582311334,32186.494622412556,33197.48246248969,37638.68458279336,38571.51056310427,44705.63668388998,31802.623783178984,29276.32060272347,27265.990062441484,23423.283382166723,22532.298582070318,23822.289462128167,25110.525022219746,24444.784902157087,23679.307702012477,24933.54326210406,25882.90420219324,24543.806182022116,26576.781862176365,24925.55238204622,26892.280342186008,26021.91940209683,27278.158002169133,25672.17624205345,27648.656482178776,27603.035662152266,27816.035662152266,30547.249942378818,30204.763622292052,28635.525022219746,29110.525022219746,29082.901162212518,30396.011342306512,29937.01742226795,25097.686881985963,31257.506782335437,31034.384442318562,31215.011342306516,31956.124562381225,30907.512862296873,31282.882922328205,30143.772742234207,30548.142802265542,29698.39964222216,30159.39356226072,29677.650402217336,28385.286422147445,30018.6443222559,29223.023502229385,30775.757542330615,33280.48246248968,35271.5804826608,37212.65418298618,42115.04018370922,32282.360863260932,30748.66634290905,27725.736262465587,25122.635202313744,22357.050862055858,23576.540222123345,23322.92244207755,23305.050862055858,24586.167122111292,23273.93764198114,23776.307702012477,24080.934602000423,24903.17624205345,24994.170162092014,25772.91940209683,25872.280342186008,27207.531102181187,26615.790982118524,27102.286422147445,28106.402682202875,27253.289462128167,27777.5341421619,27749.158002169133,26425.304662031755,28111.5341421619,29400.27122224385,30308.885962308923,29478.399642222157,29270.650402217336,29744.02350222939,30536.889002289645,30295.39356226072,30809.26210230169,31502.37836235713,30718.51590227759,31278.882922328205,30672.136722304098,31270.38140233784,29215.402682202875,28503.286422147445,28927.280342186008,29052.901162212518,30569.635202313744,29694.76970225349,31819.49158243184,34870.83124265598,39050.002963152474,42299.78638373333,31451.75220315729,29573.681542812643,25745.629122352308,23564.784902157087,23520.5341421619,23452.405722183597,21893.439161971502,23683.17320207273,22270.19144195704,23365.934602000423,23819.680802024526,24149.55238204622,24610.928522038987,25260.79706207996,24626.931562019705,25934.041742113703,25513.92548205827,26423.29250210888,26665.29250210888,26849.913322135395,26934.794022099242,24987.439161971502,28209.405722183597,28170.531102181187,29262.89508225108,29757.88900228964,29167.650402217336,24099.44524193294,30379.26514228241,30408.01742226795,30159.76666227277,29808.02046224867,29517.148882226975,30197.14280226554,31138.50982231615,30716.011342306512,29280.904202193233,28657.90420219324,28242.411802145034,28694.531102181187,29080.77578221493,29521.89508225108,29025.39660224144,32770.23474247522,34915.693702735516,38811.25372314765,38843.954323460974,31864.36694322237,28395.57136271865,24362.51894225831,21580.059981998013,21972.803142041397,21416.68992196668,20843.448281913657,22062.68992196668,22326.19144195704,22935.686881985963,23513.31074199319,23960.307702012477,23995.31074199319,25116.041742113703,24411.307702012477,24805.053902036576,25607.92244207755,26505.035662152266,26137.170162092014,25185.931562019705,27548.032622171544,27769.781862176365,28183.280342186008,28198.15496218842,27538.295542089603,28492.277302205286,28217.907242173955,28284.158002169133,30053.265142282413,30710.885962308923,30738.259062320976,28728.781862176365,30339.638242294463,29646.647362236617,30074.89508225108,31929.99614240292,29048.148882226975,24429.06606195945,29743.27122224385,28303.032622171544,28822.778822195647,29427.268182263128,28841.76666227277,30653.876842366768,31955.98702246076,33396.46118262465,36933.64810302474,40136.56298356461,29693.271963031966,26299.72106256199,27063.855562501736,20896.686881985963,21080.934602000423,20214.07822188233,21123.322901916068,20708.5827818534,21172.07822188233,23331.931562019705,22632.683842005245,24805.54326210406,24520.79706207996,24085.307702012477,27558.26210230169,23968.063021978734,25076.928522038987,25217.050862055858,24963.806182022116,25294.053902036576,26270.5493420655,26759.790982118524,27084.041742113703,26553.423962067907,28580.77578221493,27395.790982118524,28430.907242173955,28782.653442198054,29032.402682202875,29255.026542210107,28535.77578221493,29628.647362236617,29070.901162212518,28929.02958219083,28690.781862176365,28996.026542210107,29611.6443222559,28759.528062200465,28702.781862176365,26765.29250210888,29707.39660224144,27689.662562140213,28381.650402217336,28803.6443222559,29626.757542330615,32858.595682564395,36229.64810302474,40266.180763610406,29899.394303048837,25245.4855024704,24098.14280226554,20527.686881985963,19816.19448193776,19443.5827818534,20466.075181901608,21248.316821954628,22235.188401976324,22333.561501988373,22959.185361995602,22720.06910194017,23497.812261983552,23433.313781973913,23476.439161971502,22835.82442190643,25365.928522038987,26316.540222123345,25609.050862055858,27654.023502229385,26117.420922087193,26739.167122111292,27560.656482178776,27277.790982118524,27391.790982118524,27126.04478209442,28528.656482178776,29227.268182263128,29333.647362236617,27110.662562140213,28334.537182142623,30363.1367223041,29328.27122224385,29393.898122231796,28910.402682202875,29307.27730220529,29602.898122231796,28182.408762164312,28672.15496218842,25500.931562019705,28054.408762164312,28339.277302205286,27269.659522159494,28732.51590227759,28058.148882226975,33903.07592268973,37218.63290312114,40513.80462361764,28902.65114300546,25987.344922569217,23476.014382287234,20210.81530196427,19309.830501867866,19867.451321894376,19159.09342178592,20116.454361875098,20977.827461887147,22825.059981998013,23253.680802024526,22509.696001928118,22024.95284188474,23858.555422026937,24579.053902036576,24409.433082010066,24120.686881985963,24777.928522038987,24940.677762043808,24225.93764198114,25840.04782207514,26452.170162092014,24795.19144195704,28203.653442198054,25619.80010206068,28928.39660224144,28313.907242173955,29421.02046224867,30520.889002289645,28988.151922207697,29696.525022219743,29735.898122231796,29058.525022219746,29694.647362236617,28931.03262217154,27825.665602120935,29172.650402217336,28346.784902157087,27779.540222123345,30538.375322376407,28258.65952215949,28190.15496218842,28426.39660224144,28445.14584224626,30632.24386241738,33989.44598272105,37404.50144316211,40925.293983685115,28573.898863019916,23574.50374235472,22732.778822195647,19490.57062193053,19263.20360187992,20713.561501988373,20230.19448193776,20222.955881865455,21057.82442190643,23863.662562140213,21803.93764198114,23524.182322014887,22866.19144195704,22240.82442190643,22811.31986193535,23615.31074199319,24878.30162205104,25145.298582070318,24769.677762043808,25659.298582070318,25347.80010206068,26490.662562140213,26296.29250210888,27237.659522159494,28257.402682202875,28772.14584224626,28763.77578221493,29408.51894225831,30692.882922328205,28428.656482178776,29674.27122224385,28892.029582190826,29457.65344219805,29550.525022219743,29826.51590227759,28275.161042149855,29712.27122224385,27847.408762164312,27854.164082130574,28184.035662152266,29460.39356226072,27471.781862176365,28883.64128227518,31373.86468244389,35067.55616281505,37300.87454317416,41026.04626367066,25416.935342788543,23638.864682443895,21449.038702132984,20129.436121990784,18963.95284188474,18269.084301843766,20073.827461887147,19304.836581829306,20939.075181901608,20324.084301843766,21623.821381925707,22150.19448193776,23899.665602120935,23772.806182022116,23234.812261983552,23761.561501988373,24945.546302084782,23378.93764198114,24798.67472206309,24476.928522038987,24894.803142041397,25401.67168208237,25647.665602120935,25762.29250210888,26761.161042149855,27256.656482178776,27308.781862176365,29255.512862296873,27894.6443222559,28942.268182263128,29373.390522280002,28053.907242173955,30249.760582311334,28337.15496218842,28048.408762164312,29537.14280226554,29208.14280226554,29247.76666227277,27977.910282154677,28926.399642222157,28900.023502229385,28746.39356226072,27088.537182142623,29582.127602361947,30484.742342427024,31102.977902518604,36779.25068316693,39523.7985436562,24904.054642824696,22938.861642463176,20605.295542089603,18770.699041908836,18776.07822188233,18961.702081889554,19511.32898187751,19244.958921846177,20461.946761923296,19270.833541848588,20993.322901916068,20700.07822188233,21012.94980190402,22385.812261983552,23176.683842005245,23178.555422026937,24182.67168208237,24403.80010206068,26640.259062320976,24500.79706207996,24604.41788210647,25358.662562140213,25052.91940209683,26942.277302205286,26541.286422147445,27005.778822195647,27754.76970225349,27721.39660224144,28424.88900228964,27299.778822195647,28086.27122224385,27986.521982239028,27961.14280226554,28691.76666227277,28112.772742234207,28503.390522280002,30029.12152240051,29473.629122352308,28276.390522280002,28235.76666227277,27491.76970225349,27868.64128227518,28334.005262345076,30988.34796254994,30509.708902639108,33385.77044304161,33301.59034339108,21008.724102542707,19389.15496218842,18027.056942017298,17374.705121870276,16101.215761802794,15959.854821713614,17052.699041908836,20336.41788210647,18521.830501867866,20232.420922087193,20522.812261983552,21534.41788210647,20751.806182022116,21493.79706207996,22898.27122224385,21400.931562019705,22886.158002169133,22426.558462007655,24237.02046224867,22496.794022099242,24669.133682323387,22821.289462128167,26131.977902518607,23998.910282154677,26486.259062320976,26095.76970225349,25229.778822195647,24523.164082130574,26499.987022460766,25709.647362236617,26662.26210230169,25327.15496218842,26577.885962308923,25871.653442198054,25962.89508225108,24887.907242173955,26559.763622292052,26007.763622292052,24893.402682202875,25440.6443222559,24957.650402217336,26873.62608237159,25396.390522280002,26365.733222484865,28548.586562622244,26953.974862537885,26158.458142643933,26848.403422990996,28153.183803591128,27487.082743439285,30060.303103627273,28738.46192341277,28467.581223448924,23475.072882709006,24990.15570297653,33183.54778366102,31241.474083335645,31278.596423352516,28665.01816305607,29792.868463212726,34939.41328372127,31075.62074319827,30431.385183106682,31928.36694322237,32643.98776324888,33125.360863260925,31869.62986314042,34192.47408333565,37305.30310362728,37630.54778366102,36071.20204347544,37157.324383492305,38634.56298356461,34186.49536320067,33705.62074319826,37645.0675435357,36022.59946333323,40325.53258375742,35357.73396327298,38585.31222356943,38244.69748350436,36318.34262337662,41287.90264378875,35416.23244328262,40303.24534399362,30288.528802988585,36172.72484333083,44027.50218395023,43227.38896387552,40873.287903723685,29640.424702856028,29062.186102783722,32054.64810302474,30296.281082974125,27426.161782937976,50528.23392485887
42,28503.632090184663,17419.259183023212,23682.027098142433,26970.733218389953,29634.257045091937,30678.803925728524,27873.265957558826,30221.154371351873,30873.649915118433,33019.2905570282,30987.85526259856,29695.579207779854,30165.29424049426,30564.177425286474,34025.45870910602,33462.664056586145,36038.515274976875,31877.088893014123,33995.80915472936,31236.37386029972,37709.03910167886,37302.01081874343,37662.04801414575,32803.37386029972,38714.35235189989,41044.78764632953,39248.54878691314,40430.52573297854,40501.27796109526,37627.01081874343,40763.708026524066,41068.605352784,40116.19834128979,37983.97362334112,40173.97885234195,36787.1134924835,44772.69543059112,38520.600123783166,44477.222940759166,45084.003451811324,42205.18051635602,41854.37695136927,39600.91860300503,33775.02496021115,26148.4906755075,33739.614265250886,13422.431018567082,6184.960666666405,13231.229354553008,17642.730127320396,19702.59025817801,21376.684019451193,22176.81497612669,20767.93179133447,20274.954845269072,21825.51586737338,23802.390139698713,24332.33880282868,25667.483900971893,22698.530008841095,25426.221987620895,26906.147596816263,25929.44670556957,28071.175879751696,25384.45561803646,25025.50695490649,25485.87154199755,26997.848488062948,28068.811292660634,27430.666194517416,26275.857400529836,26637.404281166422,25615.908737399866,28214.161738283976,26332.586574711953,26796.08211847851,26458.754726789768,25778.6751069843,26559.50695490649,28020.474988505004,26275.922878867583,27102.60071617967,25956.922878867583,25199.960074269904,24384.165421750033,27781.21307515401,24488.34771529556,24596.829117594403,23927.47867197106,24193.193704685465,23542.66096551659,20321.684019451193,14850.841713527345,25150.40214323515,16876.436247567915,18857.08580194457,22447.763639256656,23512.47867197106,22999.02032360682,23749.81497612669,25022.36185676328,23854.56720424341,25673.47867197106,26428.091030945398,25830.646824048872,27497.338802828675,26445.427335101027,27165.091030945398,28740.535237841923,30528.811292660634,32703.751043323715,32301.582891245896,28799.067977010796,27764.142367815428,30172.51218390732,29062.053835543084,30832.99358620616,30212.133455348547,28793.105172413114,29126.937020335303,29723.43256410186,29654.170650750864,31408.344031829507,29654.00249867305,29749.23612908861,29970.600716179673,30919.43256410186,30135.184792218577,29954.951161803016,31094.51218390732,29551.11931388083,28903.45561803646,30748.87677099838,29766.48390097189,30185.016640140762,28203.857400529836,28945.067977010796,31552.138684349375,30484.400597700373,23980.09625994623,21525.381227231825,24049.802380193752,28439.64836958365,28532.512183907318,26951.857400529836,25672.11408488,25500.34771529556,24709.305290892415,24897.305290892415,26174.698160918906,28174.27332449093,27780.361856763277,28377.091030945398,28580.857400529836,27689.47867197106,31421.147596816263,28297.2450415555,30663.301607426358,28910.259183023212,29991.33880282868,30361.82020512752,29388.857400529836,31771.913966400698,30317.871541997552,23497.846942528176,30658.937020335303,29381.32466136096,30512.586574711953,30395.806063659802,30547.68924845202,31513.301607426358,31458.535237841923,31960.483900971893,32586.264412024044,32841.27855349176,31801.9370203353,32154.147596816263,31318.937020335303,32043.66619451742,30818.287465958645,32141.84848806295,32753.09625994623,31292.703389919738,31690.133455348547,32127.84848806295,33751.29269495948,34656.06429354474,34636.02341467637,29584.228762156505,29449.34557736429,29371.283782492592,28937.381227231825,27009.9600742699,26185.698160918906,23212.057519009137,27222.128226347715,26383.997269672218,26036.669877983477,29610.806063659802,26892.450389035628,29256.609628646554,29848.675106984305,29693.675106984305,30479.857400529836,31102.287465958645,29247.413193633307,29669.960074269904,30263.091030945398,27681.968986736785,28812.399052165594,29017.93179133447,32588.54937930964,31863.28746595865,33401.96530327073,36065.18110875252,33709.44670556957,32050.170650750864,32029.105172413114,31886.091030945394,33332.36708576411,34196.44670556957,32571.6520530497,34498.32989036179,33301.01664014076,32895.88568346527,32691.184792218577,32359.053835543087,33320.614857647386,32392.703389919738,32869.30160742636,32407.899824932978,31532.404281166422,32744.614857647382,36312.685564985964,37940.50850044127,38613.45348010518,37461.91705747025,33816.96316533945,30673.53155437587,28940.965303270732,25897.712302386622,25107.450389035628,26918.361856763277,26723.581345711125,27798.609628646554,25950.954845269072,27577.165421750033,28061.34771529556,27700.216758620067,28902.829117594403,27422.721214853507,29283.17956321775,31155.98835720533,29384.230900087783,29598.29637842553,30021.11408488,30430.245041555503,30670.076889477685,30138.179563217753,29679.698160918906,31100.02555260765,32841.53523784192,31453.79192219209,30248.17956321775,33505.717531387454,32298.57243324424,32759.82020512752,33585.53523784192,33038.76886825749,32464.105172413114,32791.9370203353,33182.287465958645,35651.99358620617,31614.441476568743,33413.53523784192,33028.18479221858,33017.65205304971,32144.988357205326,30560.20784615318,33436.512183907325,33251.79715119292,35279.65728205053,36953.48021750583,38735.0747515464,41954.53464544542,35612.07106808035,31313.793467726864,29577.97944473845,26117.46453050334,25565.56720424341,26756.478671971057,25538.618541113443,26081.80083465897,26192.604399645727,26694.968986736785,28249.34771529556,25542.342486294732,27903.86631299672,29421.646824048876,29545.646824048872,27640.604399645727,30086.660965516592,29763.931791334475,31196.441476568743,30367.076889477685,29487.034465074536,29203.151280282316,30253.880454464437,31023.544150308804,29752.048606542256,31825.091030945398,32352.92287886758,32415.39013969871,30651.530008841095,34427.250270556324,31082.66096551659,31153.2450415555,33749.13345534854,32956.98835720534,34106.250270556324,31033.20784615318,32990.00249867305,33331.11931388083,31642.375998230997,34431.44670556957,33765.21307515401,32613.89982493298,35680.83957559607,38209.20939168795,39023.25704509193,43452.00190627655,36159.48699204144,32434.858946064607,28842.731672855167,25201.165421750033,26442.880454464437,25631.034465074532,26422.81497612669,26594.91764986675,25898.772551723538,27050.9831282045,28027.282236957813,27382.085801944566,27021.954845269072,28558.74949778894,27262.202617152347,27971.202617152347,30293.960074269904,27960.72121485351,28598.968986736785,29186.450389035628,31314.609628646554,30129.763639256656,28649.31943236013,29347.749497788944,30110.880454464437,34570.175879751696,31215.142367815428,31768.193704685465,29920.165421750033,30938.361856763277,29749.866312996724,30851.945932802184,31703.79192219209,31399.193704685462,33411.717531387454,32267.92287886758,32267.92287886758,32591.105172413114,32594.170650750864,33399.53523784192,32641.768868257488,32745.175879751692,32994.717531387454,33166.54937930964,34978.05906454391,36229.15282581709,41358.26227409276,45124.446113173064,35934.01973121032,33511.43410963663,30194.94224933613,26896.544150308808,25074.735356321224,22124.963757735957,25065.538921307976,26431.384910697878,26778.202617152347,26531.553062775696,27700.099943412282,26286.772551723538,29232.36185676328,25663.92656233364,29112.34771529556,28364.9831282045,29467.23090008778,29338.632682581163,29928.296378425526,29835.763639256656,28956.165421750033,29173.814976126683,29772.814976126687,29106.28223695781,31869.207846153182,30540.179563217745,30853.427335101027,31195.894595932157,35415.25549955716,30950.66096551659,31830.974215737617,32643.404281166426,30547.2450415555,32006.441476568743,31293.49281343877,31741.37599823099,32599.637911581995,32321.974215737613,33829.89982493298,32995.30160742636,32230.00249867305,31534.156509283148,32289.652053049707,35324.95639080384,38608.457163571235,41769.13131741727,45211.17528735519,34771.341893898236,31427.611174181333,30156.94224933613,27407.55829177652,26103.53000884109,25169.553062775696,25146.954845269072,25561.838030061288,27394.93179133447,26992.852171529004,27084.31943236013,29200.076889477685,26425.122997346883,27582.852171529004,27032.188475684634,29065.880454464437,27672.43624756791,30710.72644385434,28372.2680954901,29009.399052165594,28175.020323606823,27854.553062775693,30285.47867197106,30061.41319363331,31243.66096551659,30511.128226347715,30084.997269672218,31650.62377011427,31111.375998230993,31282.726443854335,30530.12822634771,28755.800834658967,30547.59548717884,33955.89982493298,30498.945932802188,30110.698160918906,30764.011411139938,33733.31574889408,33091.70338991974,32870.287465958645,31718.025552607647,30964.32466136096,31202.15650928315,33217.01664014076,34818.12454288166,38729.4058267012,41037.000360741775,45956.554015913964,36681.099351015786,31783.858946064607,29691.928107868414,27137.193704685465,25602.80083465897,24438.2911494247,25404.43624756791,26642.74949778894,27252.34771529556,26121.02032360682,27913.763639256656,27177.852171529004,27154.085801944566,27034.646824048872,27644.786693191258,27990.450389035628,28088.085801944566,28708.86631299672,27733.30529089242,29641.062748009965,29017.80083465897,30793.31051989325,28695.96898673679,35298.65728205053,31181.894595932154,30283.763639256656,29976.880454464434,30299.595487178845,31094.310519893243,30311.64682404888,31139.011411139938,30375.777780724376,29188.09994341229,29685.51586737338,31061.31051989325,31124.492813438774,32116.974215737617,32354.039694075367,31638.908737399874,32324.754726789775,31058.55829177652,30657.492813438774,33045.082118478516,35728.372314764936,40186.14914235104,41185.83220866396,46322.07261361512,34472.327752430516,31739.391685233488,29494.628999115102,26589.66096551659,25597.216758620067,26575.296378425526,24529.122997346883,26624.63268258116,27139.282236957813,25325.2911494247,28174.997269672218,27455.099943412282,26431.305290892415,27033.852171529004,29310.062748009965,28643.51586737338,29593.062748009965,29907.413193633307,28414.151280282313,29515.296378425533,28046.202617152347,29861.17956321775,29426.51586737338,28507.268095490093,32273.17065075086,28869.735356321224,30597.361856763284,30641.12822634771,30621.660965516585,30330.11408488,31342.07688947768,30037.931791334468,29979.347715295564,31009.42733510103,31643.025552607654,30796.128226347715,33046.287465958645,33048.63791158199,31542.025552607654,30823.427335101027,31091.25918302321,31264.441476568747,32021.053835543087,35273.175879751696,37697.72798938911,40717.051697611794,47208.28319009609,35814.26750309359,31572.559837311303,29472.21307515401,26682.777780724373,25117.80083465897,24521.88936693132,24899.838030061288,26591.450389035628,28153.66096551659,25356.174334216917,27186.216758620067,27548.51586737338,27671.9831282045,27504.31943236013,28874.997269672218,29205.945932802184,29088.41319363331,25353.277007956982,28491.151280282316,30037.011411139938,29729.646824048876,30100.11408488,29378.763639256653,30026.712302386622,29972.71230238662,30809.59548717884,30049.99726967222,30056.5300088411,30318.712302386622,31331.492813438774,31075.07688947769,29986.712302386622,30188.997269672218,28724.253954022388,30182.530008841095,32095.273324490932,31055.375998230993,30220.34771529556,32641.105172413114,31680.441476568743,32089.338802828675,30619.66096551659,30293.076889477685,33056.9139664007,34288.79715119292,37380.64836958365,42123.327752430516,47583.881407602705,35770.50113350916,31632.39168523349,29932.175879751692,26578.259183023212,25223.384910697878,26366.880454464437,25623.43624756791,26910.46453050334,28052.361856763277,27284.68401945119,27462.216758620067,29488.82020512752,29177.609628646554,30231.506954906494,28679.880454464437,28265.86631299672,29003.34771529556,29924.36185676328,30914.441476568743,28736.099943412282,29409.46453050334,31193.025552607654,30932.79192219209,29848.581345711125,29297.684019451186,30362.595487178838,30017.347715295557,29587.048606542256,32617.21307515401,31769.558291776528,30099.384910697878,30937.609628646554,30952.259183023216,31419.142367815435,31864.791922192093,31327.609628646554,31773.324661360963,31349.259183023212,31420.974215737613,30648.42733510103,31698.455618036463,31420.039694075367,35566.07320601163,37779.96161980467,41066.051697611794,44836.446113173064,34182.80915472936,31335.20939168796,24238.80083465897,27654.338802828675,26286.609628646554,24907.202617152347,25588.56720424341,26302.399052165594,27524.829117594403,26752.9831282045,27352.165421750033,27016.50172590566,27733.93179133447,26609.02032360682,27157.968986736785,29615.726443854335,28262.048606542252,29529.47867197106,29412.36185676328,28682.51586737338,30314.441476568743,29393.880454464437,30539.66096551659,28835.282236957813,30406.184792218577,30415.361856763277,30302.29637842553,30813.19370468547,30314.41319363331,32600.871541997556,32625.586574711957,30250.12822634772,30701.427335101023,26833.122997346883,30373.06274800996,31935.506954906494,29909.64682404888,29552.165421750033,30411.41319363331,31074.025552607647,31423.8060636598,30910.558291776528,31923.315748894078,33807.913966400694,38342.61117418134,39868.4906755075,47267.81592926496,34506.52418744376,30815.4288806358,30247.37231476494,25993.609628646554,26344.894595932154,25055.268095490097,24241.655736515757,24382.99204067139,24598.384910697878,26145.43624756791,25946.02032360682,26709.68401945119,25465.239812554664,27307.450389035628,27296.151280282313,28350.698160918906,28427.165421750033,28726.23090008778,29304.829117594403,29742.894595932154,29209.062748009965,30491.492813438774,30054.310519893243,30618.20784615318,30014.128226347715,30062.062748009965,29852.945932802188,30467.777780724373,31282.79192219209,31626.92287886758,33572.250270556324,30956.42733510103,32213.455618036463,28445.66987798348,30173.41319363331,31593.740585322055,30012.646824048876,29865.931791334468,29381.56720424341,30835.544150308804,28862.78669319126,29987.8291175944,30696.27332449093,31744.053835543087,33406.19893368629,37390.896141466925,41602.89768700171,46483.25490716065,34748.94011140485,30131.64836958365,29973.67142351825,28205.614857647386,26509.039694075367,25614.062748009965,25235.216758620067,25419.31943236013,25838.91764986675,24550.057519009137,25291.487584437946,26071.1371388146,27365.048606542252,27602.51586737338,28132.997269672218,28671.193704685465,23847.846942528176,30356.740585322055,29887.441476568743,29376.777780724373,29621.427335101027,28584.399052165594,29929.843259062123,30591.857400529836,29792.763639256656,30210.726443854335,30757.609628646558,31579.62377011427,31734.988357205326,31082.091030945398,31155.492813438774,31342.27332449093,31256.726443854343,31297.922878867583,31504.324661360955,30772.960074269904,29396.63268258116,31386.90873739987,31843.039694075364,30516.193704685465,29899.99726967222,30064.478671971057,31425.92287886758,30543.14236781543,34870.29269495948,37987.72798938911,40550.93488240402,44179.4974500431,33821.39323076827,30055.96161980468,29535.540466842755,26754.57243324424,26548.857400529836,24335.487584437946,27242.908737399866,25624.202617152347,24950.333573827847,26251.268095490097,26222.735356321224,25654.95484526907,27584.23090008778,26627.43624756791,27527.9831282045,27587.333573827847,29460.076889477685,28575.296378425526,29666.726443854335,30062.79192219209,28957.413193633314,30966.33880282868,29043.17956321775,29529.41319363331,30818.32466136096,31647.871541997545,29439.98312820451,31202.506954906494,32337.885683465272,31927.10517241311,31881.75472678977,31070.609628646554,30038.12822634771,30720.193704685465,31715.68924845202,31110.843259062123,29990.41319363331,29882.814976126687,30088.646824048876,30385.128226347715,29727.777780724373,30929.039694075367,31284.871541997552,32786.88568346527,37170.24658709027,40574.88354553399,44381.679743588626,32857.76673032621,30451.31206542802,29794.437793102687,26671.637911581987,24792.282236957813,25803.55829177652,23523.422106100195,25477.86631299672,25016.786693191258,24954.721214853507,26102.384910697878,25799.90350839904,26969.86631299672,26647.735356321224,27930.296378425526,27451.74949778894,22362.351398761617,27893.51586737338,29116.310519893246,28934.17956321775,28805.646824048876,29387.712302386622,28032.151280282313,29149.763639256656,29373.544150308808,29629.011411139934,31137.506954906497,31604.572433244237,31401.974215737617,32206.754726789768,30690.791922192093,32983.951161803016,31589.506954906494,30604.9600742699,29914.53000884109,30854.72644385433,26707.604399645727,31051.79192219209,29854.06274800997,29630.413193633314,30282.310519893243,29860.310519893246,31467.637911581987,34402.474988505004,35547.685564985964,39272.439338637465,44429.26381962754,33732.678198053865,30027.19525022024,29240.956390803847,26130.974215737617,25034.646824048872,23579.436247567915,23925.487584437946,25491.46453050334,24716.071660476853,26641.544150308808,25725.151280282316,24250.692931918074,26301.151280282313,28082.609628646554,26897.581345711125,26284.02032360682,26860.268095490097,27426.91764986675,27416.56720424341,29417.07688947768,28949.2450415555,28966.530008841095,28548.46453050334,29259.59548717884,30446.857400529836,29806.894595932154,30247.960074269904,32056.88568346527,31134.857400529832,32502.002498673053,31842.521096374207,32226.287465958645,30373.142367815428,30620.07688947769,31343.324661360963,31201.791922192086,29469.894595932154,29614.763639256656,30440.2450415555,29984.076889477685,29141.165421750033,31144.974215737617,32253.067977010796,33546.3298903618,37576.61117418134,38844.54201237753,45060.460254640784,31799.92074093631,29499.998815206993,27401.66619451742,23359.983128204505,22489.655736515757,23888.852171529004,25325.413193633307,24472.450389035628,23636.459301502513,24992.02032360682,25968.698160918906,24539.99204067139,26669.51586737338,25043.82388859357,27014.048606542252,26103.370769230165,27399.86631299672,25825.47344297023,27686.399052165594,27844.68401945119,27749.68401945119,30860.703389919738,30266.90873739987,28796.41319363331,29112.41319363331,29117.763639256656,30442.20784615318,30098.076889477685,25093.74426878811,31537.8060636598,31001.623770114275,31259.207846153175,32022.586574711957,31155.6751069843,31312.156509283148,30229.71230238662,30573.193704685465,29704.29637842553,30356.427335101027,29696.5300088411,28588.91764986675,30155.660965516592,29311.945932802184,30710.039694075367,33507.3298903618,35447.036010609314,37434.26595755882,42073.22139522439,32462.94902387174,31304.004044207824,27620.4980424396,25303.857400529836,22363.35662776245,23670.085801944566,23395.305290892415,23389.35662776245,24721.669877983477,23270.97789920367,23777.459301502513,24276.04337754142,25141.47344297023,25250.604399645727,25775.370769230165,26036.048606542252,27250.282236957813,26716.31943236013,27235.91764986675,28368.23090008778,27408.852171529004,27858.216758620067,27771.86631299672,26651.524779840263,28341.216758620067,29536.2450415555,30379.091030945398,29573.29637842553,29345.530008841095,29956.94593280218,30846.025552607654,30392.42733510103,31144.441476568743,31566.75472678977,30818.609628646554,31576.15650928315,30934.324661360963,31435.68924845202,29237.23090008778,28476.91764986675,28926.048606542252,29253.763639256656,30891.857400529836,29748.777780724373,32104.133455348547,35003.269641024875,39130.2057082219,42410.053243146576,31577.972077806342,29690.676652519083,25910.98835720533,23617.450389035628,23652.216758620067,23878.165421750033,21949.445160034797,23904.538921307976,22358.14605128149,23489.04337754142,23962.875225463606,24117.82388859357,24590.174334216917,25425.188475684634,24805.10885587917,25910.553062775696,25670.239812554664,26534.786693191258,26444.786693191258,26985.50172590566,26995.253954022384,25137.445160034797,28362.165421750033,28305.282236957813,29166.894595932154,29932.02555260765,29312.530008841095,24436.3142033593,30406.375998230997,30308.076889477685,30304.84325906212,29807.011411139934,29694.062748009965,30196.193704685465,31157.740585322055,30825.20784615318,29560.698160918906,28865.698160918906,28317.034465074532,28712.282236957813,29235.646824048876,29532.894595932154,29250.36185676328,32855.03078160848,35045.41473916809,38922.439338637465,39343.25336162588,31766.818067196247,28145.232445622558,24502.544150308808,21608.1601927492,21971.05751900914,21335.678790450358,20922.248725021553,22205.678790450358,22386.14605128149,23038.74426878811,23481.393823164763,24062.459301502513,24020.393823164763,25092.553062775696,24597.459301502513,24797.2911494247,25654.305290892415,26453.68401945119,26226.604399645727,25276.10885587917,27751.74949778894,27833.51586737338,28215.048606542252,28209.93179133447,27714.72121485351,28387.11408488,28506.63268258116,28269.86631299672,30051.375998230993,30941.0910309454,30717.506954906494,28570.51586737338,30486.79192219209,29664.59548717884,30131.894595932154,31975.53523784192,29087.062748009965,24589.029236073708,29956.2450415555,28610.74949778894,28803.581345711125,29570.310519893246,29020.843259062123,30867.287465958645,32306.731672855167,33587.78823872603,37170.39691423431,40229.23030769128,29727.04646861098,26335.82543412835,26921.745814322883,21259.74426878811,21256.04337754142,20218.767322722713,21201.13190981377,20927.16910521609,21334.767322722713,23294.10885587917,22659.80974712586,24764.02032360682,24656.188475684634,24093.459301502513,27449.44147656874,24049.094714411454,25053.174334216917,25327.35662776245,24734.99204067139,25292.291149424702,26268.88936693132,26759.31943236013,27152.553062775693,26532.772551723538,28554.646824048876,27621.31943236013,28574.63268258116,28869.46453050334,29151.23090008778,29331.880454464437,28737.646824048876,29641.59548717884,29248.763639256656,29099.814976126687,28621.51586737338,29234.880454464437,29936.66096551659,29108.34771529556,28761.51586737338,26744.786693191258,29737.36185676328,27836.268095490097,28401.530008841095,28856.66096551659,29680.039694075367,33127.708618920566,36390.39691423431,40534.01081874343,29983.2287621565,25547.264412024044,24281.193704685465,20527.744268788112,20037.080572943738,19420.16910521609,20473.83280106046,21315.26286648927,22460.211529619235,22301.627453580324,22887.277007956982,22547.963757735957,23560.86108399589,23580.328344827016,23564.445160034797,22849.599170644895,25331.174334216917,26374.085801944566,25543.35662776245,27686.945932802184,26334.838030061288,26701.669877983477,27699.399052165594,27260.31943236013,27385.31943236013,27244.487584437946,28559.399052165594,29515.310519893246,29525.59548717884,27158.268095490093,28394.151280282313,30481.32466136096,29571.245041555496,29504.829117594403,29191.23090008778,29356.114084879995,29762.829117594403,28410.099943412282,28760.93179133447,25568.10885587917,28053.099943412282,28293.11408488,27452.333573827847,28853.609628646554,28145.06274800997,33723.63422811594,37335.72430592306,40760.66037312009,28928.331435896576,25848.474988505004,23554.14236781543,20398.795605658146,19538.4682139694,19883.183246683802,19180.43993103397,20144.117768346056,21174.533692307148,23066.1601927492,23237.875225463606,22490.547833774865,22134.65050751493,23947.758410255825,24495.291149424702,24566.576116710294,24259.74426878811,24870.174334216917,25043.940703801352,24279.97789920367,25747.422106100195,26368.604399645727,24999.14605128149,28156.46453050334,25511.122997346883,29069.36185676328,28373.63268258116,29553.011411139934,30420.02555260765,29138.997269672218,29591.413193633314,29692.829117594407,29059.41319363331,29863.595487178845,28879.74949778894,27776.202617152347,29161.530008841095,28354.450389035628,27801.085801944566,30493.82020512752,28329.333573827847,28137.93179133447,28306.36185676328,28598.128226347715,30755.834346595235,34194.11563041477,37524.73844739077,41119.389547302206,28804.630544649885,23557.871541997552,22722.58134571113,19475.431018567084,19185.884137930494,20864.62745358033,20178.08057294374,20402.585029177182,21285.599170644895,23699.2680954901,21903.977899203674,23634.342486294732,22918.14605128149,22417.599170644895,22785.19738815152,23636.393823164763,25113.59025817801,25122.655736515757,24885.940703801352,25614.655736515757,25319.122997346883,26671.268095490093,26427.786693191258,27350.333573827847,28338.23090008778,28742.128226347715,28893.646824048876,29694.544150308808,30721.156509283148,28381.399052165594,29587.2450415555,28826.814976126687,29188.46453050334,29660.413193633307,29943.609628646554,28422.80083465897,29784.2450415555,28011.099943412282,28053.735356321224,28154.68401945119,29475.427335101027,27638.51586737338,28942.726443854335,31352.54937930964,35153.5598373113,37605.15437135186,41242.0904385489,25453.8448045969,23576.54937930964,21559.618541113443,20159.510638372547,19142.650507514933,18296.636366047213,20161.53369230715,19234.3372572939,21052.83280106046,20368.636366047213,21794.664648982645,22151.080572943738,23949.202617152347,23845.99204067139,23288.86108399589,23651.627453580324,24802.954845269072,23424.97789920367,24935.0061821391,24585.174334216917,24966.057519009137,25469.071660476853,25803.202617152347,26137.786693191258,26905.80083465897,27278.399052165594,27573.51586737338,29277.675106984305,28110.66096551659,29157.310519893246,29610.492813438774,28307.63268258116,30355.974215737617,28441.93179133447,28211.099943412282,29610.193704685465,29220.193704685465,29254.843259062123,28138.56720424341,28907.29637842553,28792.945932802184,29016.427335101027,27089.151280282313,29599.521096374207,30673.36708576411,31275.928107868414,36794.50481697521,39660.79132979558,24936.09257648018,22906.614857647386,20635.72121485351,18568.482355437118,18790.767322722713,19167.416877099367,19297.000953138275,19343.51955083943,20480.781464190426,19407.40273563165,21063.13190981377,20831.767322722713,20953.71598585268,22443.86108399589,23307.80974712586,23296.758410255825,24360.071660476853,24344.122997346883,26628.50695490649,24502.188475684634,24552.90350839904,25320.268095490097,25035.370769230165,27027.11408488,26608.91764986675,26985.581345711125,27910.777780724373,27611.361856763277,28430.025552607647,27305.581345711125,28265.245041555496,27975.478671971057,28134.193704685465,28743.84325906212,28194.712302386622,28418.492813438774,30019.652053049704,29422.98835720533,28339.492813438774,28150.84325906212,27527.777780724373,27985.726443854335,28541.338802828675,30859.40951016726,30614.087347479344,33554.57920777985,33528.64100265155,21128.759955790603,19416.93179133447,18095.22567108695,17378.351398761617,16084.6222245795,16160.944387267413,17035.482355437118,20378.90350839904,18413.4682139694,20200.83803006129,20635.861083995893,21404.90350839904,20775.99204067139,21448.188475684634,23058.2450415555,21534.10885587917,22942.866312996724,22338.692931918078,24226.011411139934,22349.253954022384,24729.390139698713,22983.852171529004,26184.928107868414,24155.56720424341,26442.50695490649,26234.777780724373,25151.581345711125,24520.735356321224,26639.731672855167,25674.59548717884,26549.44147656874,25399.93179133447,26667.091030945398,25649.46453050334,26167.894595932154,24991.63268258116,26460.908737399866,26163.908737399866,24909.23090008778,25612.66096551659,24966.53000884109,26944.05383554308,25420.492813438774,26321.563520777356,28451.905053933813,27010.99358620616,26190.853717063786,26938.032327143264,28184.945340405684,27310.30469849591,30129.19311228897,28907.58966578151,28671.837437664795,23434.699706453688,24954.73321838995,33015.55769938002,31386.327752430516,30999.51004597605,28782.878316533162,29887.285328027374,35110.63731918549,30947.98621927406,30489.425197169752,31844.818067196247,32652.53309991065,32893.94902387174,31898.789784260814,34236.327752430516,37465.19311228896,37317.55769938002,36115.55247037919,37150.73476392472,38459.23030769128,34348.869404066274,33702.986219274055,37813.63209018466,35998.44456763829,40514.88509106877,35398.36494783284,38557.99667727572,38045.15068788581,36539.341893898236,41126.366493367605,35467.89768700171,40393.43720070619,30282.14914235104,36217.56138284608,44062.53987444625,43256.161145887476,40844.52050397771,29828.57397877901,29037.078435012463,32200.396914234316,30364.85003359773,27602.602261714455,50588.50054111265
43,29236.525523553326,17795.188272889267,24521.155221142515,27655.4499124665,30416.884563800795,31194.464683769867,28620.227078174892,30914.38180948857,31922.21055230152,34021.95091220872,31854.216060925977,30335.195780998154,31133.832986696238,31327.527278123336,34972.00799793773,34350.01350656219,36880.219814980424,32760.827478071777,34758.92512365644,32224.1902723737,38654.65446631472,38368.04855779337,38650.996980688826,33555.1902723737,39964.62316913799,42115.358020420725,40336.286163388344,41464.14069475358,41315.7263233471,38562.04855779338,41647.00073474327,41819.497980431035,40961.36903766965,38654.10013489793,41247.56057478451,37708.551312105614,45832.77614588165,39561.037540544465,45441.09287170347,46073.284408818334,43237.68400892145,42791.34700317182,40302.4666832543,34502.85151205405,26864.4959809466,34427.84049480513,13883.127433105801,6285.7478680160875,13661.003998968865,18130.293181668392,20179.842004460726,21803.002244398856,22775.110907232433,21401.416615805334,20847.562084440102,22296.94515866984,24582.296935722843,25057.545558566726,26171.457175660977,23390.748112930516,26075.239849993824,27733.343004202943,26800.508752765534,28592.948912724285,26085.851267139627,25844.602644295745,26233.322724275124,27716.177255640352,28822.22883274491,28202.317215650663,26942.51977001445,27406.099889983514,26019.271147170562,28723.145958463618,26836.959929973204,27324.788672786155,27086.017015702222,26489.65973002476,27283.602644295745,28817.114661286876,27071.074101431237,28048.762884233878,26633.074101431237,25917.022524326683,25079.028032951137,28426.89733561973,25080.888072940827,25226.913861493107,24560.996735774403,24848.633941472486,23982.85677576409,20801.002244398856,15186.138450354721,25772.796180895042,17449.58787299238,19651.670747273674,23241.35953007632,24048.996735774403,23549.116415856894,24503.110907232433,25693.6910272015,24360.696535825955,26257.996735774403,27090.131187160252,26588.053821503418,28067.54555856673,27253.24535861829,27992.131187160256,29425.20855281709,31368.228832744902,33535.134941214696,33124.07785548568,29838.985718525484,28608.88256431637,30967.06308418232,29906.182764264813,31666.088872734595,31232.54004994227,29450.934141420927,30021.87705569191,30549.70579850486,30461.488472837715,32394.0059984533,30443.4313871087,30654.0428042545,31156.762884233878,31800.70579850486,30892.29142709839,30584.680009952583,31855.06308418232,30405.7370956816,29501.85126713963,31514.783164161694,30958.457175660977,30969.234341369367,28959.51977001445,29807.985718525484,32690.000489828846,31365.21781549599,24655.591627046826,22091.954421348746,24569.886318370805,29161.63218690247,29103.063084182322,27479.51977001445,26231.276655795024,26079.888072940827,25283.47921015881,25688.47921015881,27020.80519865953,28908.99122714994,28455.6910272015,29192.131187160252,29493.51977001445,28420.996735774403,32354.343004202943,29212.3853186286,31826.59713567129,29824.188272889267,30924.54555856673,31383.57134711901,30216.51977001445,32573.73158705714,31299.322724275124,24247.5988902413,31477.87705569191,30254.742604306055,31280.959929973207,31239.768392858336,31451.46268428543,32306.597135671283,32300.20855281709,32920.45717566098,33567.648712775845,33888.45166703651,32760.877055691915,33122.34300420294,32099.87705569191,32959.31721565066,31794.794181410616,33149.17725564035,33513.59162704683,32124.265638546112,32476.54004994227,32902.177255640345,34507.25462129719,35465.103644037954,35723.273146654996,30451.27865527945,30209.58436385235,29648.91210692309,29745.954421348746,27616.02252432668,26841.80519865953,23913.064838752332,27889.079610055698,27054.970947222122,26740.19929013819,30394.768392858336,27655.390827253053,30118.105398607975,30550.659730024763,30497.65973002476,31133.51977001445,31966.794181410613,30158.44240435761,30506.02252432668,31203.13118716025,28520.36503870078,29520.63945009694,29798.416615805334,33513.01150707776,32561.794181410613,34244.48296421325,37032.409352610855,34588.508752765534,32853.48847283771,32841.93414142092,32628.131187160256,34302.15146708807,35161.50875276553,33282.514261389995,35321.20304419263,34164.23434136937,33913.1256785358,33774.29142709839,33047.18276426481,34370.56583849454,33298.26563854611,33375.59713567128,33399.928632796466,32323.099889983518,33690.56583849454,37296.58060979791,39050.181009694796,39559.547558051156,38257.88831785525,34587.17925512478,31527.326478329567,29719.482964213254,26544.608152920206,25778.390827253057,27600.6910272015,27331.49949008663,28667.10539860797,26690.562084440106,28560.028032951137,28951.888072940827,28480.77941010725,29464.913861493107,28284.950667294303,30104.830987211804,32168.628432848025,30176.58236436793,30525.136695784713,30752.276655795027,31272.385318628596,31457.328232899577,31003.830987211804,30268.805198659535,31947.57685574346,33597.20855281709,32216.965438597665,31201.830987211804,34295.06859280678,33173.15697571253,33722.57134711901,34683.208552817094,34070.8199699629,33278.93414142092,33620.87705569191,33955.794181410616,36641.088872734595,32504.048312878956,34369.208552817094,33911.29142709839,33855.514261389995,32937.628432848025,31225.43689573315,34256.063084182315,34149.42587848424,36357.974701276566,37802.57510117345,39804.02452381111,42959.48320912768,36506.14244932358,32333.543803996712,30169.285918473928,26652.193781513728,26147.696535825955,27759.996735774403,26232.44791298207,26680.30795297176,27000.6449587214,27215.365038700773,28997.888072940827,26239.42763305425,28703.862284388546,30180.053821503418,30263.053821503414,28270.6449587214,31009.856775764085,30592.416615805334,32178.048312878956,31332.32823289958,30366.91937011756,29951.225078690466,30892.66523864922,32036.551067191187,30517.722324378235,32725.13118716025,33300.07410143124,33212.29693572284,31335.74811293051,35428.84575851518,32107.85677576409,32044.385318628592,34625.54004994227,33733.628432848025,35143.84575851518,31999.43689573315,34111.4313871087,34130.7370956816,32611.49398146217,35316.50875276553,34643.897335619724,33638.928632796466,36613.834741266255,39211.015261132205,40256.8845638008,44782.70604341928,37133.61390645908,33136.0981354135,29532.87154706745,25663.028032951137,27021.66523864922,26524.91937011756,27249.110907232433,27303.61366154466,26439.702044450416,27946.167992961447,28830.33374152404,28119.67074727368,27629.562084440106,29283.556575815648,28141.976455846583,28741.97645584658,31136.02252432668,28687.9506672943,29234.36503870078,29961.390827253053,31972.105398607975,30645.35953007632,29422.282164419485,30196.556575815644,30981.66523864922,35592.948912724285,31980.88256431637,32486.63394147248,30773.028032951137,32028.691027201494,30511.862284388546,31559.219570066005,32698.96543859766,32307.633941472475,34385.06859280678,33177.07410143124,33234.07410143124,33519.93414142092,33527.48847283771,34459.208552817094,33466.8199699629,33433.948912724285,33856.06859280678,33884.01150707776,35981.64320415138,37194.80344408951,42441.34500368737,46234.78340907612,37191.39107216748,34614.28416390391,30864.337495578482,27532.55106719119,25764.753621554974,22757.904598814202,25783.090627304613,27031.83649583627,27416.97645584658,27298.893581565288,28599.47370153435,26998.702044450416,30001.691027201494,26439.95617591876,29835.888072940823,29285.167992961447,30457.582364367925,30234.250867242747,30669.136695784702,30936.35953007632,30077.028032951137,29974.110907232433,30542.110907232433,29949.333741524042,32715.43689573315,31381.8309872118,31687.245358618282,32150.468192909884,36562.30619840175,31843.856775764085,32782.82547858735,33307.09988998352,31357.385318628592,33103.04831287896,32154.799690035066,32611.49398146217,33465.71130712932,33516.82547858735,34814.928632796466,33867.59713567128,33085.4313871087,32553.685518577044,33244.514261389995,36428.14044983915,39782.42963253868,42743.23634085381,46727.223569034875,35628.70228936483,32267.683764007023,31031.337495578482,28072.354021451858,26854.748112930516,25738.893581565288,25785.562084440106,26365.256375867204,28124.416615805334,27705.05933012788,27849.28216441948,29882.32823289958,26942.61917016912,28319.05933012787,27901.17350158591,29982.66523864922,28331.58787299239,31471.411107180873,29308.530787263364,29823.639450096944,28913.116415856894,28684.89358156528,31074.996735774395,30859.442404357607,32129.856775764085,31209.07961005569,30830.970947222126,32762.908352868646,32112.493981462172,32330.411107180873,31597.07961005569,29543.307952971758,31575.302444347297,34734.928632796466,31226.219570066005,31099.80519865953,31624.773901482793,34698.40008993196,34113.26563854611,33988.794181410616,32475.576855743464,31876.74260430606,32062.68551857704,34190.23434136937,35789.19753556817,39884.67825538257,42142.12767802023,47537.74660327492,37778.74835784493,32590.0981354135,30230.534541317807,27732.633941472486,26316.307952971758,25171.676255898135,25950.587872992382,27291.556575815644,27953.888072940827,26775.116415856894,28801.35953007632,27914.059330127875,27892.670747273678,27846.053821503418,28373.504998711083,28955.39082725305,29086.670747273678,29538.862284388546,28564.479210158806,30664.525278638906,29873.307952971758,31710.939650045377,29365.365038700773,36144.974701276566,31789.468192909888,31168.359530076323,30639.66523864922,31175.3024443473,32119.93965004538,30982.05382150342,32005.77390148279,31258.162484336986,29993.47370153435,30368.94515866984,31896.93965004538,32097.79969003507,32729.825478587354,33219.37981000414,32744.271147170562,33122.01701570222,32041.354021451858,31226.799690035066,34090.788672786155,36894.61190697465,41471.921369602,42518.07059229122,47596.72081472264,35350.89933510416,32517.875301121898,30248.36879275522,27154.856775764092,26036.77941010725,27107.136695784713,25208.61917016912,27442.250867242743,27738.33374152404,25889.676255898135,28807.970947222122,28230.47370153435,27232.47921015881,27898.05933012787,29990.525278638914,29338.945158669838,30317.525278638906,30831.442404357615,29290.225078690462,30266.136695784713,28993.976455846583,30834.830987211804,30033.94515866984,29395.530787263364,33072.48847283771,29634.75362155497,31252.691027201494,31366.079610055695,31617.85677576409,31231.276655795024,32132.328232899574,30834.416615805338,30852.88807294083,32010.24535861828,32428.576855743468,31736.079610055687,33730.794181410616,33817.71130712932,32452.576855743464,31500.245358618286,32027.188272889267,32181.04831287896,33099.18276426481,36032.948912724285,38879.989472579924,41957.87905517634,48532.18676323368,36692.80544357395,32164.93238685091,30164.89733561973,27172.162484336994,25785.307952971758,25036.007753023317,25381.256375867204,27323.390827253053,29154.856775764092,25839.370547325234,28018.77941010725,28447.94515866984,28535.167992961447,28125.282164419485,29871.970947222126,30050.21957006601,29964.44240435761,25975.87330163746,29229.225078690466,30766.773901482793,30649.053821503418,30681.276655795024,30041.359530076323,30674.6081529202,30768.6081529202,31568.302444347297,30881.970947222122,31008.74811293051,31193.6081529202,32293.799690035066,31882.328232899577,30618.608152920202,31152.970947222126,29447.727833002697,31003.748112930512,32729.991227149938,31841.49398146217,31173.888072940827,33214.93414142092,32405.048312878956,32753.545558566726,31433.856775764085,30801.328232899577,33938.73158705713,35051.42587848424,38309.63218690247,43191.89933510416,49020.51826035886,36790.41686071975,32417.875301121894,30607.948912724292,27033.188272889267,25768.836495836265,26962.66523864922,26176.587872992386,27642.193781513728,28726.6910272015,28165.00224439886,28120.77941010725,30469.57134711901,29932.10539860797,31051.602644295745,29456.66523864922,29001.862284388546,29771.888072940827,30698.691027201497,31822.04831287896,29548.47370153435,30015.193781513728,31960.576855743468,31645.96543859766,30378.499490086633,29970.002244398853,31245.302444347297,30885.888072940823,30284.722324378235,33382.897335619724,32408.354021451858,30972.836495836265,31859.105398607975,31876.188272889267,32358.882564316362,32798.96543859766,32136.10539860797,32645.74260430605,32064.188272889263,32180.82547858735,31616.245358618282,32805.85126713963,32296.37981000414,36591.44615841206,38920.60088972573,42046.87905517634,46081.78340907612,34963.92512365644,32053.015261132205,24717.307952971758,28328.545558566726,26911.10539860797,25376.97645584658,26130.696535825955,26780.63945009694,28197.913861493107,27453.167992961447,28016.028032951137,27476.14220440917,28602.416615805334,27273.11641585689,28112.365038700776,29997.411107180873,29031.722324378235,30124.996735774395,30456.691027201497,29637.94515866984,31219.048312878956,30231.665238649224,31447.85677576409,29554.333741524042,31425.29142709839,31086.691027201494,31259.13669578471,31710.63394147248,31231.442404357615,33461.32272427512,33418.95992997321,31067.079610055695,31464.245358618282,27521.619170169117,31135.52527863891,33030.602644295745,30836.05382150342,30395.028032951133,31253.44240435761,31890.576855743468,32300.768392858336,31434.354021451858,32790.40008993196,34699.73158705713,39039.683764007015,40783.4959809466,48548.963928942074,35311.56232935452,31670.823724017333,30874.61190697465,26703.10539860797,26949.468192909895,25712.530787263364,24902.396335877515,25210.510507335544,25227.836495836265,26795.587872992386,26594.116415856894,27297.002244398856,26154.924878742022,28171.390827253053,28061.225078690462,28920.80519865953,28930.028032951137,29717.58236436793,30133.913861493103,30536.4681929099,29997.525278638914,31147.799690035066,30684.939650045377,31451.436895733154,30760.079610055695,30950.525278638906,30963.219570066005,31225.162484336983,32104.965438597665,32453.07410143124,34385.84575851518,31760.24535861828,32992.85126713963,29233.199290138182,30989.442404357615,32486.214061441544,30876.053821503418,30706.416615805334,30085.696535825955,31718.551067191183,29688.504998711094,30957.913861493103,31862.991227149945,32671.18276426481,34343.09438135906,38218.04655830894,42763.624923708,47669.58085471233,35702.033786490014,30966.63218690247,30844.77765553724,29057.56583849455,27183.37981000414,26168.52527863891,26038.77941010725,25934.282164419485,26633.61366154466,25119.064838752332,25964.3392501485,26755.42212442979,28033.722324378235,28368.94515866984,28865.970947222122,29586.633941472486,24473.5988902413,31055.21406144155,30753.048312878956,30336.16248433699,30518.245358618282,29186.63945009694,30838.716815753774,31273.51977001445,30515.359530076315,31114.411107180877,31502.10539860797,32578.908352868646,32688.62843284802,31788.131187160252,32023.799690035074,32295.99122714994,32162.411107180873,32329.074101431237,32340.74260430605,31632.022524326672,30384.250867242743,32278.271147170566,32594.37981000414,31485.63394147248,30701.970947222122,30681.9967357744,32110.074101431237,31321.882564316362,35618.25462129719,38924.989472579924,41737.57334660344,45507.53478623224,34787.453666520945,30850.600889725727,30184.668992703664,27639.156975712533,27366.51977001445,24828.3392501485,27908.27114717057,26066.976455846576,25662.085118680152,26897.530787263364,27070.753621554974,26421.562084440106,28447.582364367925,27247.587872992382,28257.167992961447,28566.085118680152,30491.32823289958,29256.136695784713,30539.411107180873,30902.96543859766,29954.442404357615,31777.545558566726,29931.83098721181,30424.44240435761,31429.74260430605,32440.322724275124,30108.16799296145,32068.602644295745,33328.1256785358,32837.93414142092,32647.017015702222,31673.105398607975,30907.079610055687,31498.633941472483,32589.462684285438,31716.71681575377,30725.44240435761,30695.110907232433,30940.053821503418,31302.07961005569,30531.162484336983,31714.37981000414,32017.322724275124,33432.1256785358,38072.96368402764,41663.82196944733,45412.39482622192,33861.51626087443,30909.51801544443,30390.166238391434,27385.711307129317,25453.33374152404,26446.35402145186,24007.78491873171,25994.862284388546,25761.50499871109,25697.950667294303,26408.836495836265,26445.810707283992,27546.862284388546,27425.75362155497,28622.136695784713,27874.556575815644,23184.770147428346,28630.94515866984,29781.939650045388,29743.830987211815,29420.05382150342,30168.60815292021,28837.225078690466,30144.35953007632,30159.55106719119,30581.773901482793,31795.602644295748,32597.156975712536,32180.82547858735,32937.01701570222,31581.96543859766,33876.680009952586,32499.602644295745,31501.022524326676,30629.74811293051,31557.41110718087,27515.6449587214,31814.965438597657,30534.525278638906,30556.44240435761,31266.93965004538,30707.93965004538,32279.71130712932,35413.114661286876,36786.580609797915,40346.74460379049,45539.923369086435,34377.81646082286,30518.21230687153,30088.140449839157,26757.82547858735,25611.053821503418,24073.587872992382,24496.3392501485,26040.193781513728,25196.867793013007,27420.55106719119,26439.225078690462,24899.344758772953,27155.225078690462,29013.105398607975,27429.49949008663,27021.116415856894,27712.530787263368,28100.61366154466,28131.69653582596,30026.32823289958,29689.3853186286,29853.748112930512,29308.193781513728,30235.302444347304,31255.519770014445,30555.468192909895,31059.02252432668,32969.1256785358,32044.519770014453,33277.4313871087,32609.405598556423,33212.794181410616,31436.88256431637,31418.328232899574,32095.742604306055,31960.965438597657,30274.468192909895,30541.359530076323,31079.385318628592,30971.328232899577,30216.028032951133,31857.825478587354,33206.98571852548,34346.203044192625,38656.68376400702,39612.247358102715,46136.5863633368,32751.770392342765,30263.549312621173,28044.317215650663,24024.167992961447,23129.396335877515,24556.05933012787,25917.442404357615,25048.390827253053,24411.73334162715,25700.11641585689,26446.80519865953,25264.510507335544,27346.94515866984,25770.45342160653,27751.722324378235,26807.033541575598,28125.862284388546,26552.536295887825,28625.63945009694,28370.00224439886,28572.002244398856,31455.26563854611,31044.271147170566,29502.442404357615,30112.442404357615,30072.359530076323,31211.436895733154,30963.328232899574,25852.09613592907,32511.768392858336,31903.908352868646,32117.43689573315,32729.95992997321,31774.65973002476,32389.685518577036,30888.608152920202,31514.63394147248,30370.136695784702,31171.245358618286,30443.748112930512,29183.61366154466,30931.85677576409,30049.219570066005,31511.379810004142,34363.20304419263,36468.49773551662,38264.227078174896,43286.51450630441,32979.37630086411,31767.009752507747,28309.260129921648,25757.51977001445,23102.230587314923,24353.670747273674,24020.47921015881,24064.230587314923,25228.199290138185,23903.707553074873,24383.73334162715,24848.261884491658,25687.536295887825,25902.6449587214,26522.033541575598,26606.722324378235,27977.33374152404,27443.28216441948,27892.61366154466,29073.582364367925,27980.05933012787,28669.77941010725,28660.862284388546,27272.28767304394,29066.779410107254,30265.385318628592,31101.131187160252,30208.136695784702,30025.748112930516,30682.219570065998,31501.57685574346,31367.245358618286,31888.048312878953,32265.017015702226,31683.10539860797,32351.68551857704,31596.74260430605,32373.46268428543,30146.58236436792,29263.613661544656,29778.722324378235,29869.35953007632,31599.519770014445,30593.162484336986,32992.54004994227,35986.10915266242,40128.133186644685,43592.457420575396,32228.52176949888,30242.23809542381,26694.628432848025,24250.390827253053,24294.77941010725,24260.028032951137,22342.930387366476,24361.090627304613,22926.764638803892,24131.261884491658,24561.204798762643,24821.45342160653,25413.370547325234,25967.17350158591,25418.816215908446,26588.893581565288,26247.924878742022,27082.504998711087,27292.504998711087,27654.142204409167,27783.727833002697,25944.930387366483,29015.028032951133,28996.33374152404,30040.4681929099,30740.576855743468,30013.748112930512,24937.821724532907,31240.493981462172,31200.328232899577,31179.716815753774,30868.77390148279,30480.525278638906,31093.63394147248,32079.214061441548,31626.436895733154,30352.805198659535,29609.805198659535,28988.91937011756,29482.33374152404,29930.053821503418,30241.46819290989,29769.6910272015,33770.03729563004,35996.020769756666,39862.74460379049,40042.00248931328,32704.26763803053,28989.16072976698,25179.551067191187,22016.56759306456,22429.064838752332,21887.54180451228,21451.26739311612,22824.541804512282,22962.764638803892,23588.096135929067,24061.179010210362,24653.73334162715,24756.179010210362,25796.893581565288,25119.73334162715,25395.676255898135,26420.47921015881,27065.002244398856,26870.6449587214,25900.816215908446,28286.556575815644,28506.94515866984,28806.722324378235,28916.416615805334,28351.950667294303,29366.27665579502,29067.250867242743,28999.862284388546,30798.49398146217,31503.13118716025,31550.60264429574,29462.94515866984,31156.96543859766,30458.3024443473,30858.468192909888,32938.208552817094,29985.525278638906,25051.458930230987,30561.385318628592,29079.55657581564,29465.499490086626,30203.93965004539,29682.71681575378,31428.794181410613,32835.87154706745,34529.08336411014,37983.335741008465,41322.85702067851,30583.41861528976,27055.03178700558,27662.67450132812,21648.096135929067,21711.261884491658,20854.24160456384,21627.961684543217,21352.910107438656,21807.24160456384,23960.816215908446,23129.650467345855,25437.11641585689,25316.17350158591,24798.73334162715,28151.048312878956,24658.013261647775,25785.370547325234,26077.230587314923,25579.510507335544,25903.676255898135,27159.007753023317,27393.282164419485,27771.893581565288,27302.702044450416,29441.053821503418,28180.28216441948,29296.25086724274,29724.193781513724,29885.58236436793,30141.66523864922,29544.053821503418,30475.3024443473,29871.359530076315,29779.110907232433,29282.945158669838,29830.665238649217,30597.856775764085,29587.888072940823,29546.94515866984,27366.50499871109,30463.691027201497,28398.530787263364,29241.748112930516,29602.856775764092,30304.37981000414,34013.72607843268,37250.335741008465,41382.04855779337,30412.278655279453,26115.648712775845,24784.633941472483,21068.096135929067,20408.210307387104,19900.910107438656,20916.795935980626,21775.07034737679,22886.318970220673,23043.790427356165,23470.87330163746,23318.904598814202,24098.40184450197,24339.62467879358,24173.93038736648,23449.184518834823,26078.370547325234,27030.670747273678,26216.230587314923,28457.21957006601,26907.256375867204,27603.19929013819,28253.63945009694,27931.282164419485,27996.28216441948,27959.3392501485,29296.63945009694,30212.93965004538,30097.302444347304,27845.530787263364,29081.22507869046,31043.742604306055,29988.385318628596,30138.913861493107,29902.582364367925,29958.276655795024,30337.913861493103,29180.47370153435,29426.41661580533,26212.816215908446,28758.473701534345,28988.276655795024,28073.085118680152,29531.10539860797,28918.52527863891,34696.829232641794,38329.1073980924,41790.13143207467,29511.78140959168,26736.114661286876,24015.882564316365,20940.84751308518,19798.075856001247,20357.71306169933,19607.469947479905,20601.158730282543,21534.630187418035,23333.56759306456,23875.204798762643,22973.43314167871,22819.935895990937,24592.89909018974,25168.676255898135,25092.039050200052,24657.096135929067,25397.370547325234,25793.75913017943,24980.707553074873,26442.78491873171,27209.6449587214,25655.764638803892,28906.193781513728,26275.61917016912,29782.6910272015,29003.250867242743,30492.77390148279,31087.576855743468,29747.970947222122,30483.44240435762,30497.9138614931,30012.44240435761,30444.302444347297,29788.556575815644,28731.976455846576,29978.748112930512,29041.390827253053,28457.670747273678,31187.57134711901,29006.085118680156,28910.416615805334,29202.6910272015,29258.079610055698,31634.37430137968,35028.855021194075,38494.91035235308,42295.571592033426,29377.94715815427,24159.322724275124,22909.49949008663,20149.127433105805,19749.54731313674,21091.790427356165,20781.2103073871,20805.38156457415,21668.184518834823,24445.530787263364,22491.707553074873,24149.42763305425,23497.76463880389,22987.184518834823,23497.516015960005,24170.179010210362,25654.842004460726,25880.396335877515,25493.75913017943,26193.396335877515,25912.61917016912,27352.530787263368,27002.50499871109,28092.085118680152,28905.582364367925,29719.079610055695,29586.05382150342,30269.551067191183,31559.685518577036,29048.63945009694,30394.38531862859,29567.11090723243,29895.193781513724,30362.44240435761,30657.105398607975,29068.307952971758,30703.385318628592,28453.47370153435,28613.753621554966,28904.002244398856,30191.245358618282,28470.94515866984,29576.411107180873,31948.01150707776,36026.93238685091,38433.381809488565,41964.405843470835,26148.295181152826,24149.01150707776,22072.44791298207,20637.484718783264,19590.935895990937,18700.132941730262,20709.630187418035,19772.967193167675,21537.795935980626,20847.132941730262,22394.73885025161,22709.210307387104,24718.976455846576,24316.510507335544,23731.40184450197,24236.790427356165,25481.562084440106,23943.70755307487,25497.31346159622,25155.370547325234,25466.064838752332,26082.867793013007,26307.976455846576,26590.50499871109,27563.307952971758,27883.63945009694,28275.94515866984,30214.65973002476,28671.856775764092,29887.939650045384,30179.79969003507,28665.250867242743,31204.825478587347,29093.416615805338,28796.47370153435,30320.633941472486,29855.63394147248,30085.71681575378,28777.696535825955,29643.136695784713,29487.219570066005,29661.24535861829,27494.225078690462,30273.40559855642,31533.151467088075,32182.534541317807,37697.29893520728,40508.240094908244,25474.709552559303,23501.56583849455,21221.950667294303,19188.878810261922,19215.24160456384,19430.324478845134,19802.85302170964,19753.82723315736,21078.044558824513,19780.52152458446,21372.961684543217,21306.24160456384,21644.490227407725,23149.40184450197,23770.650467345855,23959.89909018974,24868.867793013007,25058.61917016912,27457.602644295745,25118.17350158591,25335.810707283992,25843.530787263364,25809.033541575598,27769.276655795024,27320.61366154466,27850.49949008663,28601.162484336994,28384.6910272015,29135.576855743464,28040.49949008663,28981.3853186286,28659.996735774403,28759.63394147248,29584.71681575378,29055.608152920206,29207.79969003507,30811.514261389995,30251.628432848025,28986.79969003507,28995.716815753778,28471.162484336994,28588.411107180873,29048.54555856673,31858.560329870088,31493.249112672733,34328.195780998154,34681.86803792742,21509.477455588793,19991.416615805334,18718.121924481347,17825.770147428346,16503.329987469588,16586.64120466695,17650.878810261922,20751.810707283985,18937.075856001247,20549.256375867197,21005.40184450197,22143.81070728399,21310.510507335544,22233.17350158591,23527.3853186286,21913.816215908446,23562.862284388546,22894.344758772953,24904.773901482797,22921.727833002697,25342.296935722843,23479.05933012787,26778.53454131781,24422.696535825955,27043.602644295745,26675.16248433699,26004.49949008663,25168.75362155497,27329.87154706745,26386.302444347304,27185.048312878956,26018.416615805334,27209.131187160252,26402.193781513728,26728.468192909895,25571.250867242743,27242.271147170562,26686.271147170562,25560.582364367925,26307.856775764092,25697.748112930516,27603.182764264813,26170.79969003507,27067.814461338436,29335.389072683043,27765.088872734595,26817.637695526922,27829.61566102909,28599.494226376588,28068.75386646939,30969.908597783062,29613.11666077131,29407.531032177783,23952.383564058575,25732.449912466498,34013.62867776244,32032.899335104157,31691.759375093847,29191.361529560745,30606.49047232214,35966.9859634399,31917.324723759553,31422.941649529814,32885.26763803054,33473.904843728626,33877.37630086411,32793.661729509186,35100.89933510416,38078.90859778306,38358.62867776244,36855.16823787587,37951.02827786555,39369.857020678515,35310.019015186655,34382.32472375955,38761.525523553326,36790.20504367706,41598.40033484638,36242.84775799961,39606.245603532705,38979.49973500105,37453.70228936483,42443.42612339866,36366.624923708005,41178.44089470202,30895.921369601994,37123.51075224996,45165.943649014254,44242.4206147742,41943.680254867,30563.735341111584,29653.906598298636,33013.33574100847,31137.755621039407,28318.341249632926,52098.69151703034
44,28890.98237113427,17544.000877869992,23958.709938650496,27465.48004659224,29991.653101638316,30657.444260325312,28264.67836253262,30124.045523370027,31547.032892922874,33565.40636898385,31398.248049459457,30011.068679189804,30599.864048025847,30888.66362701095,34527.4105791329,33827.62573566949,36443.78195011936,32241.648891489265,34393.01184217761,31757.853522653226,38181.95500516544,37633.7693196722,37912.980266059734,33085.853522653226,39161.34532182261,41595.50364134701,39818.5352174649,40786.917113823976,40923.92342904756,38172.7693196722,41168.514166719644,41330.90658845134,40636.93395442018,38320.55837328467,40514.12595513699,36832.37689794049,45316.03122678334,38975.339006599046,44880.6619608714,45406.85396158821,42589.88343263157,42117.073328273844,39936.29690510853,34124.36216241882,26387.05394366813,34216.93184934566,13403.462767061043,6245.44127738079,13272.705289566453,17995.26024097161,19716.441716315785,21511.02403368977,22226.81729745129,20862.017718466195,20541.635822107113,22023.01982354072,24186.79414163151,24590.990352497363,25890.376459005493,23054.612666287336,25611.789931482457,27336.368038707395,26272.16551261796,28274.553724200625,25818.190773512266,25262.99456264641,25928.188668437742,27389.570564796824,28625.359618409293,27910.97351190116,26370.595825691125,26991.38698437812,25711.399614825274,28380.960881454008,26533.98403727379,26955.971406826637,26908.988247422836,26294.998772795465,26837.99456264641,28351.351198111195,26905.992457571887,27565.5768800204,26385.992457571883,25665.203403959422,24815.418560496004,28019.764670588153,24701.015613391668,24924.4101401979,24412.808877153187,24428.604245989234,23759.40593004885,20479.02403368977,15089.893080134205,25451.039208146445,17078.03034891335,19428.429085868633,22837.01350831714,23489.808877153187,23165.03245398787,24003.81729745129,25480.60845613828,24308.823612674867,26025.808877153187,26729.996667720938,26179.813087302235,27863.99035249736,26884.00508801904,27585.996667720938,28950.18024813964,30837.359618409293,33097.53056838084,32582.5263582318,29420.37856408002,28095.800456855082,30674.562144498723,29521.785721333406,31367.956671304957,30595.775195960778,29321.58951046755,29535.585300318504,30058.572669871348,30000.98614234831,31740.557934349672,30070.98193219926,30256.38277422907,30537.5768800204,31383.57266987135,30648.578985094922,30335.178143065117,31533.562144498726,30023.182353214164,29318.190773512266,31110.756250290055,30422.376459005493,30564.574774945875,28730.595825691125,29390.37856408002,31941.342777813094,30739.929305336133,24256.564249573246,21864.768880737203,24349.334357514996,28879.92299011256,28888.562144498726,27252.595825691125,25954.614771361856,25860.015613391668,25046.237085151828,25291.237085151828,26928.616876436383,28562.593720616598,28061.608456138278,29015.996667720938,29128.595825691125,27986.808877153184,31846.368038707395,28640.40803512337,31305.779406109832,29344.000877869985,30485.99035249736,30945.384879303594,29746.595825691125,32210.967196677586,30707.188668437742,23954.460661986508,31137.5853003185,30040.397509750746,30880.98403727379,30899.79203655698,31101.59161554208,31984.779406109832,31968.18024813964,32491.3764590055,32985.5684597223,33384.161302468914,32383.585300318508,32239.368038707395,31747.5853003185,32693.97351190116,31316.18656336322,32718.570564796828,33003.564249573246,31956.18445828869,31921.77519596078,32438.570564796828,33965.75414521553,34963.92088503803,35081.252259608504,30047.46741614509,29995.667837159996,29529.72888432123,29525.768880737203,27298.203403959415,26556.616876436383,23582.243400375402,27501.20761410847,26677.414350346953,26346.431190943156,30060.79203655698,27341.623191659957,29606.602140914703,30257.99877279546,30194.99877279546,30644.595825691125,31549.18656336322,29426.412245272426,30274.203403959415,30821.99666772094,28213.228664853727,29385.81940252581,29467.017718466188,33146.77309088626,32385.18656336322,33809.77098581173,36821.12130605294,34059.16551261797,32547.98614234831,32382.58951046755,32323.996667720934,33855.1760379906,34624.16551261797,32930.38066915455,35043.96509160306,33741.574774945875,33485.78151118436,33241.57898509493,32647.78572133341,33895.169722767016,32927.18445828869,33183.77940610983,33020.37435393097,31935.38698437812,33275.169722767016,36705.13393650009,38291.10446545672,39115.84299728059,37912.18700229822,34324.423209580054,31077.722569097656,29268.77098581173,26329.209719182993,25431.62319165996,27141.60845613828,27000.416455421477,28273.602140914703,26369.63582210711,28131.418560496004,28735.015613391664,28216.22234963015,29284.4101401979,27929.234980077304,29981.011403242614,31828.389089452645,29788.81519237676,30180.21182425752,30343.614771361856,30747.40803512338,30940.40382497432,30492.011403242614,30205.616876436383,31769.60003584018,33468.180248139644,31796.199193810364,30702.011403242614,33882.77730103531,32691.391194527172,33356.3848793036,34203.180248139644,33406.58109016945,32952.58951046755,33319.585300318504,33593.18656336321,35982.95667130496,32223.597930765653,33803.180248139644,33533.57898509493,33432.38066915455,32536.389089452652,30883.19708873584,33714.56214449872,33639.766775662676,35754.94825100686,37503.918779963504,39356.056048742656,42737.942374718274,36041.59836970066,31808.309096620687,30005.363828558344,26357.21603440657,25743.823612674867,27330.808877153184,25869.62740180901,26325.224454704672,26661.034559062395,27061.228664853723,28748.015613391664,25865.448031539356,28277.621086585434,29837.81308730224,29952.81308730224,27998.034559062395,30348.40593004885,30177.01771846619,31839.59793076565,30744.40382497432,29803.625296734488,29568.82571774939,30609.213929332047,31607.20550903395,30063.218139481094,32287.996667720938,32961.99245757188,32860.7941416315,30856.612666287332,34894.97561697569,31539.40593004885,31490.40803512338,34214.775195960785,33409.38908945265,34629.97561697569,31407.19708873584,33563.98193219927,33571.18235321417,32148.201298884895,34875.16551261797,34273.76467058815,33165.37435393097,35848.545303902516,38522.30699154616,39756.653101638316,44227.7440587779,36621.59626462613,32853.705728501445,29272.37014378192,25452.418560496004,26643.213929332043,25993.625296734484,26949.817297451285,26885.42487571958,26241.038769211445,27507.82150760034,28437.618981510906,27741.42908586863,27426.63582210711,29044.420665570524,27916.62950688353,28321.62950688353,30629.20340395942,28406.2349800773,29001.228664853727,29647.623191659957,31682.602140914703,30262.013508317137,28972.829927898438,29986.420665570524,30604.21392933205,35135.553724200625,31673.800456855082,32213.60424598923,30168.418560496,31437.608456138285,30217.621086585434,31262.61056121281,32044.199193810367,31955.60424598923,34102.77730103531,32693.992457571883,32519.992457571883,33055.58951046755,33138.98614234831,34031.180248139644,33184.58109016945,33036.553724200625,33382.77730103531,33490.77309088626,35537.35330318572,36843.93562055971,41721.220683490625,45775.9276391966,36756.79458056651,34201.682572681675,30553.152882170813,27184.20550903395,25573.827822823914,22396.661083001418,25438.637927181633,26694.2265597792,27028.62950688353,27050.23076992825,28061.021928615242,26610.038769211445,29621.608456138278,26154.450136613883,29510.015613391664,28790.82150760034,30038.81519237676,29726.22024455562,30344.211824257523,30470.01350831714,29632.418560496004,29523.817297451285,30277.817297451285,29648.618981510906,32405.19708873584,31047.011403242617,31467.00508801904,31750.806772078657,35874.543198828,31387.405930048848,32226.796246706035,32892.38698437812,30996.408035123375,32495.59793076565,31701.401719899797,32006.2012988849,32959.78782640793,32995.79624670603,34327.37435393097,33342.77940610983,32728.981932199265,31954.393299601696,32680.380669154543,35871.74572491743,39319.30067632258,42148.4274197291,45958.31585077926,35445.210158117996,31898.712043725027,30820.152882170813,27885.798351780555,26505.612666287332,25502.23076992825,25372.63582210711,25908.435401092203,27729.01771846619,27386.028243838817,27535.829927898438,29639.40382497432,26745.64003225616,27982.028243838817,27503.03666413692,29593.213929332043,28052.030348913344,31037.80256192961,28815.026138764297,29444.81940252581,28628.03245398787,28500.230769928246,30770.808877153184,30715.412245272426,31539.40593004885,31037.207614108465,30504.414350346953,32107.194983661317,31513.201298884895,32038.802561929606,30999.20761410847,29050.224454704672,31129.009298168097,34381.37435393097,30775.610561212805,30497.616876436383,31270.007193093566,34113.372248856445,33500.18445828869,33323.18656336321,31954.60003584018,31408.397509750743,31815.393299601696,33622.574774945875,35308.74993506647,39314.49688718845,41819.63415596758,46674.1027993172,37792.784055193886,32183.70572850145,29940.5600394242,27318.604245989227,26021.224454704672,24899.64424240521,25679.030348913344,26974.420665570527,27773.015613391668,26455.03245398787,28256.01350831714,27697.028243838817,27587.42908586863,27435.813087302235,27979.63161195806,28625.623191659957,28363.42908586863,29136.621086585434,28153.237085151828,30160.810982227715,29555.224454704672,31212.804667004137,28927.228664853723,35550.94825100686,31403.806772078657,30928.013508317144,30471.213929332047,30798.009298168094,31801.804667004137,30728.81308730224,31546.007193093566,30945.606351063754,29814.021928615242,30152.01982354072,31614.804667004137,31730.401719899797,32302.796246706035,32781.19287858679,32276.39961482527,32783.988247422836,31488.79835178056,31010.4017198998,33602.97140682663,36280.743619842906,40809.47794151771,41861.62994581853,46814.708272510965,34932.61731537138,32294.90404444183,29694.76256551363,26970.40593004885,25802.22234963015,26794.21182425752,24849.64003225616,26945.220244555625,27327.61898151091,25644.64424240521,28450.41435034695,27995.021928615242,26809.237085151828,27527.028243838817,29571.81098222771,29182.019823540715,30008.81098222771,30225.41224527243,28919.825717749387,29778.211824257523,28469.629506883535,30452.011403242614,29677.019823540715,28925.026138764297,32518.986142348305,29358.827822823914,30889.608456138278,30975.207614108473,31278.40593004885,30993.614771361856,31603.403824974324,30506.01771846619,30384.01561339167,31447.00508801904,32172.60003584018,31343.207614108476,33396.18656336321,33321.78782640793,32044.60003584018,31068.00508801904,31493.000877869992,31607.597930765656,32519.785721333406,35574.553724200625,38202.91246473993,41503.43794510173,47863.49101089986,36215.78826534294,32146.908254590882,29729.764670588153,26933.606351063754,25417.224454704676,24745.23919022635,25189.435401092203,27075.623191659957,28670.405930048844,25822.443821390305,27488.22234963015,28016.01982354072,28149.82150760034,27773.829927898438,29283.41435034695,29556.6105612128,29548.412245272426,25639.051399658598,28658.825717749387,30511.007193093563,30343.813087302235,30315.614771361856,29832.013508317144,30216.209719182996,30435.209719182993,31044.009298168097,30615.414350346953,30609.612666287332,30782.209719182996,31735.4017198998,31605.403824974317,30281.209719182996,30632.414350346957,29129.43329601768,30481.61266628733,32219.593720616598,31334.201298884895,30638.015613391668,32752.58951046755,32026.597930765653,32456.99035249736,31052.405930048848,30687.403824974328,33348.967196677586,34627.766775662676,37660.92299011255,42795.61731537138,48474.085958721,36185.189107372746,32079.90404444183,30361.553724200625,26803.00087786999,25650.2265597792,26680.213929332043,25907.030348913344,27379.21603440657,28334.60845613828,27834.024033689766,27773.22234963015,30163.384879303598,29532.602140914703,30512.99456264641,29236.213929332043,28733.621086585434,29496.015613391664,30431.60845613828,31473.59793076565,29172.021928615246,29902.21603440657,31635.600035840183,31119.199193810367,30190.416455421477,29762.024033689766,30735.009298168094,30632.015613391668,29964.218139481098,32932.764670588156,32327.79835178055,30303.226559779196,31524.6021409147,31419.00087786999,31959.80045685508,32392.199193810367,31844.602140914703,32278.397509750746,31819.000877869985,31874.79624670603,31082.005088019043,32222.190773512266,31976.192878586786,36040.946145932336,38407.313306769734,41569.43794510173,45437.9276391966,34869.01184217761,31908.30699154616,24378.224454704676,28039.99035249736,26606.602140914703,25384.62950688354,26051.823612674863,26405.819402525813,27934.4101401979,27235.82150760034,27558.418560496004,27272.426980794102,28220.01771846619,26985.03245398787,27475.228664853723,29717.80256192961,28708.218139481098,29762.808877153184,30090.608456138278,29193.01982354072,30876.597930765653,29903.213929332043,30910.40593004885,29266.618981510903,30782.578985094922,30788.608456138278,30932.211824257527,31188.60424598923,30881.41224527243,32948.18866843774,33095.98403727379,30814.20761410847,31118.00508801904,27128.64003225616,30648.810982227715,32392.99456264641,30452.81308730224,29871.418560496,30745.412245272426,31485.600035840176,31820.79203655698,31406.798351780555,32240.372248856445,34278.967196677586,38729.71204372503,40273.05394366813,48148.689326840235,35093.807211013656,31399.11499082936,30549.743619842906,26419.602140914703,26536.80677207866,25425.026138764297,24503.838348196543,24857.84676849464,24976.2265597792,26665.030348913344,26279.03245398787,26928.02403368977,25840.840453271063,27874.623191659957,27757.825717749387,28670.616876436383,28755.418560496,29206.81519237676,29971.4101401979,30202.806772078653,29764.810982227707,30619.4017198998,30378.804667004133,31100.197088735844,30269.207614108465,30445.810982227715,30402.610561212812,30902.606351063754,31793.19919381037,32093.992457571883,33984.97561697569,31338.005088019043,32709.190773512262,28863.43119094316,30548.412245272426,32132.395404676223,30529.813087302235,30164.017718466188,29685.823612674867,31214.205509033945,29318.63161195806,30448.410140197902,31271.5937206166,32076.785721333406,33644.17182784154,37701.916674888984,42309.02657769929,47030.30532540663,35250.80510593914,30462.92299011256,30580.541093753476,28554.169722767016,26926.19287858679,25852.81098222771,25734.22234963015,25796.829927898438,26224.424875719582,25005.2434003754,25583.83413804749,26322.232875002774,27675.218139481098,27947.019823540715,28612.41435034695,29099.604245989227,24083.460661986508,30785.39540467622,30357.597930765653,29797.60635106375,29910.005088019036,28883.819402525813,30352.002982944512,30718.595825691125,30077.013508317144,30763.802561929606,30991.602140914703,31942.19498366131,32247.38908945264,31458.996667720938,31600.401719899797,31707.5937206166,31757.802561929613,31712.992457571883,31998.397509750743,31101.203403959415,29954.220244555625,31628.399614825274,32103.19287858679,30997.604245989223,30251.414350346957,30285.80887715318,31770.992457571883,30976.800456855082,35335.75414521553,38398.91246473993,40958.23752408683,44531.73142833074,34420.01394725214,30422.313306769745,29805.747829991953,27220.391194527172,27007.595825691125,24405.83413804749,27486.399614825274,25704.629506883535,25310.422770645055,26471.026138764297,26678.827822823914,26161.635822107113,27945.815192376762,26944.030348913344,27923.82150760034,28252.422770645055,29849.40382497432,28742.21182425752,29942.80256192961,30464.199193810364,29413.412245272426,31288.990352497363,29577.011403242614,30023.412245272426,31207.39750975075,32022.188668437735,29677.821507600343,31508.99456264641,33071.78151118436,32505.589510467555,32086.98824742284,31426.602140914703,30593.207614108465,31132.604245989234,32251.591615542075,31210.002982944512,30185.412245272426,30198.817297451285,30414.813087302235,30775.207614108473,30116.60635106375,31284.192878586786,31677.18866843774,33145.78151118436,37589.5179379337,41136.433734952676,44703.3284812264,33324.23331393778,30752.914569814457,29969.140251723667,27060.787826407934,25231.61898151091,26076.79835178056,23794.43750616673,25674.621086585434,25214.63161195806,25397.2349800773,26239.2265597792,26055.832032972965,27160.621086585434,27011.827822823914,28486.21182425752,27925.420665570527,22773.473292433664,28372.019823540715,29408.80466700413,29167.011403242614,29217.813087302235,29893.20971918299,28575.825717749387,29724.013508317144,29917.20550903394,29980.00719309356,31568.994562646414,32100.391194527176,31875.79624670603,32544.98824742284,31083.199193810367,33405.17814306512,31926.994562646407,31097.20340395941,30263.612666287325,31160.802561929606,26977.034559062395,31553.199193810364,30215.810982227707,30078.412245272426,30792.804667004126,30179.80466700413,32087.787826407934,34900.351198111195,36215.13393650008,39745.25015453398,45130.33058630093,34130.2185784161,30361.714148799547,29675.74572491743,26396.79624670603,25333.813087302235,23940.030348913344,24465.83413804749,26020.21603440657,24880.836243122016,27005.205509033945,26013.825717749387,24842.049294584074,26838.825717749387,28543.602140914703,27094.416455421477,26784.03245398787,27244.026138764297,27848.424875719575,27852.82361267486,29725.40382497432,29148.40803512337,29365.61266628733,28898.21603440657,29733.00929816809,30709.595825691125,30136.806772078657,30800.20340395942,32417.78151118436,31506.595825691125,32776.981932199255,32296.587405393024,32682.18656336322,31002.800456855082,30936.403824974324,31692.397509750746,31478.199193810367,29781.806772078657,30023.01350831714,30704.40803512338,30557.40382497432,29654.418560496,31370.796246706028,32656.37856408002,33861.96509160306,38097.71204372503,39144.85773280227,45707.52048194321,32099.644681340218,29959.524253157273,27809.97351190116,23639.82150760034,22813.838348196543,24278.02824383882,25407.412245272426,24796.623191659957,24074.648452554262,25280.03245398787,26163.616876436383,25102.84676849464,27014.01982354072,25471.842558345594,27553.218139481098,26427.633717032586,27712.621086585434,26249.241295300875,28054.819402525813,28133.024033689766,28309.02403368977,31103.18445828869,30627.399614825274,29161.412245272426,29502.412245272426,29574.01350831714,30925.197088735837,30472.40382497432,25435.85308371822,31762.79203655698,31540.194983661317,31595.19708873584,32551.98403727379,31542.99877279546,31973.3932996017,30801.209719182996,30870.604245989227,30079.21182425752,30679.00508801904,29956.612666287332,28909.424875719575,30557.405930048844,29642.6105612128,31244.19287858679,33895.96509160306,35963.7351995448,37998.67836253262,42938.5520580611,32579.83036683345,31524.091835009578,27978.969301752113,25534.595825691125,22888.040874285973,23907.429085868633,23906.237085151828,23624.040874285973,24940.431190943156,23562.25392574803,24221.648452554262,24562.65055762879,25358.241295300875,25498.034559062395,26148.633717032586,26213.218139481098,27603.61898151091,27023.829927898438,27479.424875719575,28705.81519237676,27817.028243838817,28303.22234963015,28047.621086585434,26818.04508443502,28607.22234963015,29974.40803512337,30943.996667720934,29811.21182425752,29564.612666287325,30047.610561212805,31108.60003584018,30773.005088019036,31308.597930765653,31791.98824742284,31160.6021409147,31980.3932996017,31220.397509750743,31710.591615542075,29611.81519237676,28697.424875719575,29455.218139481098,29596.013508317137,30994.595825691125,30176.60635106375,32706.775195960785,35586.13604157461,39690.84931250417,43091.54784791205,32083.448470474363,29872.108675605785,26232.38908945265,23956.623191659957,23859.222349630152,24014.418560496004,22179.05560980765,24164.637927181637,22688.258135897082,23823.65055762879,24286.646347479735,24567.84255834559,25060.443821390305,25630.03666413692,25071.047189509547,26486.23076992825,25767.840453271067,26866.63161195806,26836.63161195806,27282.426980794102,27411.43329601768,25411.05560980765,28762.418560496004,28575.618981510906,29673.806772078657,30296.600035840176,29735.61266628733,24509.26234604613,30963.20129888489,30724.403824974324,30706.00298294451,30141.007193093563,30053.810982227707,30766.604245989227,31677.395404676223,31139.19708873584,29888.61687643638,29074.616876436383,28614.625296734484,28851.618981510906,29598.813087302235,29907.806772078653,29441.608456138278,33156.16761769249,35431.522148082746,39432.25015453398,39852.19542259631,32382.03710307193,28959.92509518708,24820.205509033945,21904.85097864369,22343.243400375402,21616.45645183746,21253.86571416537,22463.45645183746,22773.25813589708,23369.85308371822,23684.251820673504,24231.648452554262,24432.251820673504,25437.23076992825,24728.648452554262,25046.64424240521,26108.237085151824,26815.02403368977,26447.034559062395,25707.047189509547,28033.420665570527,28024.019823540715,28596.218139481098,28475.01771846619,28048.2349800773,29012.614771361856,28733.22024455562,28920.62108658543,30515.20129888489,31006.996667720938,31227.99456264641,29121.019823540715,30677.199193810364,30224.009298168086,30622.806772078653,32428.18024813964,29661.81098222771,24775.057714882176,30255.408035123375,28617.420665570527,29067.416455421477,29952.80466700413,29355.002982944512,31077.186563363215,32572.370143781918,33959.74151476838,37705.47162629414,40955.5773189554,30446.870363249425,26751.95246115591,27345.96298652853,21441.85308371822,21625.65055762879,20533.47118735914,21563.66529315047,21125.876239538,21444.47118735914,23699.047189509547,22941.249715598977,25307.03245398787,24948.03666413692,24444.648452554262,27681.597930765653,24406.454346762934,25309.443821390305,25561.040874285973,25233.84676849464,25457.64424240521,26577.239190226348,27083.829927898438,27511.230769928246,27019.038769211445,28818.813087302235,27872.829927898438,28918.22024455562,29199.216034406567,29430.815192376755,29651.21392933204,29121.813087302235,29856.00929816809,29521.01350831714,29378.81729745128,29116.019823540715,29512.213929332043,30227.405930048848,29427.015613391668,29200.019823540715,27105.63161195806,30001.608456138274,28088.026138764297,28809.61266628733,29384.405930048844,29939.19287858679,33586.752040141,36800.47162629414,40995.7693196722,30107.467416145086,25902.5684597223,24625.604245989234,20928.853083718222,20277.861504016324,19707.876239538004,20769.8678192399,21533.458556911988,22652.65476777784,22703.652662703316,23236.051399658598,23010.661083001418,23792.053504733125,23869.855188792746,23806.05560980765,23277.466977210086,25684.443821390305,26820.42908586863,25919.040874285973,27935.610561212805,26726.435401092203,27242.431190943156,27926.819402525813,27625.829927898438,27767.829927898438,27716.83413804749,28787.819402525813,29729.80466700413,29866.009298168086,27686.026138764293,28893.825717749387,30774.39750975075,29717.40803512337,29920.4101401979,29530.815192376755,29677.614771361856,29975.4101401979,28647.021928615242,29127.01771846619,25915.047189509547,28627.021928615242,28686.614771361856,27725.422770645055,29223.602140914703,28482.81098222771,34291.33014736594,37886.45478569794,41205.16805662749,29119.07499441338,26232.351198111195,23785.800456855082,20535.656872852367,19654.67371344857,20004.469082284613,19481.48802795534,20364.072450403855,21330.070345329328,23209.85097864369,23686.646347479735,22717.663188075945,22413.270766344234,24199.445926464832,24747.64424240521,24889.848873569164,24444.85308371822,25157.443821390305,25447.0429793605,24701.253925748028,26166.43750616673,26851.034559062395,25120.25813589708,28454.21603440657,25884.64003225616,29327.60845613828,28838.22024455562,29842.00719309356,30841.600035840176,29700.414350346957,30062.412245272426,30244.4101401979,29723.412245272426,30140.009298168094,29309.420665570527,28162.629506883535,29523.61266628733,28713.623191659954,28191.42908586863,31022.384879303594,28575.422770645055,28558.01771846619,28684.608456138278,28879.20761410847,31176.97772205021,34522.724674172176,38206.04762844455,41735.55626821015,29139.87246832395,23973.188668437742,22946.416455421477,19680.46276706104,19616.671608374047,21154.652662703316,20604.861504016324,20566.874134463476,21342.466977210086,24080.026138764297,22337.25392574803,23933.448031539356,23145.25813589708,22712.466977210086,23054.061925031227,23909.251820673504,25110.441716315778,25732.838348196543,25299.0429793605,25902.838348196543,25734.64003225616,27011.026138764293,26664.63161195806,27531.422770645055,28666.815192376762,29279.20761410847,29230.813087302235,29982.20550903394,31044.3932996017,28834.819402525813,30090.408035123368,29283.817297451285,29555.21603440657,29948.412245272426,30354.602140914707,28820.224454704672,30054.408035123375,28286.021928615242,28302.827822823914,28447.024033689766,29841.005088019036,27789.019823540715,29201.80256192961,31751.773090886254,35714.908254590875,38083.04552337002,41903.75879429958,25861.112885754836,23714.773090886258,21818.62740180901,20384.45224168841,19174.270766344234,18505.67792359762,20412.070345329328,19630.88044968705,21303.867819239902,20671.67792359762,21891.863609090848,22541.861504016324,24427.629506883535,24037.84676849464,23503.053504733125,23917.652662703316,25214.635822107113,23837.25392574803,25330.439611241258,24767.443821390305,25184.243400375402,25750.836243122016,25899.629506883535,26268.63161195806,27240.224454704672,27808.819402525813,27903.01982354072,29723.998772795465,28498.405930048848,29557.80466700413,30020.401719899797,28531.22024455562,30826.796246706035,28762.01771846619,28446.021928615242,29857.604245989227,29579.604245989227,29642.002982944512,28462.82361267486,29163.21182425752,29160.6105612128,29147.005088019036,27452.825717749387,29896.587405393024,30925.17603799059,31658.5600394242,37205.64678641474,39963.961320389004,25289.106570531258,23472.169722767016,20850.2349800773,18869.266556195187,19024.47118735914,19232.869924314426,19600.87202938895,19590.47750258272,20653.06403010575,19597.27708156781,21142.66529315047,21031.471187359137,21328.667398224992,22762.053504733125,23411.249715598977,23585.445926464832,24510.836243122016,24654.64003225616,26898.99456264641,24966.03666413692,24929.832032972965,25727.026138764297,25408.633717032586,27375.614771361856,26887.424875719582,27297.416455421477,28103.606351063754,28054.60845613828,28770.600035840176,27695.416455421477,28483.40803512337,28303.808877153184,28323.604245989227,28946.002982944512,28694.209719182993,28749.401719899797,30498.380669154547,29885.389089452645,28753.401719899797,28512.002982944512,27967.606351063754,28380.80256192961,28790.99035249736,31284.954566230434,31036.53898867895,33928.068679189804,33931.007632028566,21417.555829275152,19869.017718466195,18305.247610524457,17582.473292433664,16345.085080851008,16194.500658402496,17348.266556195187,20483.832032972965,18539.67371344857,20486.435401092207,20811.053504733125,21598.832032972965,21006.846768494644,21910.036664136922,23150.40803512338,21683.047189509547,23270.621086585434,22635.049294584074,24541.007193093566,22784.43329601768,25056.794141631508,23050.02824383882,26310.5600394242,24298.823612674863,26699.99456264641,26534.606351063754,25663.416455421477,24857.827822823914,26985.370143781918,26040.009298168094,26947.597930765653,25708.017718466195,26909.996667720938,26075.21603440657,26329.806772078657,25195.220244555625,26892.399614825274,26372.399614825274,25276.815192376762,25943.405930048848,25238.612666287332,27244.785721333406,25680.4017198998,26616.36593363287,28904.94193578329,27505.956671304957,26590.138146649144,27295.277520502805,28322.372687791452,27609.99921173047,30542.366372567878,29165.20384289442,28889.197527670844,23612.726779246703,25258.480046592234,33244.5604783592,31720.617315371383,31404.21436826705,28967.866153100375,30150.838787131543,35399.54995298657,31128.04131322098,30764.65731178737,32244.037103071925,33084.83247190797,33272.83036683345,32131.8514175787,34592.61731537138,37766.36637256786,37925.5604783592,36428.9928965069,37464.58994940256,39072.5773189554,34770.84089220607,34073.04131322097,38270.98237113426,36328.81773638629,41116.543637762996,35614.82826175892,38893.17647692559,38573.58784432802,36967.210158117996,41974.93816456923,35806.026577699304,40795.90237830229,30563.477941517718,36772.018157401195,44722.50995657059,43585.72300803265,41329.34953197167,30190.501097337496,29357.513727784648,32598.47162629414,30694.680467607148,27691.686782830722,51549.951233951375
45,27793.727365793326,16806.314616749878,23172.740731958715,26561.565982791246,29195.507053964233,29758.159592942873,27459.499799739562,29298.20923023164,30241.712857343977,32504.670474279887,30436.308504809167,29090.11924719235,29456.93724380021,29971.920698037287,33262.8359319091,32666.4315793743,35142.71082003041,31255.341596335013,33204.88556919787,30692.52359972716,36951.65189120339,36342.214447142745,36705.644636978715,32039.523599727152,37843.27133865618,39973.6333081269,38508.87424034605,39689.16277254041,39452.41095898424,37011.214447142745,39790.046952199955,40216.74912846736,39295.824603057285,37048.78425730677,39301.51023356177,35724.51227087534,43838.7874369043,37627.02315221235,43548.99527759761,44101.68090810209,41264.83911150663,40680.44201319651,38573.36857592015,33144.93316917306,25655.54014549008,33014.741874242674,13113.746843899422,6066.76224737838,12892.417965954553,17276.64756932189,19046.919555753317,20791.22463371059,21591.95990150384,20374.97644726676,19873.68791507241,21291.059176081373,23272.049884543125,23694.900972676827,24914.354962500398,22260.777898111694,24591.884426913904,26399.024047241954,25401.924772664424,27398.461491302605,24828.917518439746,24239.066430306044,24674.834789625136,26345.12332181949,27420.693131983513,26740.23914215994,25689.116067594812,26028.768606573445,24741.264979461113,27292.742769272278,25623.652786232997,25927.15641334533,25745.818243862217,25121.231887935264,25832.066430306044,27324.362216725072,25772.983701491434,26558.371508263317,25292.983701491434,24731.41389132741,24070.009538792605,26880.89168113858,23784.89371845215,24010.67862353416,23345.628986245396,23596.446982853253,22763.513165904944,20009.22463371059,14351.938138829815,24422.961043787804,16456.472820154424,18702.423182865656,22128.81098963754,22793.628986245396,22531.55554896903,23223.95990150384,24456.612440482473,23331.20808794767,24968.628986245396,25874.149159120654,25211.794443874616,26756.900972676824,25791.4800743791,26478.149159120654,27925.503874366696,29843.693131983513,32092.55147434189,31381.38601671267,28306.437691315004,27019.29807098695,29397.792406561046,28333.71896928468,30134.577311643057,29549.30532521163,28259.86788115098,28315.70242352176,28963.2060506341,28995.735515047607,30763.626948931822,28748.570057418383,28950.60314894423,29471.37150826332,30033.2060506341,29247.454237077927,29148.421145552085,30230.792406561046,28776.586603181306,28252.917518439746,29947.56076588014,29368.354962500394,29533.28877944871,27466.116067594812,28369.437691315004,30760.03130146663,29682.501837053125,23605.875135375656,21040.0571387678,23580.7003862082,27926.253650609295,27908.792406561042,26477.116067594812,24965.860626926304,24785.893718452146,23934.737552361177,24284.737552361174,25855.943355740917,27697.033338780202,27108.612440482473,27687.149159120654,27940.116067594812,26933.628986245396,30717.024047241954,27624.59589471955,29993.47078284085,28121.314616749874,29169.900972676824,29778.68587775884,28597.116067594812,30892.99095571611,29615.834789625136,23065.66411508481,30165.70242352176,28720.1822506465,29725.652786232997,29682.96715572851,29867.950609965592,30576.47078284085,30716.503874366696,31232.354962500398,31810.040593004876,32102.759315035208,31038.70242352176,30872.024047241954,30455.70242352176,31468.239142159942,30088.752060810526,31562.12332181949,31898.875135375656,30487.669331995916,30870.30532521163,31240.12332181949,32653.478037065528,33846.170921794685,33983.47396243838,29233.069609903585,29095.086155666508,28519.485291290206,28397.0571387678,26253.41389132741,25456.943355740917,22842.985738805008,26390.57934895663,25574.84408116338,25307.505911680266,28843.96715572851,26312.191542184744,28461.364254038643,28999.231887935268,29083.231887935268,29488.116067594812,30468.752060810526,28297.761352348774,29066.41389132741,29458.149159120658,26747.40663710273,28118.042630318447,28171.97644726676,31766.22259639702,31042.752060810526,32662.13986758241,35182.18746755761,32878.924772664424,31226.735515047603,31095.86788115098,30972.149159120654,32562.33841673748,33447.924772664424,31740.520420129615,33493.908226901505,32359.28877944871,32187.553511655464,31948.45423707793,31468.71896928468,32586.090230293645,31582.669331995916,31866.47078284085,31816.272233685784,30764.76860657345,32067.090230293645,35350.68384044527,36899.52563704072,37939.1099556541,36515.909369185465,33153.33230479677,29908.237104846372,28214.139867582406,25257.662077771238,24504.191542184744,26219.612440482473,25858.926809977995,27049.36425403864,25324.68791507241,27030.009538792605,27478.893718452146,27018.158450658902,28244.678623534164,26915.654823546563,28642.72826082293,30618.851335388055,28660.877172689226,28957.744806585848,29312.860626926304,29629.595894719554,29977.430437090334,29614.728260822925,28999.943355740914,30451.281525224033,31954.503874366696,30627.24843369819,29650.72826082293,32449.38805402624,31634.93406420267,31980.68587775883,32722.503874366696,32236.53696589254,31604.867881150978,32017.70242352176,32199.75206081053,34721.57731164306,30807.198796409422,32592.5038743667,32214.45423707793,32276.52042012962,31088.851335388055,29734.165704883577,32499.792406561042,32464.97440995319,34323.246396384624,36054.088192980074,38049.62287430469,41186.155518315725,34837.35610478437,30722.70764043287,28758.858589612733,25424.91026421507,24961.208087947667,26200.628986245396,24950.356999813965,25077.241179473513,25520.63827778364,25987.406637102733,27391.893718452146,24704.16774219715,27228.108813370134,28496.79444387462,28768.79444387462,26857.63827778364,29358.51316590494,28857.97644726676,30394.198796409422,29583.430437090334,28666.274270999358,28409.290816762277,29466.82753540046,30388.496620142017,28909.992993029682,31126.149159120658,31436.983701491437,31696.04988454313,29662.777898111694,33771.321870974556,30299.51316590494,30324.595894719554,32907.30532521163,32009.85133538806,32903.321870974556,30167.165704883577,32307.570057418387,32360.58660318131,30889.331162512794,33762.924772664424,32738.89168113858,31819.272233685784,34758.13057604416,37362.62491161826,38411.50705396423,42773.22170136741,35392.27337596975,31752.57527432949,28068.106776056564,24540.009538792605,25736.827535400458,25077.274270999354,25786.959901503837,25828.25772523643,25239.80373541286,26251.125359133057,27434.026084555524,26528.423182865652,26365.68791507241,27724.092267607215,26716.439728628575,27300.439728628575,29583.41389132741,27209.654823546563,27738.40663710273,28319.191542184744,30337.364254038643,29208.81098963754,27914.4562743915,28665.092267607215,29488.827535400458,33743.4614913026,30611.298070986955,30946.446982853256,28968.009538792605,30016.61244048247,29045.108813370138,29957.695169297087,30819.24843369819,30801.446982853253,32512.38805402624,31415.983701491437,31295.983701491434,31652.867881150978,31779.735515047607,32715.503874366696,31905.536965892537,31761.461491302605,31974.38805402624,32294.22259639702,34020.44494553968,35403.750023496956,40489.23303021923,44439.576416613454,35565.20719291807,33166.665257368775,29522.42839977676,26170.496620142017,24575.37354557689,21647.680660847735,24372.770643887015,25751.323908288123,25925.439728628575,25960.489365917343,27245.14190489598,25582.80373541286,28416.612440482473,24930.250471011757,28286.89371845215,27742.125359133057,28676.877172689226,28629.075721844292,29199.744806585848,29379.81098963754,28369.009538792605,28509.959901503837,28874.959901503837,28312.026084555524,31059.165704883577,29845.728260822925,29974.4800743791,30344.546257430786,34645.04784722955,30112.51316590494,31124.132613357735,31521.76860657345,29756.595894719554,31055.198796409422,30423.34770827572,30940.3311625128,31777.80169809929,31780.132613357735,33038.272233685784,32140.470782840846,31543.570057418383,30488.01679301728,31524.520420129615,34450.14712180709,38061.376725174414,40824.49776242598,44478.11313525164,34114.81938614618,30785.823460773317,29523.42839977676,26599.21534217234,25624.777898111694,24442.489365917347,24439.68791507241,24830.671369309486,26690.97644726676,26200.39009133981,26421.4562743915,28397.430437090334,25704.85337270163,26742.39009133981,26427.72100659825,28431.827535400458,26955.47282015442,29998.38079980156,27818.3073625252,28007.042630318447,27469.55554896903,27188.489365917343,29589.628986245396,29458.761352348774,30411.51316590494,29875.579348956628,29259.844081163385,30896.082976068963,30330.331162512797,30623.38079980156,29887.579348956635,28028.24117947351,29800.64553200832,33065.272233685784,29549.695169297083,29223.943355740917,30124.562803193705,32993.189504871174,32315.669331995916,32418.75206081053,30716.281525224036,30333.182250646503,30594.01679301728,32540.288779448714,34007.31257943631,38051.22781330813,40234.76249463274,45227.60021660105,36140.79354884501,31045.57527432949,28920.709677746432,26333.446982853253,25164.241179473513,23892.01883033085,24621.47282015442,25978.092267607215,26619.893718452146,25352.55554896903,27339.81098963754,26400.39009133981,26522.423182865652,26330.794443874616,26979.52245744319,27461.191542184744,27322.423182865652,27906.108813370134,26994.737552361174,28964.71171506001,28208.24117947351,30072.463528616176,27821.40663710273,34261.246396384624,30177.54625743079,29709.81098963754,29190.827535400458,29608.64553200832,30384.46352861618,29444.794443874624,30255.562803193705,29565.529711667863,28455.14190489598,28919.059176081366,30450.463528616172,30458.347708275724,31113.132613357735,31767.000247254357,30868.26497946111,31701.818243862217,30324.21534217234,29861.34770827572,32445.156413345336,34884.06439299248,39359.483253976636,40282.59703700352,45610.815311519036,33845.10066411586,31048.509091277803,28831.80895232397,25909.51316590494,24823.158450658902,25609.744806585848,23898.85337270163,26037.075721844292,26449.026084555524,24434.01883033085,27399.844081163385,26947.14190489598,25665.737552361174,26441.39009133981,28326.711715060002,27868.05917608137,28779.71171506001,29113.761352348774,27649.290816762277,28725.744806585848,27412.439728628575,29244.72826082293,28450.05917608137,28022.3073625252,31295.735515047603,28004.373545576887,29844.612440482477,29703.57934895663,30019.513165904937,29668.860626926304,30532.430437090334,29499.976447266763,29229.893718452146,30342.480074379095,30928.28152522403,30269.57934895663,31960.75206081053,32012.80169809929,30752.281525224036,29810.4800743791,30174.314616749878,30532.198796409422,31374.71896928468,34401.4614913026,36726.84000653624,40072.911406499035,46302.136935239236,35448.95900647423,30887.674548907024,28858.89168113858,25912.529711667863,24542.241179473513,23849.820281175784,24192.671369309486,25701.191542184744,27569.51316590494,24720.00228456793,26520.158450658902,26960.05917608137,27214.125359133057,26650.4562743915,28128.844081163385,28383.695169297083,28325.761352348774,24704.300108300522,27555.290816762277,29266.56280319371,29263.79444387462,29120.860626926304,28559.81098963754,29250.66207777124,29204.66207777124,29675.64553200832,29174.844081163385,29209.777898111694,29548.66207777124,30481.347708275724,30457.430437090337,29187.66207777124,29452.844081163385,27881.58864049488,29309.777898111694,30916.033338780202,30127.331162512797,29722.89371845215,31612.867881150978,30854.198796409422,31025.900972676827,29939.51316590494,29433.43043709033,32286.99095571611,33390.97440995319,36327.253650609295,41409.10066411585,46706.93838608416,35208.992098000075,30942.509091277803,29461.461491302605,25884.314616749878,24613.323908288123,25581.827535400458,24912.472820154424,26224.91026421507,27127.612440482473,26617.22463371059,26884.158450658902,28896.68587775884,28339.364254038643,29290.066430306048,27897.827535400458,27625.108813370138,28202.893718452146,29201.612440482473,30096.198796409422,28060.14190489598,28634.91026421507,30384.281525224033,29930.248433698187,29015.926809977995,28442.22463371059,29693.64553200832,29259.893718452153,28786.992993029682,31602.89168113858,30845.21534217234,29253.323908288126,30330.364254038646,30229.314616749878,30524.29807098695,31156.248433698183,30635.364254038646,30979.182250646503,30491.314616749874,30570.132613357735,30192.4800743791,31032.917518439746,30670.000247254357,34775.16366757001,37109.87309806209,40151.911406499035,44016.576416613454,33692.88556919787,30877.624911618255,23476.241179473513,26854.900972676824,25693.36425403864,24238.439728628575,24945.208087947667,25364.042630318447,26823.67862353416,26362.125359133057,26537.009538792605,26189.340454051046,27088.97644726676,25897.55554896903,26642.406637102733,28457.38079980156,27694.992993029682,28627.628986245396,28876.612440482473,27971.05917608137,29649.198796409422,28735.827535400458,29850.51316590494,28106.026084555524,29905.454237077927,29707.612440482473,29610.744806585844,29857.446982853253,29641.76135234877,31659.83478962514,31797.65278623299,29417.57934895663,29965.4800743791,25998.85337270163,29460.71171506001,31284.066430306048,29200.79444387462,28887.009538792605,29625.76135234877,30172.281525224033,30478.96715572851,30244.21534217234,31036.189504871174,32958.990955716115,37378.82346077332,39041.54014549007,46486.070752187545,33891.70356580573,30302.939281113773,29498.064392992477,25538.364254038643,25604.546257430786,24448.3073625252,23691.78718964994,23879.118104908383,23923.323908288126,25365.472820154424,25106.55554896903,26104.22463371059,25032.869918464552,26736.191542184744,26534.290816762277,27495.943355740917,27568.009538792605,27947.877172689226,28687.678623534164,29027.546257430786,28426.71171506001,29534.347708275724,29213.463528616176,30140.165704883577,29312.57934895663,29408.71171506001,29277.695169297083,29491.529711667863,30555.248433698187,30845.983701491434,32834.321870974556,30084.4800743791,31332.917518439746,27741.505911680266,29273.761352348774,30648.09952183189,29378.79444387462,28955.97644726676,28547.208087947667,30106.496620142017,28107.52245744319,29316.678623534164,29908.033338780202,30923.71896928468,32451.172959108255,36620.005464165464,40853.46467090014,45590.69949117858,34086.62083699112,29482.2536506093,29489.96511841494,27648.09023029364,25775.000247254357,24735.711715060006,24664.158450658902,24710.4562743915,25222.25772523643,24003.985738805008,24840.62173202072,25211.572094731953,26762.992993029682,26889.05917608137,27413.84408116338,28095.446982853253,23280.66411508481,29475.09952183189,28998.198796409422,28638.529711667863,28886.4800743791,27687.042630318447,29123.39734556449,29669.116067594812,28826.81098963754,29663.38079980156,29876.364254038643,30623.082976068967,30988.851335388055,30083.149159120658,30411.34770827572,30459.033338780202,30503.380799801565,30481.983701491434,30732.182250646503,30060.41389132741,28780.075721844292,30341.264979461113,30858.000247254357,29701.446982853253,29005.844081163385,29177.628986245396,30401.983701491434,29496.298070986955,33799.47803706553,37067.84000653624,39477.894860736116,43354.72532847975,33461.96829801248,29499.87309806209,28643.229850621698,26259.93406420267,25916.116067594812,23575.62173202072,26432.26497946111,24733.439728628575,24294.174996421825,25493.3073625252,25649.373545576887,25173.68791507241,27040.877172689223,25933.472820154424,26804.125359133057,27031.174996421825,28921.430437090334,27631.744806585848,28870.38079980156,29305.248433698187,28424.761352348774,30080.900972676827,28443.72826082293,28634.761352348774,29900.182250646503,30729.834789625136,28721.125359133057,30595.066430306048,31786.55351165546,31272.867881150978,31095.818243862217,30066.364254038643,29362.57934895663,29819.446982853253,30815.950609965592,30167.39734556449,29186.761352348774,29105.959901503837,29308.79444387462,29662.57934895663,29077.529711667863,29984.000247254357,30419.834789625136,31985.55351165546,36303.05510145423,39607.745948869815,43419.6095081393,32275.729403106896,29732.922735350854,29056.9320268891,26093.80169809929,24175.026084555524,25198.21534217234,22851.754098124096,24748.108813370138,24369.52245744319,24302.654823546563,25147.323908288123,25083.53900320611,26070.108813370138,26176.373545576887,27227.744806585848,26644.092267607215,21959.160487972473,27207.05917608137,28266.463528616176,28068.72826082293,27917.794443874616,28677.66207777124,27501.290816762277,28408.81098963754,28674.496620142017,28836.56280319371,30377.066430306048,30777.93406420267,30753.132613357735,31344.81824386222,29859.248433698187,32144.421145552085,30828.066430306044,29767.41389132741,29075.777898111694,29987.38079980156,25994.63827778364,30265.248433698187,29079.71171506001,28924.761352348774,29558.463528616176,29018.463528616176,30772.80169809929,33697.36221672507,34913.68384044527,38436.39123362377,43710.69223695391,33027.150301404625,29215.906189587935,28562.147121807087,25466.132613357735,24305.794443874616,22892.472820154424,23396.62173202072,24983.91026421507,23956.70446083533,25987.496620142017,25009.290816762277,23579.217379485915,25614.290816762277,27571.36425403864,26037.926809977995,25543.55554896903,26333.3073625252,26877.25772523643,26745.208087947667,28561.43043709033,27981.59589471955,28307.777898111694,27894.91026421507,28463.64553200832,29591.116067594812,29137.546257430786,29475.41389132741,31271.55351165546,30360.116067594812,31572.570057418383,31028.78515233637,31189.752060810526,29869.298070986955,29778.430437090334,30502.182250646503,30237.248433698187,28674.546257430786,28793.81098963754,29559.595894719554,29283.430437090334,28558.009538792605,30359.132613357735,31333.437691315008,32747.9082269015,36667.82346077332,37918.68905735637,44095.29513864378,31426.176138705792,28875.303287898063,26606.23914215994,22658.12535913306,22077.787189649942,23302.39009133981,24772.76135234877,23900.191542184744,23156.18428796007,24299.55554896903,25126.943355740917,24001.118104908383,25979.05917608137,24502.95264727916,26421.992993029682,25375.6051862578,26706.108813370138,25078.903009990394,26930.042630318447,26919.22463371059,27038.22463371059,29927.669331995916,29446.264979461113,27922.76135234877,28497.76135234877,28543.81098963754,29743.165704883577,29273.430437090334,24553.366291352213,30550.96715572851,30402.082976068967,30335.165704883577,31157.652786232993,30221.231887935268,30754.01679301728,29433.66207777124,29861.446982853253,28991.744806585848,29437.4800743791,28932.777898111694,27741.25772523643,29351.51316590494,28704.695169297083,29827.000247254357,32668.9082269015,34740.73347773403,36691.499799739555,41413.53607086293,31658.613582766448,30528.02926415306,27226.07368453072,24725.116067594812,22008.886464227475,23066.423182865656,22821.737552361177,22756.88646422747,24020.505911680266,22647.39938287806,23201.18428796007,23611.26701677468,24306.903009990394,24706.638277783644,25124.6051862578,25135.992993029682,26522.026084555524,26113.4562743915,26469.25772523643,27484.877172689223,26719.39009133981,27443.158450658902,27180.108813370134,25769.051921856695,27545.158450658902,28725.595894719554,29672.149159120658,28831.744806585848,28496.777898111694,29121.695169297083,30197.281525224033,29632.4800743791,30242.198796409422,30705.818243862217,30038.364254038643,30772.01679301728,30082.182250646503,30515.950609965592,28565.877172689226,27677.25772523643,28208.992993029682,28414.81098963754,30022.116067594812,28955.529711667863,31365.30532521163,34322.76656925988,38429.35814209793,41847.37061323371,31057.325050572093,28980.691094669943,25341.851335388055,23081.191542184748,22893.158450658902,23191.009538792605,21294.46556592975,23401.770643887023,21719.56484050728,22983.26701677468,23402.10155914546,23486.952647279162,24150.002284567927,24589.72100659825,24172.134650671305,25339.489365917343,24903.869918464552,25751.52245744319,26034.52245744319,26281.340454051046,26098.588640494876,24549.465565929742,27545.009538792605,27516.026084555524,28585.546257430786,29134.281525224033,28615.777898111694,23647.7302981365,29775.331162512797,29660.430437090334,29626.39734556449,29032.56280319371,28813.711715060006,29429.446982853253,30431.09952183189,30003.165704883577,28743.943355740914,27974.943355740914,27625.274270999354,28075.026084555524,28504.79444387462,28809.546257430786,28307.612440482473,31984.007501479035,34269.22055908345,38134.39123362377,38607.240284443906,31349.8783149732,27658.336379423905,23958.496620142017,21137.283562537603,21427.985738805008,20816.498657455588,20510.862664239874,21640.498657455588,21766.56484050728,22538.366291352213,22923.316654063445,23433.18428796007,23344.316654063445,24459.489365917343,23817.18428796007,24236.01883033085,25051.737552361174,25884.22463371059,25488.638277783644,24766.134650671305,26742.092267607215,27109.05917608137,27496.992993029682,27365.97644726676,26811.654823546563,27794.860626926304,27722.075721844292,27582.108813370134,29249.331162512797,29885.149159120658,30060.066430306048,28017.05917608137,29542.248433698187,28957.64553200832,29448.546257430786,30995.503874366696,28448.711715060006,23727.548294744356,28956.595894719554,27671.092267607215,28140.926809977995,28890.463528616176,28321.39734556449,30114.752060810526,31319.106776056564,32890.98166417786,36447.2350675328,39513.52881663826,29301.18543024404,25845.411854013837,26515.82549808689,20638.366291352213,20658.267016774684,19756.077759157863,20619.846118476955,20315.27630831293,20724.077759157866,22728.13465067131,21968.23392524884,24278.55554896903,24029.72100659825,23534.18428796007,26791.19879640942,23292.415928640978,24455.002284567927,24663.88646422747,24180.118104908383,24472.01883033085,25653.820281175784,26205.4562743915,26189.489365917343,25935.80373541286,27814.79444387462,26996.4562743915,27781.075721844292,28071.91026421507,28327.877172689226,28586.827535400458,28045.79444387462,28865.64553200832,28534.81098963754,28315.959901503837,27786.05917608137,28389.827535400458,29066.51316590494,28233.89371845215,28080.05917608137,26162.52245744319,29099.612440482473,27197.3073625252,27846.777898111694,28419.51316590494,29001.000247254357,32241.395308250918,35626.2350675328,39730.21444714274,29157.069609903585,24991.04059300488,23827.446982853253,20183.366291352213,19330.697206610657,18792.27630831293,20082.945393054484,20837.5813862702,21715.432474403904,21871.349745589294,22390.300108300526,22076.680660847735,22920.382837115136,23029.449020166823,22961.465565929746,22358.912301528642,24735.00228456793,25695.423182865652,24866.88646422747,26976.695169297083,25559.671369309486,26155.505911680266,26928.042630318447,26685.4562743915,26537.4562743915,26656.62173202072,27703.042630318447,28691.463528616176,28606.64553200832,26512.3073625252,27680.290816762277,29719.182250646503,28667.59589471955,28687.678623534164,28451.877172689226,28493.860626926304,28898.678623534164,27632.14190489598,28010.97644726676,24891.134650671305,27416.14190489598,27636.860626926304,26724.174996421825,28343.36425403864,27573.711715060006,33128.53492857897,36585.57323701592,39943.16480985397,28306.367433636176,25311.36221672508,22968.29807098696,19808.515203218514,18824.177033735396,19269.995030343256,18587.739589674748,19669.12739644663,20515.04466763202,22298.283562537603,22696.10155914546,21864.763389662345,21600.061213394943,23308.085013382537,23920.01883033085,23930.200833722993,23424.366291352213,24001.00228456793,24513.96919304208,23546.39938287806,25138.754098124096,25683.638277783644,24383.56484050728,27571.91026421507,24881.85337270163,28198.612440482473,27655.075721844292,28820.56280319371,29694.281525224033,28273.84408116338,29033.761352348774,29045.678623534164,28589.76135234877,28914.64553200832,28297.092267607215,27006.439728628575,28558.777898111694,27572.191542184744,27171.423182865652,29873.68587775884,27439.174996421825,27369.97644726676,27607.612440482473,27967.579348956628,30123.404599789163,33404.31983366098,36828.29195904624,40469.70152849215,28283.26815905865,23099.834789625136,22125.926809977995,19186.746843899422,18793.094304920785,20390.349745589294,19784.697206610657,19894.19357949832,20622.912301528642,23269.3073625252,21482.39938287806,22993.16774219715,22350.56484050728,21806.912301528642,22227.713752373576,23037.316654063445,24360.919555753317,24738.78718964994,24158.96919304208,25100.78718964994,24766.85337270163,25931.3073625252,25717.52245744319,26547.174996421825,27532.877172689223,28228.579348956628,28105.794443874616,28744.496620142017,29868.01679301728,27751.042630318447,28782.59589471955,28148.959901503837,28465.91026421507,28853.761352348774,28980.364254038643,27609.24117947351,29156.595894719554,27148.14190489598,27216.373545576887,27407.22463371059,28591.4800743791,26828.05917608137,28305.38079980156,30552.22259639702,34299.674548907016,36699.20923023163,40214.80080306968,25018.85655229917,23130.22259639702,21013.356999813972,19642.33319982637,18660.061213394943,17952.342491364616,19670.04466763202,18848.441765942152,20439.945393054488,19870.342491364616,21284.779935425267,21750.697206610657,23550.43972862858,23126.118104908383,22583.382837115136,23121.34974558929,24198.68791507241,23062.39938287806,24383.836826938707,24032.00228456793,24266.985738805008,24700.70446083533,25084.439728628575,25362.52245744319,26237.24117947351,26773.042630318447,26871.05917608137,28465.231887935268,27279.51316590494,28264.463528616176,28734.347708275724,27529.075721844292,29516.132613357735,27611.97644726676,27359.14190489598,28919.446982853253,28439.446982853253,28704.39734556449,27306.208087947667,28238.744806585848,28091.695169297083,28189.4800743791,26363.290816762277,29063.78515233637,29910.338416737475,30558.709677746436,36001.258867520395,38680.90007764722,24498.60836585534,22462.090230293645,20261.654823546567,18174.89575576572,18469.077759157866,18707.028121869098,18978.110850683708,18968.325945601697,19949.79648118819,18831.309399838774,20279.846118476955,20248.077759157866,20460.928847291565,22091.38283711514,22631.23392524884,22679.085013382537,23536.70446083533,23785.853372701633,26119.066430306044,23959.72100659825,23840.53900320611,24833.3073625252,24510.6051862578,26311.860626926304,26069.25772523643,26385.926809977995,27151.529711667863,26996.612440482473,27761.281525224033,26846.926809977995,27549.59589471955,27386.628986245396,27349.446982853253,28017.39734556449,27612.662077771238,27839.347708275716,29318.520420129615,28866.851335388055,27634.347708275716,27481.39734556449,26795.529711667863,27307.38079980156,27652.900972676824,30221.494582828447,29947.88238960033,32849.11924719235,33000.72011156865,20648.54422011722,19103.97644726676,17743.151196434228,17064.160487972476,15768.62376933429,15701.235962562409,16741.89575576572,19898.53900320611,18112.177033735396,19766.671369309486,19982.38283711514,21059.53900320611,20282.118104908386,21087.721006598254,22472.595894719554,20893.13465067131,22498.108813370138,21741.217379485915,23725.56280319371,21848.588640494876,24003.049884543125,22356.39009133981,25411.70967774644,23337.208087947667,25895.066430306048,25526.529711667863,24725.926809977995,24023.37354557689,25969.106776056564,25095.64553200832,25882.198796409422,24717.97644726676,25904.149159120654,25143.91026421507,25486.546257430786,24353.075721844292,25889.26497946111,25448.264979461113,24414.877172689226,25029.51316590494,24503.777898111694,26452.71896928468,24795.347708275724,25660.941318427344,28002.998209940786,26536.577311643057,25719.849298074496,26567.466708213717,27167.34681324612,26699.389196310207,29321.098626802286,28193.571199702354,27871.323013258523,22890.4025624756,24475.565982791246,32214.86698612138,30627.10066411586,30191.984843775408,27945.01997261482,29094.944498024885,34277.45334204833,30532.04377260242,29712.672511593457,31225.878314973197,32053.696311581054,32217.613582766444,31029.44087091255,33378.10066411586,36538.09862680228,36753.86698612137,35525.14100986638,36111.02518952592,37622.52881663827,33481.02722683949,32949.04377260241,36930.727365793326,35111.11720987878,39582.20515560449,34549.53085395183,37554.495725112414,37292.94246071131,35432.81938614618,40226.99006068651,34581.46467090014,39290.583670838125,29604.483253976636,35494.1337556417,43181.88149457073,42108.39441322131,39935.4367962854,29052.393270937348,28424.88964382501,31538.2350675328,29591.58252855417,26967.830714998003,49665.6437419491
46,28948.922896124688,17816.50232142209,24160.515508581553,27461.538361768227,30139.023750556218,30871.636143752283,28641.131198567477,30523.691516152845,31762.137792147212,33650.974971735384,31468.80226095397,30247.040010163164,30752.1703113611,31209.818520560915,34841.49287973726,34089.15734854402,36340.5711053245,32363.505842554343,34350.54825213783,31818.375541356407,38420.056494112505,38089.01738131888,38244.16394212376,33538.37554135641,39460.96530570818,41878.1380164896,40089.52232650368,41114.39532209561,41267.672184098425,38471.01738131888,41364.93278649429,41625.60055209092,40881.46695410312,38557.870820514,40796.78292889955,37332.349615722254,45283.62999885733,39352.68844370537,45265.31072727103,45998.626702067464,42978.2520580806,42516.80907887609,40398.5093636866,34440.036937715675,26556.727332156595,34201.708000102175,13732.215569049677,6341.374868329249,13323.746439868632,18026.104824248556,19879.626029040297,21762.850815432415,22477.222162629412,21150.5739534296,20672.70095783767,22204.332907430544,24224.873668619093,24685.707551417403,26050.098455011215,23079.352463827352,25764.355760617218,27506.06263900746,26590.951894206337,28449.101751801078,25900.05934221759,25480.225459419282,25932.300388216656,27538.173383808586,28601.026823003707,27807.635919409902,26707.280831819844,27262.893225015905,25784.446949021534,28344.08219540427,26809.430689414592,27033.876965408963,26826.94859741647,26276.74336742116,27051.225459419285,28579.99100699995,26804.466505418346,27669.450245811404,26474.466505418342,25735.613066223224,24849.277535029978,28144.24831260596,25019.814999428665,25040.241719026228,24400.186346625662,24603.316647823598,23815.72381102435,20817.850815432415,14991.544506663187,25674.414654150027,17382.12767743523,19375.072305034664,23052.05604542773,23933.186346625662,23388.886631436173,24172.222162629416,25450.834555825473,24266.499024632234,26135.186346625662,26934.98441342022,26337.70425462754,27966.707551417407,26829.020229423975,27692.98441342022,29190.264572212905,31008.026823003707,33322.753257790755,32969.23534978888,29500.857409012155,28190.15053062191,30661.137567804835,29653.837852615346,31258.564287402394,30831.043082610653,29402.00396981703,29690.486061815158,30142.93233780953,30061.18964341553,32132.619659802956,30070.671735413656,30481.375317014026,30592.450245811404,31367.93233780953,30749.209199812343,30495.505618211966,31736.137567804835,30053.023526213845,29313.059342217595,31283.212496602206,30590.098455011215,30641.691291810464,28719.28083181985,29614.857409012155,32041.955190996196,31124.697885390186,24499.896521805775,22020.76622060783,24483.919374992438,28987.42102338737,29070.137567804835,27406.280831819848,26008.11141782829,25746.814999428665,25043.756330238233,25329.756330238237,26946.87037182923,28646.52187781891,28259.83455582548,28972.98441342022,29172.28083181985,28190.186346625665,31860.06263900746,28922.482765025292,31300.560990612532,29429.5023214221,30565.70755141741,31013.13427101497,29816.280831819848,32362.359057407084,30763.30038821666,23937.456615048744,31189.486061815158,30021.687995020602,31028.430689414592,31021.11471461816,31234.76292381797,31964.560990612532,31938.264572212905,32510.098455011215,33106.41442980765,33225.43398620446,32275.486061815158,32196.06263900746,32009.48606181516,32483.635919409902,31474.541434215716,32890.173383808586,33272.89652180577,31802.782480214784,32264.043082610653,32501.173383808586,34098.453542601266,35181.66206938644,35554.32016895585,30352.9846377626,29958.33642856279,29692.34609459,29436.76622060784,27456.613066223224,26561.87037182923,23790.03319224105,27655.130974225103,26631.759627028103,26401.83125903561,30050.11471461816,27509.147233832045,29803.557693822666,30347.743367421164,30300.743367421164,30805.28083181985,31625.541434215724,29638.00067302717,30189.613066223224,30736.984413420225,28132.720514234483,29359.981116630355,29671.5739534296,33252.28412860971,32316.541434215716,33935.525174608774,36911.01386018663,34253.95189420634,32738.189643415535,32485.003969817033,32296.984413420225,33915.74666421103,34720.95189420634,33282.61636301309,34951.60010340615,33923.691291810464,33610.31994461347,33404.209199812336,32800.83785261535,34069.469802208216,33132.78248021478,33248.56099061253,33056.339501010276,32024.89322501591,33505.469802208216,36801.56758419226,38506.94222817912,39443.58077135173,38048.79259492677,34508.04660374289,31344.069232587186,29477.525174608774,26105.88992822604,25491.147233832045,27321.834555825473,27098.518581029042,28235.557693822666,26517.700957837675,28109.277535029978,28650.81499942867,28260.44365223167,29211.241719026228,27866.9973762373,29813.297091426793,31769.652179016844,29906.46320862848,30211.648882226982,30577.111417828288,30821.482765025296,31040.964857023413,30902.29709142679,30183.870371829235,31682.798739821726,33381.26457221291,32045.095158221353,30869.29709142679,33999.80203661159,32719.41113301778,33351.13427101497,34227.2645722129,33524.96815381328,33020.00396981703,33371.48606181516,33742.54143421572,36147.56428740239,31990.039785820787,33863.26457221291,33679.209199812336,33564.61636301309,32579.652179016844,30860.336204220417,33899.137567804835,33640.0072666069,35862.52847139864,37696.9031153855,39517.48628615754,42824.50277010687,36392.29094653182,32131.81192698118,30071.544731005586,26401.166790228854,25871.499024632234,27280.186346625662,25950.66514183392,26291.202606232608,26715.645585437112,27031.720514234483,28790.81499942867,25808.902891043115,28400.388279831106,29865.70425462754,29931.704254627537,27964.645585437112,30638.72381102436,30024.573953429604,31819.039785820787,31024.96485702342,29797.90618783298,29655.257978633166,30733.407836227914,31654.372020224167,30363.925744229797,32550.98441342022,32874.46650541835,32890.8736686191,31055.352463827363,34983.39487341084,31866.723811024352,31704.482765025296,34459.04308261065,33391.65217901684,34548.39487341084,31512.33620422041,33675.671735413656,33858.023526213845,32297.85411222229,35239.95189420633,34209.24831260596,33147.339501010276,36010.06593579733,38659.052972980244,40031.023750556225,44604.90993330762,36994.53199253089,33085.99760057968,29388.8215930084,25533.277535029978,26754.407836227914,26318.90618783298,26921.222162629416,26948.554397032796,26174.163493438988,27587.740070631295,28650.629325830167,27751.07230503467,27372.700957837675,29028.036489030917,27781.42409583486,28537.42409583486,30958.613066223228,28389.9973762373,28903.72051423448,29635.14723383205,31808.557693822666,30383.056045427726,29088.775886635052,30018.03648903092,30771.407836227918,35160.10175180108,31836.150530621915,32101.3166478236,30538.277535029985,31668.83455582548,30306.38827983111,31284.593509826416,32194.095158221353,31878.316647823605,34071.80203661159,32815.46650541834,32875.46650541835,33177.00396981704,33087.189643415535,34011.26457221291,33266.96815381328,33174.10175180108,33523.80203661159,33608.28412860971,35663.749961000896,36914.97474739301,42177.93585894178,46218.190092100296,36962.12482933013,34369.649106569355,30711.3981702007,27201.37202022416,25508.01693263411,22305.80840584893,25234.45991183861,26867.961560233547,27117.42409583486,27077.479468235422,28274.091861431483,26739.163493438988,29700.83455582548,26170.66184504406,29738.814999428676,29009.740070631295,29907.463208628476,29732.684698230732,30339.648882226986,30533.05604542773,29557.27753502998,29716.22216262942,30286.22216262942,29641.62932583017,32520.336204220413,31132.297091426793,31401.020229423975,31755.427392624726,35869.306981796384,31543.723811024356,32336.63262262004,33126.89322501591,30974.482765025296,32400.039785820787,31836.20590302248,32396.85411222229,33000.59680661628,33009.63262262003,34381.339501010276,33650.56099061253,32857.671735413656,32032.170087018727,32793.61636301309,36012.417726597516,39498.77611097743,42493.56451174478,46487.339949695044,35613.141088937075,32099.274462582496,30713.3981702007,27949.391576620976,26489.352463827352,25597.479468235422,25472.700957837675,25868.349167037486,27795.573953429604,27339.368723434294,27620.77588663505,29509.964857023417,26727.218865839553,27924.368723434298,27508.404539438052,29793.407836227918,27940.127677435237,31199.90948462285,28994.609769433362,29357.981116630355,28688.88663143617,28365.47946823543,30999.186346625673,30766.000673027167,31662.723811024356,31104.130974225103,30539.759627028106,32219.577250219474,31490.85411222229,32119.909484622855,31236.130974225107,29166.202606232608,31248.53813742585,34245.339501010276,30743.593509826416,30619.87037182923,31326.77918342492,34371.58054700934,33666.78248021478,33432.54143421572,32090.79873982173,31547.687995020602,31868.17008701873,33750.691291810464,35387.93563459939,39444.60999377574,41949.19316454778,47277.434434889234,37814.330059325446,32450.99760057968,30047.378613803896,27539.316647823598,26232.202606232608,25084.736773841425,25671.127677435237,27020.036489030917,27761.814999428665,26537.886631436173,28356.05604542773,27670.368723434298,27632.07230503467,27512.70425462754,28182.183049835803,28678.147233832042,28470.072305034675,29196.388279831106,28259.756330238237,30260.945300626605,29460.202606232608,31294.66843862379,29035.720514234483,35602.52847139864,31590.42739262473,30872.05604542773,30565.40783622792,30778.538137425858,31705.668438623794,30691.70425462754,31393.779183424915,30995.075601824545,29779.091861431476,30293.332907430547,31801.66843862379,31730.20590302248,32498.63262262004,32933.81829621854,32401.446949021545,32951.94859741647,31491.391576620972,31199.20590302248,33614.87696540896,36474.65877259658,40932.779407767295,42103.6752565459,47620.00771529168,35195.121532540266,32530.59043737893,30177.489358605024,27043.72381102435,25905.44365223167,26895.64888222698,24880.21886583955,27052.684698230732,27522.629325830167,25539.73677384143,28619.759627028106,27953.09186143148,26799.75633023824,27691.368723434298,29653.94530062661,29121.332907430544,30014.9453006266,30439.000673027174,29025.257978633173,30010.648882226982,28678.42409583486,30515.29709142679,29886.332907430544,29049.609769433362,32583.18964341553,29318.016932634106,31170.834555825484,31046.130974225103,31173.723811024356,31031.111417828288,31801.964857023417,30616.573953429604,30628.81499942867,31804.02022942398,32182.798739821726,31454.1309742251,33463.54143421572,33451.59680661628,32053.798739821726,31177.02022942398,31598.5023214221,31924.039785820783,32637.837852615346,35775.10175180108,38574.62625338268,41837.359281749465,48465.58429248398,36657.847967327325,31983.10834538081,29993.24831260596,27017.075601824537,25546.202606232608,24874.515284239176,25340.349167037486,26963.147233832045,28735.723811024356,25660.38498304124,27603.44365223167,28155.332907430544,28237.740070631295,27877.77588663505,29453.759627028106,29623.593509826416,29489.000673027167,25725.717217444617,28893.25797863317,30562.77918342492,30398.70425462754,30344.11141782829,29990.05604542773,30304.889928226043,30370.88992822604,31180.538137425858,30414.75962702811,30758.35246382736,30933.88992822604,31878.20590302248,31681.964857023413,30391.889928226043,30683.759627028103,29033.59021303655,30712.35246382735,32225.521877818912,31488.854112222292,30820.81499942867,33077.00396981704,32055.03978582079,32630.70755141741,31178.723811024356,30700.964857023417,33726.359057407084,34765.0072666069,37816.421023387375,43122.12153254028,48930.36280288173,36446.5515489277,32398.59043737893,30549.101751801078,26806.5023214221,25819.961560233547,26722.407836227914,26063.127677435237,27528.166790228854,28311.83455582548,27827.85081543242,27841.44365223167,30047.13427101497,29581.557693822666,30636.225459419285,29155.407836227918,28823.388279831102,29564.814999428676,30422.834555825484,31470.03978582079,29175.09186143148,29815.16679022885,31530.79873982173,31235.095158221353,30393.518581029042,29541.85081543242,30914.53813742585,30628.81499942867,30070.925744229797,33069.24831260596,32352.391576620972,30462.961560233547,31562.557693822666,31485.5023214221,31926.15053062191,32402.095158221353,31911.557693822662,32463.687995020602,31786.502321422104,31962.63262262004,31198.02022942398,32257.059342217595,32082.818296218535,36126.7695173977,38349.32983498305,41704.35928174947,46071.1900921003,35064.54825213783,32161.05297298024,24490.202606232608,28261.707551417407,26728.557693822662,25432.42409583486,25966.499024632234,26618.981116630355,28056.241719026228,27149.74007063129,27630.277535029978,27328.313351033736,28372.573953429604,26895.886631436173,27627.720514234483,29745.909484622855,28777.925744229793,30062.186346625665,30216.83455582548,29282.332907430544,30907.03978582079,29912.40783622792,31090.723811024352,29337.629325830167,31096.209199812343,30916.834555825477,30838.648882226982,31310.316647823605,31014.000673027163,33093.30038821666,33286.43068941459,30917.130974225107,31263.02022942398,27216.218865839553,30648.945300626605,32554.225459419285,30450.70425462754,29910.27753502998,30903.000673027174,31586.79873982173,31932.11471461816,31513.39157662098,32459.58054700934,34239.359057407084,39072.27446258251,40668.7273321566,48549.17712928323,35275.67855333576,31448.736998183806,30570.65877259657,26565.557693822662,26647.427392624726,25460.60976943336,24595.8117026388,24953.847518642553,24926.961560233547,26549.127677435237,26494.886631436173,27130.85081543242,25934.570656639742,27797.147233832045,27591.25797863317,28674.87037182923,28695.277535029978,29312.463208628484,29954.241719026228,30342.427392624733,29623.945300626605,30824.205903022474,30319.66843862379,31246.336204220413,30372.130974225103,30677.945300626605,30307.593509826416,30902.075601824537,31819.095158221353,32231.466505418346,34217.39487341084,31386.020229423975,32784.059342217595,28900.831259035614,30533.000673027167,32108.929041019666,30651.70425462754,30250.573953429608,29650.499024632234,31424.372020224167,29207.1830498358,30782.241719026228,31553.52187781891,32141.837852615343,33950.22875620915,38074.14416138457,42551.86093014441,47646.545179690365,35630.919599334826,30798.42102338737,30707.54802779544,28833.469802208212,26899.818296218535,25931.9453006266,25748.44365223167,25795.77588663505,26136.554397032793,25102.03319224105,25777.293794636924,26353.23842223636,27816.925744229793,27966.332907430544,28553.759627028103,29192.316647823605,24209.456615048744,30841.929041019663,30456.039785820787,30048.075601824545,30253.020229423983,28962.981116630355,30525.26127542304,31052.28083181985,30160.05604542773,30793.909484622858,31243.557693822666,31841.577250219474,32314.65217901685,31522.984413420225,31762.205903022477,31748.521877818912,31698.909484622858,31963.466505418353,31860.687995020602,31194.613066223228,29964.684698230732,31860.44694902154,32287.818296218535,30938.316647823605,30342.759627028106,30454.18634662567,31687.46650541835,30960.15053062192,35305.453542601266,38716.62625338268,41543.00749094928,45256.35620930199,34781.307206138765,30844.329834983055,29938.176680598448,27313.41113301778,26913.280831819844,24666.293794636924,27646.446949021534,25691.42409583486,25513.795443031857,26563.60976943336,26851.01693263411,26088.700957837675,28235.46320862848,26954.127677435237,28065.740070631295,28387.795443031857,30191.964857023417,28908.648882226982,30137.909484622855,30611.095158221353,29478.00067302717,31373.70755141741,29619.297091426793,30094.000673027174,31233.687995020606,32291.300388216656,29915.7400706313,31665.225459419285,33088.31994461347,32593.00396981704,32320.94859741647,31503.557693822666,30467.130974225107,31230.31664782361,32038.762923817972,31366.26127542304,30440.00067302717,30366.222162629423,30741.70425462754,30893.130974225103,30299.07560182454,31536.81829621854,31676.30038821666,33161.31994461347,37662.199533785126,41245.84137374759,45342.89367370068,33636.4895829474,30817.385207383617,30265.844446195068,27251.596806616282,25173.629325830167,26165.391576620976,23853.10812103842,25779.388279831106,25402.183049835796,25306.997376237297,26318.961560233547,26296.534840635984,27262.388279831106,27069.01693263411,28382.64888222698,27814.036489030917,22866.010339054374,28337.332907430544,29593.66843862379,29495.297091426793,29313.70425462754,29852.889928226043,28745.257978633173,29710.056045427726,30003.372020224164,30145.779183424922,31755.22545941929,32330.411133017788,31999.63262262004,32773.94859741647,31122.095158221357,33496.505618211966,31990.225459419285,31164.613066223224,30322.352463827352,31495.909484622855,27077.645585437112,31646.095158221357,30246.9453006266,30148.000673027163,30891.66843862379,30313.66843862379,31907.59680661628,35129.99100699995,36395.56758419226,40123.56121495491,45686.65262770162,34092.17690494083,30431.03341658343,29887.41772659751,26503.632622620033,25482.70425462754,24063.127677435237,24374.293794636924,25962.166790228854,25069.052748637863,27146.372020224164,26047.25797863317,24677.95826344368,26767.25797863317,28648.557693822666,27193.518581029042,26828.886631436173,27478.60976943336,27887.554397032796,28004.499024632234,29871.964857023417,29546.482765025292,29419.352463827356,29028.166790228854,29775.53813742586,30971.28083181985,30136.42739262473,30645.61306622323,32469.319944613468,31560.280831819848,32971.671735413656,32434.245015816094,32755.54143421572,31100.150530621915,31046.964857023417,31843.6879950206,31665.095158221353,29920.42739262473,30127.05604542773,30670.482765025292,30680.96485702342,29837.27753502998,31576.632622620036,32910.857409012155,34159.60010340615,38369.2744625825,39624.893449358286,46247.20964849711,32671.987934552468,30235.476395787933,27910.635919409902,23804.74007063129,22776.8117026388,24315.368723434294,25764.000673027163,24808.147233832045,24155.254681843304,25240.886631436173,26131.87037182923,24912.847518642557,27179.332907430544,25487.329610640678,27577.925744229793,26561.94200383674,27875.388279831106,26297.274238240112,28190.981116630355,28109.85081543242,28353.85081543242,31121.78248021478,30777.44694902154,29144.000673027167,29733.000673027167,29742.05604542773,30914.33620422041,30512.964857023413,25659.12438064537,31973.11471461816,31754.577250219474,31772.336204220417,32393.430689414596,31573.743367421164,31910.17008701872,30558.889928226043,31073.316647823605,30151.648882226982,30763.02022942398,30262.352463827363,29018.5543970328,30501.723811024356,29744.59350982642,31179.818296218535,34294.60010340615,36061.62295659282,38242.131198567484,43522.593958511185,33185.027047346084,31643.388504173487,28134.118011408027,25474.280831819844,22883.922447439923,24073.07230503467,23703.756330238233,23817.922447439923,24995.83125903561,23596.82796224574,24218.254681843304,24599.01363584424,25430.274238240116,25559.645585437112,26230.94200383674,26300.925744229793,27671.629325830167,27178.77588663505,27672.554397032796,28696.46320862848,27809.368723434298,28420.44365223167,28241.388279831106,26956.440355441806,28805.443652231672,30099.482765025292,30878.984413420225,30095.648882226982,29821.352463827356,30315.593509826413,31193.798739821734,31039.02022942398,31627.039785820787,32024.948597416475,31239.557693822666,32112.170087018723,31391.687995020602,31903.76292381797,29766.463208628484,29135.554397032796,29478.925744229797,29699.05604542773,31344.280831819855,30325.075601824545,32822.04308261065,35804.3265381932,40023.857633354535,43444.076050509306,32131.15405175416,30339.46013618099,26185.65217901684,23895.147233832045,23878.44365223167,24091.277535029978,22361.23512544649,24437.45991183861,22661.345870247616,23905.01363584424,24239.495727842368,24486.329610640678,25195.384983041244,25753.404539438052,25072.199309442738,26414.479468235422,25945.57065663974,26776.1830498358,27135.1830498358,27417.313351033736,27505.59021303655,25579.235125446496,28764.277535029978,28687.629325830167,29706.42739262473,30425.798739821723,29833.352463827352,24662.8637782495,30984.854112222292,30807.964857023413,30628.261275423043,30294.779183424922,30061.94530062661,30635.316647823605,31597.929041019663,31359.336204220413,29958.870371829227,29145.870371829235,28937.906187832978,29098.629325830167,29583.70425462754,30076.427392624726,29561.83455582548,33248.71084820727,35739.717441787005,39813.561214954905,40120.82841093051,32409.655700149087,28922.17997738831,24829.37202022416,21994.36542664443,22266.033192241048,21701.938707046866,21279.678104650993,22554.938707046866,22772.345870247616,23453.124380645368,23809.069008244805,24438.254681843304,24530.069008244805,25547.479468235422,24826.254681843304,25110.736773841425,25993.756330238233,26926.85081543242,26636.645585437112,25724.199309442738,28004.03648903092,28331.332907430544,28707.925744229793,28634.573953429604,27964.997376237297,29135.111417828295,28752.684698230732,28597.388279831106,30588.85411222229,31189.984413420232,31399.225459419285,29044.33290743054,30707.095158221353,30242.538137425854,30692.427392624726,32572.264572212905,29703.945300626605,24959.99407944743,30088.48276502529,28979.03648903092,29141.518581029042,29807.66843862379,29433.26127542304,31145.54143421572,32674.8215930084,34335.89981859564,38115.50254576448,41081.70140652245,30437.447173363915,26860.04637940051,27422.84114940521,21465.124380645364,21619.01363584424,20616.251385053434,21390.32631385081,20867.472874655687,21555.251385053434,23652.199309442738,23006.310054243862,25278.886631436173,25150.40453943805,24511.254681843304,27691.039785820787,24316.179753045933,25495.38498304124,25613.922447439923,25102.847518642553,25490.736773841425,26739.515284239176,27111.77588663505,27580.479468235422,26925.163493438988,29101.70425462754,27877.77588663505,29029.684698230736,29431.166790228854,29440.463208628487,29886.407836227918,29084.70425462754,30118.538137425858,29737.05604542773,29499.22216262942,29068.332907430544,29612.407836227918,30238.723811024352,29211.81499942867,29394.332907430544,27161.1830498358,30140.83455582548,28190.60976943336,28938.352463827356,29237.723811024356,30271.81829621854,33786.69458860033,37125.50254576448,41322.01738131888,30428.9846377626,25907.41442980765,24462.316647823598,20930.124380645364,20330.160196649118,19805.472874655687,20871.437058651933,21551.6976610478,22766.531543846115,22774.77258984518,23152.717217444617,23271.80840584893,23816.476171445553,23956.883334646307,23917.235125446492,23232.73347705156,25896.38498304124,26845.07230503467,25875.922447439927,28106.593509826416,26658.349167037486,27250.83125903561,28067.981116630355,27555.77588663505,27792.77588663505,27801.293794636924,29204.98111663036,29953.66843862379,29950.53813742586,27444.60976943336,28944.25797863317,30753.687995020602,29669.482765025292,30074.241719026228,29700.463208628484,29601.11141782829,30011.241719026228,28673.091861431483,29140.5739534296,25988.19930944274,28573.09186143148,28647.11141782829,27901.795443031857,29145.557693822666,28810.945300626605,34571.40146699057,38220.43091375697,41571.962008918315,29406.31687216597,26420.99100699995,23998.150530621908,20590.290497847054,19767.362129854562,20160.492431052495,19537.323017060942,20352.306757453996,21296.54780345306,23245.36542664443,23783.495727842368,22851.56735984987,22519.89959425325,24348.14393704218,25015.736773841425,24936.606472643492,24537.124380645368,25364.384983041244,25499.681401440866,24626.82796224574,26138.108121038425,26691.645585437112,25331.34587024762,28576.166790228854,26141.218865839553,29364.83455582548,28747.684698230732,30132.77918342492,30919.798739821726,29627.75962702811,30118.00067302717,30186.24171902623,29801.00067302717,30294.538137425854,29361.036489030917,28194.42409583486,29691.352463827356,28679.147233832042,28188.07230503467,31121.13427101497,28828.79544303186,28594.573953429604,28836.834555825477,29222.130974225103,31338.153827411777,34780.82818658813,38431.45047015378,42063.11186651306,29542.206127364847,24086.300388216652,23023.518581029042,19855.21556904968,19614.603175853623,21034.772589845175,20574.160196649118,20689.71392065475,21557.73347705156,24135.60976943336,22381.82796224574,24011.902891043115,23329.345870247616,22718.73347705156,23184.51198744931,23979.069008244805,25134.6260290403,25698.8117026388,25318.681401440866,26027.8117026388,25736.218865839553,27179.60976943336,26847.1830498358,27737.795443031857,28772.46320862848,29454.130974225103,29372.70425462754,30059.372020224167,31313.170087018723,28818.981116630355,30274.482765025292,29385.222162629423,29710.166790228857,30133.000673027174,30602.55769382267,28864.20260623261,30353.482765025292,28232.091861431483,28393.01693263411,28556.85081543242,29820.02022942398,28133.332907430544,29240.909484622855,31937.284128609714,35816.10834538081,38475.691516152845,42188.22261131419,26156.978044182866,23934.28412860971,21956.66514183392,20426.420799044987,19392.89959425325,18610.880037856434,20641.54780345306,19738.990782657565,21157.437058651933,20684.880037856437,22031.919150650057,22403.160196649118,24438.42409583486,24008.847518642553,23490.476171445553,24056.772589845183,25404.700957837675,23764.82796224574,25339.867075039365,24968.384983041236,25160.03319224105,25912.052748637863,26126.42409583486,26504.1830498358,27322.202606232608,27736.981116630355,27894.332907430544,29811.743367421164,28294.72381102435,29570.66843862379,29954.205903022477,28623.684698230732,30891.632622620044,28806.573953429604,28514.091861431483,30001.3166478236,29608.3166478236,29780.261275423043,28337.499024632234,29494.648882226982,29249.593509826416,29385.02022942398,27597.25797863317,30143.245015816094,31267.74666421103,32053.378613803896,37464.7468885534,40589.33335611531,25418.70118218005,23500.46980220821,21087.997376237297,18991.38168625137,19112.251385053434,19237.196012652872,19950.954966653808,19655.52824705625,20749.270941450246,19769.176456256064,21432.32631385081,21205.251385053434,21377.085267851748,22981.476171445553,23649.310054243866,23773.14393704218,24611.052748637863,24799.21886583955,27189.225459419282,24983.40453943805,25031.534840635984,25669.60976943336,25648.942003836735,27494.11141782829,27178.554397032796,27546.518581029042,28210.075601824537,28061.83455582548,28801.798739821723,27951.518581029042,28591.482765025292,28546.186346625662,28605.3166478236,29223.26127542304,28692.88992822604,29051.205903022477,30565.61636301309,30143.652179016848,28772.205903022477,28644.261275423036,28056.075601824537,28377.90948462285,29067.707551417407,31531.805333401455,31423.789073794505,34301.04001016317,34291.03034413595,21498.860705802013,19926.573953429597,18440.551100242923,17666.01033905437,16647.860481459622,16347.876741066568,17603.38168625137,20750.53484063598,18902.362129854562,20566.349167037482,20874.476171445553,21806.534840635984,21253.84751864255,21925.404539438045,23342.482765025285,21827.199309442738,23339.388279831102,22583.958263443674,24717.77918342491,23066.590213036547,25009.873668619093,23189.368723434294,26417.378613803896,24481.499024632234,27013.225459419285,26511.075601824537,25673.518581029042,25085.01693263411,27273.8215930084,26064.53813742585,27083.039785820787,25933.573953429604,27055.98441342022,26126.166790228854,26358.427392624726,25475.684698230732,27080.446949021534,26522.446949021534,25495.463208628476,26058.72381102435,25532.352463827352,27239.837852615346,25976.20590302247,26832.303685006525,29182.25160939582,27630.56428740239,26734.085492194128,27560.4276169671,28592.83170772037,27813.994528132196,30743.554845717557,29392.864226934256,29312.58736493144,23856.58714058906,25655.53836176823,33652.62977451493,31999.12153254027,31518.658996938953,29074.929265362032,30389.062863349838,35645.83500451025,31504.173608150966,30715.541658558093,32483.655700149087,33491.78600134702,33871.027047346084,32357.61658735547,34810.121532540266,37817.55484571757,38003.62977451494,36832.71766612939,37816.25513052808,39358.70140652245,34942.82181735078,34298.173608150966,38518.9228961247,36597.473323340455,41249.558142507434,36157.26809334515,39365.99782492207,38960.496176527144,37092.141088937075,42023.98486210499,35900.860930144394,40817.08264408904,30825.77940776729,36882.82511414064,44809.41487849242,43911.320393298236,41641.48321371006,30309.127901777614,29723.681625783247,32817.50254576448,30928.89015256842,28105.16701457123,51600.78974682168
47,28388.969897853523,17319.610404338884,23983.47100279584,27057.934440251604,29883.633876831445,30472.925879459206,27886.228155037847,29972.455593369523,31228.15845426633,33220.034462149604,31186.515021190164,29794.167015058723,30389.22473072089,30980.04815941745,34267.800175184006,33700.15674210785,36108.79332655009,31938.868163797044,34030.329889094326,31408.810448134882,37835.492763129936,37359.496187446886,37793.08704133633,32798.810448134886,38900.43162315081,41200.95106411025,39531.19391186825,40737.60134582034,40584.24991537194,38096.496187446886,40884.36534669626,41066.187063234334,40264.66419795793,38115.90533355746,40314.30934319257,36822.67447090881,44741.58079991858,38918.78305359921,44469.470505069694,45036.11565030433,42604.47564154514,41821.23793026258,39696.12592325521,34052.494475288404,26286.987019438322,33636.78134144073,13473.566385944565,6209.432618603121,13198.400087592003,17930.506958123922,19512.737820772563,21307.32182602809,22150.49668517305,20733.67325647649,20408.26582252441,21907.556112993687,23887.78526348385,24231.19612175289,25648.36926873937,22910.554400835208,25514.01955044945,27079.837842670575,26072.778414849934,28109.83441835361,25347.37269305633,25024.96183478729,25587.489836539135,27159.897270491216,28209.306416601772,27664.133269615293,26116.49154869761,26735.783551325374,25598.08069042857,28259.836130512092,26376.547552201293,26764.250413098092,26541.313265235694,25820.72754782169,26597.96183478729,28181.77499053297,26538.078978270092,27395.54584004281,26112.078978270092,25487.669832159532,24539.02639908337,27877.425272243054,24542.79039995929,24743.494973014574,24180.965259104254,24295.022974766413,23377.729259980173,20433.321826028085,14803.279519792242,25278.807023817928,17023.97039557968,19149.440681669366,22813.90754344209,23474.96525910425,22921.853252096887,23799.49668517305,25120.788687800814,23962.14525472465,25708.965259104254,26520.84469130449,26125.73097213865,27598.19612175289,26662.376117373293,27399.84469130449,28681.95841047033,30870.306416601772,32800.12299666441,32521.357283630008,29169.25212525657,27923.43383303545,30217.365844422413,29245.253837415054,31007.07041747769,30437.839554829057,29330.842979146015,29177.077266111613,29942.780127008416,29855.430408718494,31758.60013138801,29801.664695684092,29974.017838290973,30330.545840042818,30974.780127008416,30310.428696560015,29964.07555395313,31141.365844422413,29796.841266987536,28885.372693056335,30791.89384617425,30280.369268739374,30457.662983525614,28565.491548697617,29398.25212525657,31831.243564464166,30540.593282754086,24243.248700939614,21695.190985277448,24207.712138395364,28639.944713202487,28599.365844422413,26985.49154869761,25613.43725735241,25480.79039995929,24652.79553643473,24921.79553643473,26572.32011386961,28234.608692180416,27867.788687800814,28614.844691304494,28855.491548697613,27972.965259104254,31557.837842670575,28404.612116497374,31077.60526786346,28973.61040433889,30175.196121752895,30696.900694808173,29680.491548697617,32118.484700063695,30568.489836539135,23689.68352942737,31042.077266111613,29604.197833911374,30757.547552201293,30669.902406966652,30825.725835663212,31706.60526786346,31777.95841047034,32220.36926873938,32779.014413974015,33149.01270181553,32057.077266111613,31939.837842670575,31406.077266111613,32192.133269615297,31108.606980021934,32517.897270491216,32871.24870093961,31531.724123504733,31913.839554829057,32295.897270491216,33662.01098965705,34731.06185668529,34969.280734224565,29872.637301148407,29726.813872451843,29348.416711450645,29142.190985277455,27003.669832159532,26141.32011386961,23394.444105986327,27367.435545193934,26243.26068604897,26053.32353818657,29688.902406966656,27124.96868342121,29386.14011824921,29937.727547821694,29948.727547821694,30307.491548697617,31209.606980021934,29204.377829531775,30136.669832159532,30366.844691304497,27808.264110365933,29057.379541690254,29263.67325647649,32739.956698311853,32155.606980021937,33637.073841794656,36282.238427988734,33848.778414849934,32290.430408718494,32032.842979146015,31796.84469130449,33569.19269743594,34482.778414849934,32949.13498177377,34512.601843546494,33525.66298352562,33212.488124380645,32986.42869656002,32352.253837415054,33592.544127884335,32745.724123504733,32810.60526786345,32858.48641222217,31352.783551325374,32981.544127884335,36445.53556709193,38146.17557585113,38963.3961655489,37748.91218219137,34176.09731428721,30878.768141899043,28991.073841794656,25969.31840171113,25057.96868342121,26807.788687800814,26557.14354256617,27894.14011824921,26116.26582252441,27884.02639908337,28144.790399959293,27707.61554081433,28941.494973014574,27649.912679917536,29540.024686924895,31451.66640784257,29359.613828655853,29763.201258228335,30173.43725735241,30565.61211649737,30955.846403462976,30408.024686924895,30018.320113869613,31442.25726173201,33048.95841047033,31527.90411912513,30331.024686924895,33602.72241134625,32409.549264359764,33029.900694808166,33944.95841047033,33282.311553077205,32650.84297914601,32889.07726611161,33307.60698002193,35570.07041747769,31726.37440521481,33637.958410470324,33231.42869656002,33140.13498177377,32335.66640784258,30746.02126260793,33502.36584442241,33315.308128760254,35244.53899140889,37073.17900016809,39141.86987595553,42250.19562402673,35864.67960738424,31762.11786018897,29610.072129636173,26069.96697126273,25588.14525472465,26959.965259104254,25555.734396455613,25910.498397331532,26345.73610861409,26667.264110365933,28340.790399959293,25454.386390324173,27982.08582690401,29489.730972138655,29651.730972138655,27746.736108614095,30367.729259980173,29994.67325647649,31489.37440521481,30567.84640346297,29553.851539938412,29352.028111241852,30331.084114745532,31374.552688676733,30028.849827779926,32066.84469130449,32517.078978270096,32415.78526348385,30689.55440083522,34593.0161261325,31490.72925998017,31320.612116497377,33909.83955482906,33100.66640784257,34071.0161261325,31175.021262607934,33309.664695684085,33340.841266987525,31928.78697564233,34511.778414849934,33740.425272243054,32807.48641222218,35692.30299228481,38340.23500367177,39377.633876831445,43822.90190924049,36243.796750867055,32656.70528976145,28899.720699187776,25104.02639908337,26428.08411474553,25883.851539938412,26513.49668517305,26645.674968634972,25848.50182164849,27073.26239820745,28318.202970386814,27480.440681669374,26987.265822524412,28577.90925560057,27537.617252972814,28155.617252972814,30671.669832159532,28186.912679917532,28720.264110365933,29412.96868342121,31448.140118249215,30095.907543442092,28845.79382427625,29592.90925560057,30401.08411474553,34588.83441835361,31569.43383303545,31798.02297476641,30109.026399083366,31175.78868780081,30067.08582690401,31019.671544318015,31758.90411912513,31610.022974766413,33582.72241134626,32481.078978270096,32373.078978270096,32746.842979146015,32812.430408718494,33602.95841047033,32959.31155307721,32812.83441835361,33089.72241134626,33182.95669831186,35152.65784705017,36558.241852305684,41768.03788646657,45398.01562840634,36271.090465653295,34318.99386807224,30367.48127574673,26845.552688676733,25195.910967759053,22054.86010073081,25170.14867904161,26422.381253848733,26625.617252972814,26798.146966883134,27986.43896951089,26402.50182164849,29148.788687800814,25905.269246841373,29255.790399959296,28697.26239820745,29602.613828655853,29575.73268429713,30197.20125822834,30384.90754344209,29430.02639908337,29323.49668517305,29900.496685173053,29344.202970386817,32132.021262607934,30833.0246869249,31142.376117373293,31490.08240258705,35587.42013576761,31211.729259980173,32131.66812000105,32632.783551325367,30619.612116497374,32110.37440521481,31449.96354694577,31993.78697564233,32502.136693932258,32497.66812000105,34088.48641222218,33341.60526786345,32558.664695684092,31670.432120876965,32518.134981773772,35514.47956358825,39187.58643412017,41904.86302732161,45784.07163191002,35314.623603880565,31668.353859313047,30241.48127574673,27398.55097651825,26278.554400835215,25143.14696688313,25014.26582252441,25677.08925122097,27452.67325647649,27123.087539062493,27363.793824276254,29176.846403462972,26361.03153555881,27684.087539062493,27201.618965131292,29409.084114745536,27829.970395579694,30987.31668955265,28729.204682545293,29152.37954169025,28585.85325209689,28158.14696688313,30523.965259104254,30352.377829531775,31521.729259980173,30737.43554519393,30249.260686048976,31910.138406090726,31249.78697564233,31655.316689552652,30853.435545193934,28956.498397331532,30899.141830407694,34041.48641222218,30475.671544318015,30317.320113869613,31030.258973890497,34066.603555704976,33352.724123504726,33124.60698002193,31797.257261732007,31118.197833911378,31383.43212087697,33397.66298352562,34884.24527662265,39060.997292389206,41439.68816817665,46489.59792150337,37183.67618306729,31981.70528976145,29599.482987905212,27042.022974766413,25681.498397331532,24638.79724859321,25369.97039557969,26738.90925560057,27438.790399959293,26255.85325209689,28130.907543442092,27482.087539062493,27303.440681669374,27132.73097213865,27717.500109490014,28343.96868342121,28407.440681669374,28909.08582690401,27944.79553643473,30065.848115621455,29137.498397331532,30852.19954606985,28828.264110365937,35243.53899140889,31313.082402587057,30600.907543442096,30300.084114745532,30446.141830407698,31280.199546069853,30365.730972138655,31165.258973890494,30610.905831283613,29486.43896951089,29795.55611299369,31274.19954606985,31478.963546945768,32180.668120001046,32603.255549573532,31928.08069042857,32471.313265235694,31339.550976518254,30689.963546945775,33261.250413098096,35717.59670707105,40618.051583734414,41577.92245514225,46712.893348448095,34603.62531603905,32182.999004547688,29596.542415725853,26599.729259980173,25455.61554081433,26546.201258228335,24552.03153555881,26646.73268429713,27291.20297038681,25334.79724859321,28156.260686048972,27705.43896951089,26571.79553643473,27350.087539062493,29395.848115621455,28841.55611299369,29648.848115621455,30161.37782953177,28645.028111241856,29798.201258228335,28296.617252972817,30165.024686924895,29635.556112993687,28855.20468254529,32511.430408718494,29105.910967759053,30589.788687800814,30844.43554519393,30771.729259980173,30537.437257352412,31414.846403462972,30412.67325647649,30085.790399959293,31268.376117373293,31808.257261732007,30939.435545193934,33021.60698002193,33037.13669393225,31701.25726173201,30736.376117373296,31223.61040433889,31488.37440521481,32243.253837415057,35190.83441835361,37943.53043061649,41261.277309907615,47829.653925007064,36197.44189610169,31738.764717582082,29605.425272243054,26564.905831283613,25066.498397331532,24406.67839295193,25031.08925122097,26505.96868342121,28428.729259980173,25320.62067728977,27403.61554081433,27822.55611299369,27750.26239820745,27422.793824276254,29150.260686048976,29342.671544318015,29101.377829531775,25366.79896075169,28643.028111241856,30184.25897389049,30012.730972138655,29976.437257352412,29558.907543442096,30034.318401711134,30137.31840171113,30856.14183040769,30195.260686048976,30238.55440083522,30707.31840171113,31534.96354694577,31285.846403462972,30086.318401711138,30384.260686048972,28817.206394703768,30249.55440083522,32088.608692180413,31223.786975642335,30441.790399959296,32545.842979146015,31756.37440521481,32051.19612175289,30884.72925998017,30361.846403462972,33140.484700063695,34416.308128760254,37338.944713202494,42416.62531603905,47914.53506936578,36044.79503870857,31845.999004547688,29980.83441835361,26592.61040433889,25270.38125384873,26333.08411474553,25659.97039557969,27000.96697126273,28060.788687800814,27443.321826028092,27570.61554081433,29605.900694808173,29214.140118249215,30205.961834787297,28790.084114745532,28432.08582690401,29296.790399959293,30177.788687800814,31069.374405214814,28975.43896951089,29552.96697126274,31317.257261732015,30860.904119125134,29962.14354256617,29389.321826028092,30670.141830407694,30329.790399959296,29736.849827779937,32755.425272243054,31967.55097651825,30375.381253848733,31321.140118249208,31149.610404338895,31604.433833035448,32055.904119125127,31359.140118249215,31838.19783391137,31297.61040433889,31629.668120001053,30944.37611737329,31912.37269305634,31674.255549573532,35791.65613489169,38136.88357322337,41329.277309907615,45219.01562840634,34494.329889094326,31731.235003671765,24325.498397331532,27795.196121752895,26309.14011824921,24865.617252972814,25631.14525472465,26222.37954169025,27636.494973014574,26896.26239820745,27254.02639908337,27135.557825152173,27936.67325647649,26669.853252096895,27410.264110365933,29608.316689552656,28584.849827779934,29539.965259104254,29874.78868780081,28949.55611299369,30534.374405214818,29469.084114745532,30752.729259980177,28907.202970386814,30644.42869656002,30707.788687800814,30494.201258228335,30999.022974766416,30547.37782953178,32640.489836539135,32902.54755220129,30462.435545193934,30908.376117373293,26886.03153555881,30453.848115621455,32102.96183478729,30029.730972138655,29809.02639908337,30620.37782953178,31294.25726173201,31472.902406966652,31124.55097651825,32039.603555704976,33977.484700063695,38433.35385931305,40113.987019438326,47683.9476397933,34964.387604756485,31123.589858437124,30281.596707071047,26146.14011824921,26235.082402587053,25112.204682545293,24288.32525034505,24570.85667641385,24645.38125384873,26146.97039557969,26132.85325209689,26866.321826028092,25707.20810686225,27602.96868342121,27309.028111241852,28366.320113869613,28432.026399083374,29065.613828655856,29467.494973014574,29942.082402587053,29379.848115621455,30598.963546945775,30244.199546069853,31066.021262607934,30240.435545193934,30292.84811562145,30201.671544318015,30503.90583128361,31553.90411912513,31846.078978270092,33653.0161261325,31238.376117373293,32489.37269305633,28543.323538186574,30351.37782953177,31777.31497739417,30150.730972138652,29898.673256476493,29312.14525472465,31099.552688676733,29049.50010949001,30235.494973014574,30732.608692180416,31767.253837415054,33570.426984401536,37625.29614365089,41894.50988471473,47008.657349324014,35035.504748239284,30457.944713202483,30085.537279250406,28318.544127884335,26662.25554957353,25566.848115621455,25541.61554081433,25463.79382427625,26086.674968634972,24686.44410598633,25375.559537310648,26137.02982340033,27606.84982777993,27672.55611299369,28137.260686048972,28775.022974766413,24017.68352942737,30454.314977394177,29936.374405214818,29673.905831283613,29934.376117373293,28627.379541690254,30097.493260856092,30633.491548697617,29978.90754344209,30487.316689552652,30906.14011824921,31589.13840609073,32198.666407842575,31304.844691304494,31228.96354694577,31514.608692180413,31290.316689552652,31591.078978270092,31321.197833911374,30934.669832159536,29684.732684297134,31557.08069042857,32027.25554957353,30571.02297476641,29981.26068604897,30225.965259104258,31435.078978270096,30539.43383303546,34884.01098965705,38308.53043061649,40902.100738604175,44662.6047701373,34240.21274561153,30475.883573223364,29596.362420105448,27052.54926435977,26720.49154869761,24408.559537310648,27327.08069042857,25690.617252972814,25042.79211211777,26275.204682545293,26448.910967759053,25819.26582252441,27758.613828655853,26743.970395579694,27613.26239820745,27967.79211211777,29578.846403462972,28593.201258228335,29781.316689552656,30194.904119125138,29143.377829531775,30909.196121752895,29234.024686924895,29657.377829531775,30895.197833911378,31642.48983653913,29591.262398207447,31257.961834787293,32546.488124380652,32305.842979146008,31965.31326523569,30983.14011824921,30338.435545193937,30642.022974766416,31623.72583566321,31076.493260856092,30183.377829531775,29988.49668517305,30228.730972138652,30734.435545193937,29836.905831283613,30978.255549573536,31219.489836539135,32893.48812438065,37230.82585756121,40968.51159687321,44681.36877101322,33121.33502556977,30546.413287133684,29759.184136643526,26902.13669393225,24892.20297038681,25808.55097651825,23594.97210773817,25492.08582690401,25063.50010949001,25146.91267991753,26004.381253848733,26129.67668079345,26939.08582690401,26875.910967759053,28150.201258228335,27558.90925560057,22611.980668530567,28101.55611299369,29209.199546069853,29163.024686924895,29161.730972138655,29552.318401711134,28383.028111241852,29315.907543442096,29569.552688676733,29954.258973890494,31313.961834787297,31831.549264359768,31738.66812000105,32333.313265235698,30962.904119125138,33043.07555395313,31691.961834787293,30986.669832159532,30071.554400835215,30997.31668955265,26768.736108614088,31289.904119125138,29970.848115621455,29830.377829531775,30554.199546069853,29994.199546069853,31521.136693932258,34558.77499053297,35975.53556709192,39752.39787770737,45167.25162753042,33931.15502994937,30006.236715830244,29516.479563588247,26056.66812000105,25178.73097213865,23800.970395579687,24235.559537310648,25656.96697126273,24824.44239382785,26723.552688676733,25857.028111241852,24416.91610423449,26534.028111241852,28242.14011824921,26903.14354256617,26607.853252096895,27124.204682545293,27467.674968634972,27543.14525472465,29516.846403462972,29013.612116497374,29245.554400835215,28631.966971262733,29511.141830407694,30519.491548697617,29996.08240258705,30434.669832159532,32400.488124380652,31316.491548697606,32614.664695684096,32060.96012262881,32334.606980021937,30569.43383303545,30832.846403462972,31367.19783391137,31370.90411912513,29549.082402587053,29781.907543442096,30470.612116497374,30348.846403462972,29330.026399083374,31206.668120001053,32368.25212525657,33660.601843546494,37967.35385931305,39074.57616116929,45508.01391624786,31994.10245076265,29987.474427112807,27514.133269615293,23401.26239820745,22634.32525034505,24041.08753906249,25441.377829531775,24534.96868342121,23837.562961627606,25108.85325209689,25771.32011386961,24652.85667641385,26704.55611299369,25262.09096337945,27232.84982777993,26235.382966007208,27541.08582690401,25826.56124946913,27776.37954169025,27737.321826028092,28143.321826028092,30836.724123504733,30397.080690428575,28746.377829531775,29313.377829531775,29407.9075434421,30539.021262607937,30313.846403462976,25313.505245965454,31462.902406966652,31167.138406090733,31325.021262607937,32085.547552201297,31092.7275478217,31710.43212087697,30276.318401711134,30891.022974766413,29813.20125822833,30409.376117373296,29819.554400835215,28580.674968634972,30307.729259980173,29461.671544318015,30893.255549573536,33672.601843546494,35662.065281002244,37757.228155037854,42753.256764005855,32549.099026445692,31451.878436747924,27793.367556580895,25355.49154869761,22487.384678165683,23803.44068166937,23428.79553643473,23514.38467816569,24803.323538186567,23422.858388572327,24073.56296162761,24339.445818144806,25146.56124946913,25287.736108614088,25874.382966007208,25888.84982777993,27268.20297038681,26884.79382427625,27320.674968634972,28400.613828655856,27389.087539062493,28142.61554081433,28088.08582690401,26797.15039120009,28454.61554081433,29653.612116497374,30601.844691304497,29730.201258228335,29565.554400835215,29883.671544318015,30914.257261732015,30620.37611737329,31205.374405214814,31753.313265235694,30882.14011824921,31707.432120876976,30896.197833911374,31423.725835663212,29391.61382865586,28691.674968634976,29234.849827779937,29354.907543442096,30953.491548697617,29804.905831283613,32281.839554829057,35378.418423609124,39440.044735100484,42908.491050971454,31760.691592493607,29866.941288885526,25879.666407842575,23866.96868342121,23696.61554081433,23715.02639908337,21978.564673786088,23867.14867904161,22519.62410160673,23504.445818144806,24106.68010511041,24224.09096337945,24943.62067728977,25515.61896513129,24781.03324771729,25978.14696688313,25621.20810686225,26515.50010949001,26738.500109490014,27028.557825152173,27130.206394703775,25367.56467378609,28568.026399083374,28361.20297038681,29428.082402587053,30044.257261732015,29574.554400835215,24398.38981464113,30532.78697564234,30513.846403462976,30462.493260856092,29916.258973890494,29803.84811562145,30474.022974766413,31204.314977394173,31023.02126260793,29644.320113869617,28797.320113869613,28508.851539938416,28798.202970386814,29330.730972138655,29698.082402587053,29173.788687800814,32904.661271367135,35286.591570595614,39252.397877707364,39673.443608260175,32198.924167300727,28629.827569719684,24738.552688676733,21708.622389448246,22108.444105986327,21400.91781639297,21093.80238506865,22201.91781639297,22524.62410160673,23146.505245965447,23549.975532055127,23960.56296162761,24149.975532055127,25323.146966883127,24538.56296162761,24824.79724859321,25706.79553643473,26643.321826028092,26349.736108614088,25468.03324771729,27824.90925560057,27913.55611299369,28243.849827779934,28151.67325647649,27876.912679917536,28751.437257352412,28643.73268429713,28489.08582690401,30258.786975642335,30879.844691304497,31041.961834787293,29036.55611299369,30637.904119125138,29771.141830407694,30299.082402587053,32053.958410470343,29324.848115621455,24528.44753030329,29978.612116497377,28479.90925560057,28968.143542566173,29523.199546069853,29078.493260856092,30871.606980021934,32400.720699187776,33920.713850553846,37575.40301418281,40525.85104221225,29794.873300272484,26531.30470444329,27309.718987029293,21162.505245965447,21209.445818144806,20456.097812013366,21361.62581376521,20888.216667654648,21336.097812013366,23420.033247717285,22854.092675537926,25067.85325209689,24843.61896513129,24268.56296162761,27561.37440521481,24171.034959875768,25236.62067728977,25468.38467816569,24884.856676413852,25167.79724859321,26463.67839295193,27046.793824276254,27299.146966883134,26812.501821648493,28626.730972138652,27591.793824276254,28790.73268429713,29111.966971262733,29277.613828655853,29435.08411474554,28727.730972138655,29889.141830407694,29257.907543442096,29206.49668517305,28818.55611299369,29181.084114745536,30119.72925998017,28974.790399959296,28973.55611299369,26874.50010949001,29900.788687800814,27892.204682545293,28518.554400835215,29107.729259980173,29834.255549573536,33299.12813313985,36672.40301418281,40713.496187446886,30236.637301148407,25617.014413974015,24398.022974766413,20711.505245965447,19986.036672034246,19444.216667654648,20619.685241585845,21287.80067291017,22445.211531179208,22471.328674662007,22781.798960751687,22652.86010073081,23631.681817268887,23816.388102482648,23532.564673786088,23132.332098978964,25473.62067728977,26460.440681669374,25541.38467816569,27853.671544318015,26482.08925122097,26888.323538186574,27722.37954169025,27537.793824276254,27472.79382427625,27138.55953731065,28675.379541690254,29505.199546069853,29536.141830407694,27316.204682545293,28504.028111241856,30552.197833911378,29538.612116497374,29663.494973014574,29469.613828655856,29563.43725735242,29820.494973014574,28486.43896951089,28982.673256476493,25675.033247717292,28335.43896951089,28406.437257352416,27417.79211211777,28806.14011824921,28332.848115621455,33883.94642536096,37708.340162045206,41012.96647353657,29148.815584610325,26058.774990532966,23558.43383303545,20316.094387696405,19475.157239834007,19841.214955496165,19107.160664150964,20000.627525923686,21020.744669406486,23015.622389448246,23317.68010511041,22446.74295724801,22107.921240709926,24121.503533806972,24702.79724859321,24736.739532931053,24355.505245965447,24929.62067728977,25153.26753468289,24428.858388572327,26004.97210773817,26452.736108614088,24991.62410160673,28279.966971262733,25722.03153555881,29047.788687800814,28531.73268429713,29728.258973890494,30530.25726173201,29174.260686048976,29753.377829531775,29795.494973014578,29302.377829531775,29966.141830407694,29089.90925560057,27998.617252972814,29256.554400835215,28542.96868342121,28011.440681669374,30808.900694808173,28371.79211211777,28275.67325647649,28540.788687800814,28638.435545193934,30678.898982649698,34218.65099841625,37863.33844988672,41500.02247704026,28889.756156789685,23620.489836539127,22807.14354256617,19584.566385944567,19290.274383316806,20854.328674662007,20300.036672034246,20382.333811137447,20983.332098978964,23986.204682545293,22128.858388572327,23733.386390324165,23147.62410160673,22493.332098978964,22829.21324333769,23846.975532055127,24899.73782077257,25324.32525034505,24938.26753468289,25951.32525034505,25439.03153555881,26831.204682545293,26473.50010949001,27513.79211211777,28345.61382865585,29033.435545193934,29029.730972138652,29519.552688676733,30994.43212087698,28474.37954169025,29753.612116497374,29175.496685173053,29255.96697126274,29728.377829531775,30066.140118249215,28455.498397331532,29922.612116497377,27910.43896951089,28010.910967759053,28213.321826028092,29500.376117373293,27701.55611299369,29173.316689552652,31487.956698311857,35240.76471758209,37812.45559336953,41512.0819048609,25924.707001919924,23740.95669831185,21753.734396455606,20099.152103358567,19231.921240709926,18214.922952868408,20153.744669406486,19422.98238068904,21004.685241585845,20498.922952868408,21831.91952855145,22382.03667203425,24052.61725297281,23890.85667641385,23419.681817268887,23824.328674662007,25093.26582252441,23537.858388572327,25118.85496425537,24755.62067728977,24932.44410598633,25497.44239382785,25753.617252972814,25951.50010949001,26894.498397331532,27442.37954169025,27493.55611299369,29340.72754782169,28058.729259980173,29327.199546069853,29682.96354694577,28286.73268429713,30477.668120001053,28513.673256476493,28293.43896951089,29737.022974766413,29464.022974766413,29669.493260856092,28104.14525472465,29120.201258228335,28822.671544318015,29074.376117373293,27258.028111241852,29691.960122628814,30820.192697435938,31394.482987905212,37045.98530727985,39899.14133268154,25062.05843236832,23044.54412788433,20771.91267991753,18763.155527675524,18842.097812013366,19070.568098103045,19542.450954620246,19338.746381564968,20661.09609985489,19463.569810261528,21055.62581376521,20737.097812013366,21236.508670282405,22722.681817268887,23398.092675537926,23494.503533806972,24179.44239382785,24395.03153555881,26778.96183478729,24587.61896513129,24731.676680793447,25373.204682545293,25408.382966007208,27239.43725735241,26799.674968634972,27187.14354256617,27798.905831283613,27888.788687800814,28445.25726173201,27542.14354256617,28213.612116497374,28194.965259104254,28165.022974766413,28935.493260856092,28317.318401711134,28652.96354694577,30020.134981773772,29699.666407842575,28262.96354694577,28227.493260856092,27553.905831283613,28184.316689552652,28403.196121752895,31121.18756096049,30870.654422733205,33899.16701505873,33779.564176059925,21286.717274870807,19645.673256476482,18162.209819020725,17616.980668530567,16252.924665026883,15938.457803254163,17081.155527675524,20588.676680793447,18530.157239834007,20355.08925122097,20685.681817268887,21497.676680793447,20966.856676413845,21707.61896513129,23297.61211649737,21480.033247717285,23117.08582690401,22299.916104234486,24277.258973890494,22628.206394703768,24845.78526348385,23071.087539062486,26045.482987905212,24080.14525472465,26551.96183478729,26173.905831283613,25516.14354256617,24672.91096775905,26750.720699187776,25932.141830407694,26692.37440521481,25394.67325647649,26662.84469130449,25891.96697126273,26200.082402587053,24994.73268429713,26659.08069042857,26207.08069042857,25138.61382865585,25927.729259980173,25188.55440083521,27160.253837415054,25470.96354694577,26511.954986153374,28661.890421857286,27377.07041747769,26380.301280126325,27340.875012430966,28092.908757874404,27410.03274999112,30243.260188322805,28825.975034328963,28699.32646477737,23239.53385493345,25162.934440251604,33186.78819007464,31355.625316039048,30997.389316914967,28821.107587238086,29898.630452514488,35161.373907488654,31076.68988033512,30516.399589865847,32046.924167300727,32878.98188296289,33147.09902644569,32013.927591617692,34298.62531603905,37322.260188322805,37351.78819007466,36358.384180439534,37262.14818131545,38745.85104221225,34449.51330903169,33658.68988033513,37889.96989785353,35994.80188734249,40630.72533793705,35672.21616992849,38505.49789960537,38146.26532479825,36701.623603880565,41493.42991099233,35578.50988471473,40387.42135019993,30337.051583734406,36320.97845864593,44307.599633661855,43385.0733440685,41232.197336185214,29871.763005423607,29255.060144526804,32131.403014182804,30569.111011555044,27702.759581106642,50838.03225226498
48,29279.658133791123,17606.98153431083,24299.673529470256,27641.87784269396,30185.2310264449,31291.784414863178,28679.64991667839,30653.70535937485,31618.495914258106,33674.15607951295,31673.5472483982,30323.58934208889,30845.212545546085,31269.90556404219,34825.22589455186,34094.27722869196,36606.351152287236,32575.16121140599,34503.146839063535,32076.538007948795,38622.70433603818,38257.14170717049,38187.123226271666,33419.538007948795,39487.64376144868,41904.25259256342,40146.27620535527,41102.07600068794,41298.68072324631,38294.14170717049,41583.92713016071,41765.40146309066,40806.3552608436,38638.16018806932,40784.52261226966,37474.66737424054,45514.45177389408,39387.0390388903,45296.86142367816,45830.02877510422,43277.51748037662,42593.14992428322,40213.340888501145,34519.92302160433,26335.844989452686,34507.82035332415,13954.107815382882,6399.267973032893,13690.112947275928,18024.265926359534,20088.758740188307,21755.865517024868,22450.953812962605,21273.260794466496,20821.46099913383,22467.795701985953,24456.069830248573,24880.30699671355,26031.176607085126,23238.577016419797,25980.000015209655,27611.036977007298,26595.19508798395,28511.59960587498,25997.61397821744,25622.376811752463,26202.079070697982,27450.878866030645,28613.897346929465,28123.027736557888,26640.29775626414,27207.851144682416,25929.060589799163,28539.818291441137,26765.702274155174,27198.492829038427,26947.77208919409,26253.44662679138,26915.376811752463,28558.75771685163,27078.841904233006,27870.483588589017,26679.841904233006,25777.823423334183,25002.87475747428,28378.581124976165,24956.72588694704,25146.73512739645,24529.814182884773,24708.437386341968,23852.665312357534,20683.865517024868,15167.210483663073,25804.10063681648,17420.470239583236,19294.549295071563,23173.190979427578,23986.814182884773,23292.005147102696,24347.953812962605,25621.507201380882,24306.558535520977,26218.814182884773,27050.91171927192,26449.883997923687,28000.30699671355,27021.05134934975,27791.91171927192,29301.93944062015,31277.897346929465,33505.71562316094,33127.645808122026,29739.711514604583,28262.674552806944,30818.739235952817,29682.930200170747,31281.748476402223,30860.255662573454,29574.693033705764,29776.62321866685,30346.413773550106,30269.23718167463,32152.6694209139,30201.167366635716,30437.781329643505,30865.48358858902,31509.413773550106,30770.01849610848,30496.404533100693,31873.739235952817,30265.474348139614,29439.61397821744,31387.441494898332,30661.17660708513,30913.94868106956,28865.29775626414,29824.711514604583,32320.6180867738,31329.79467864927,24660.27414347227,22061.650940015075,24556.478456695964,29067.189956090893,28951.739235952817,27529.29775626414,26135.111923939257,25910.72588694704,25156.381943645505,25507.381943645505,26982.646831458715,28810.762848744682,28318.507201380882,29091.91171927192,29317.29775626414,28311.814182884773,32025.036977007298,28881.20021987699,31459.325477612372,29683.98153431084,30716.30699671355,31119.31623716296,29976.29775626414,32469.423013999516,30845.079070697982,24244.57290786343,31420.62321866685,30066.525682279702,31142.702274155177,31062.534922729115,31253.22794122523,32142.32547761237,32154.93944062015,32732.176607085126,33272.34395851119,33641.125272945035,32498.62321866685,32378.036977007298,31797.623218666853,32823.02773655789,31599.544163178525,33041.878866030645,33434.27414347227,31895.00925565907,32428.255662573454,32875.878866030645,34122.90658737888,35557.65504857144,35622.61706343712,30348.668397577214,30301.97537908111,29852.487697145378,29859.650940015083,27432.823423334183,26548.646831458715,23684.986666203877,27792.8932383731,26822.804942435363,26576.084202591024,30271.534922729115,27596.251554017086,29753.902478822514,30324.44662679138,30416.44662679138,31025.29775626414,31881.54416317852,29890.270034915906,30452.823423334183,31015.911719271917,28271.24231356768,29492.488720482062,29643.260794466496,33305.720755054,32556.54416317853,34094.185847534536,36862.96203007533,34411.19508798395,32809.23718167463,32685.693033705764,32242.91171927192,34153.86962558124,34899.19508798395,33530.246422124044,35053.88810648006,33983.94868106957,33713.86038513183,33506.01849610848,32955.93020017075,34182.264903022864,33130.00925565907,33358.32547761237,33356.64169956568,32130.851144682416,33476.264903022864,37035.17147519208,38900.68276991967,39590.86347035151,38317.03493033393,34828.435339668606,31584.882974587003,29612.185847534536,26392.428145892558,25627.251554017086,27341.507201380882,27327.33984995482,28410.902478822514,26460.460999133833,28198.87475747428,28923.72588694704,28344.637591009305,29292.735127396452,28282.84703612605,29877.65607190812,32059.38605220188,29959.418905443148,30393.96305341202,30739.111923939257,31026.20021987699,31200.130404838073,30720.656071908124,30239.64683145871,31969.367571303053,33426.93944062015,32280.75360829527,30913.656071908128,34117.79057009291,33008.920959721334,33560.31623716296,34425.93944062015,33584.55340362794,33204.693033705764,33492.62321866685,33827.54416317853,36212.748476402216,32418.832663783596,34018.93944062015,33821.01849610848,33729.246422124044,32877.38605220188,31057.21870077582,34269.73923595282,33880.11603249562,36015.608846324394,37807.12014105198,39891.37989697214,43216.494890921436,36484.32343093901,32240.059566462474,30122.967161968383,26332.03286845093,26062.558535520977,27578.814182884777,26261.321369056,26400.17249852876,26798.540054622157,27210.24231356768,28847.72588694704,26035.363462746685,28352.71664649763,29945.883997923687,30328.883997923687,28083.54005462216,30832.66531235753,30328.2607944665,32085.832663783596,31061.13040483808,30183.786461536547,29835.093443040438,30853.497960931476,31693.35833085364,30459.567775970387,32730.911719271928,33058.841904233006,33046.06983024857,31170.577016419797,35056.56264407735,31850.66531235753,31789.200219876988,34752.25566257346,33518.38605220188,34798.56264407735,31619.21870077581,33992.167366635724,33848.474348139614,32281.28851581473,35206.19508798395,34362.58112497617,33412.64169956568,36403.45997579715,39093.52465894302,40183.231026444904,44720.722816937,36885.78852341955,33229.603714431345,29454.571884526755,25526.87475747428,26766.497960931476,26201.786461536543,27239.953812962605,27165.479480032653,26247.60986966107,27802.02362800152,28593.18173897817,27894.54929507157,27566.460999133833,29106.409664993742,27920.85627657546,28641.856276575458,31063.823423334186,28505.847036126055,29206.242313567676,29728.251554017086,31954.90247882251,30436.190979427585,29222.163258079352,30117.40966499374,30868.497960931472,35098.59960587499,31920.674552806944,32367.437386341964,30360.87475747428,31642.507201380882,30413.716646497625,31514.042108900343,32343.753608295272,32154.437386341964,34195.79057009291,33093.841904233006,33014.841904233006,33343.693033705764,33344.23718167463,34106.93944062015,33477.55340362794,33428.59960587499,33641.79057009291,33821.720755054,35672.29262437109,37121.399401207644,42409.59345064526,46370.75053828524,37075.56059740398,34529.71973171731,30967.9856428672,27283.35833085364,25716.62835055989,22525.87988936732,25570.99590665329,27021.70740604822,27273.85627657546,27350.777221087134,28484.330609505414,26741.60986966107,29709.507201380882,26191.898370266143,29704.72588694704,29219.023628001523,30230.418905443148,29813.10268348984,30588.96305341201,30836.19097942758,29926.87475747428,29859.953812962605,30406.9538129626,29756.18173897817,32546.218700775815,31169.656071908124,31567.051349349746,31984.279275365316,36171.92506827769,31732.66531235753,32550.60473776803,33279.85114468242,31327.20021987699,32900.8326637836,31858.59549731862,32348.288515814726,33292.4651076902,33379.60473776803,34660.64169956568,33823.32547761237,33131.167366635724,32012.455867240787,32886.246422124044,36262.76695730104,39882.91993638466,42513.50515470753,46671.15505617627,35664.91891304797,32265.208436989713,30929.9856428672,28014.139645287487,26667.577016419797,25794.777221087134,25581.46099913383,26123.15401762994,28032.260794466496,27548.935332063786,27804.163258079352,29767.13040483808,27041.530814172747,28181.935332063782,27675.07496214162,29759.497960931472,28214.470239583243,31357.209460326405,28994.400424544332,29659.488720482062,28715.0051471027,28481.777221087134,30967.81418288477,30831.270034915906,31871.66531235753,31255.8932383731,30851.804942435367,32509.68379325636,31871.288515814733,32176.209460326405,31364.8932383731,29260.172498528762,31413.121164388664,34576.64169956568,30971.042108900343,30852.646831458715,31591.58625686921,34488.106792046216,34077.00925565907,33783.54416317853,32287.367571303053,31665.52568227971,31982.455867240784,33778.94868106957,35656.83677233996,39674.157102849626,42182.41685876979,47547.63862955564,37860.88605980669,32612.603714431338,30214.204328433356,27516.437386341968,26125.17249852876,25023.60062921166,25844.47023958324,27145.40966499374,28013.72588694704,26596.005147102704,28470.19097942758,27790.935332063786,27681.54929507157,27638.883997923687,28179.39118409492,28672.25155401709,28795.54929507157,29461.71664649763,28361.381943645505,30401.34909040423,29690.172498528762,31433.74436784586,28967.24231356768,36049.608846324394,31830.279275365316,31037.19097942758,30549.49796093148,30981.121164388664,31726.74436784586,30972.88399792369,31677.586256869203,31051.97229386142,30033.330609505414,30336.79570198595,31694.74436784586,31898.595497318624,32714.60473776803,33198.1488857369,32437.060589799163,33157.77208919409,31853.139645287494,31421.59549731862,33835.49282903843,36664.23204978158,41308.34293517451,42287.34704373087,47577.62938910622,35167.13759861413,32672.375788415775,30212.046217456707,27001.665312357538,26008.637591009305,27050.963053412015,24962.530814172744,27250.102683489844,27727.18173897817,25822.60062921166,28629.804942435367,28044.330609505414,26951.38194364551,27812.935332063786,29839.349090404234,29295.795701985957,30271.349090404237,30504.270034915906,28990.093443040434,30121.963053412015,28795.85627657546,30567.65607190812,30020.795701985953,29192.40042454433,32919.23718167463,29564.628350559895,31254.50720138088,31288.8932383731,31422.665312357534,31037.111923939257,32194.13040483807,30922.2607944665,30777.72588694704,31952.051349349753,32320.367571303053,31602.8932383731,33655.54416317853,33738.4651076902,32281.36757130305,31348.051349349753,32054.98153431083,32029.832663783596,32784.93020017075,35691.59960587499,38608.51541849361,41972.17969230482,48441.043147446675,36757.955874845604,32261.44560345469,29968.581124976165,27290.972293861425,25728.17249852876,24989.916851164962,25329.15401762994,26990.251554017086,28978.665312357538,25853.29364770777,27851.637591009305,28137.795701985957,28342.023628001523,27982.163258079352,29771.804942435367,30003.042108900343,29858.270034915906,26042.81931477782,28991.093443040434,30676.58625686921,30571.883997923687,30507.111923939257,30122.19097942758,30536.428145892558,30675.428145892554,31287.121164388667,30717.804942435367,30855.577016419797,31113.428145892554,32049.59549731862,31826.130404838077,30629.428145892558,30769.804942435367,29290.61911011049,30806.5770164198,32566.762848744685,31740.288515814726,30926.72588694704,33296.693033705764,32341.832663783593,32727.30699671355,31487.66531235753,30926.130404838077,33800.42301399951,35036.11603249562,38107.18995609089,43495.13759861413,49047.35936939997,36670.56983785339,32451.375788415775,30593.59960587498,27019.981534310835,25734.70740604822,26892.497960931472,26121.47023958324,27488.03286845093,28305.507201380882,27980.86551702487,28029.637591009305,30165.31623716296,29776.902478822514,30815.376811752463,29261.497960931476,28906.71664649763,29555.72588694704,30561.507201380882,31724.8326637836,29279.33060950541,29918.032868450933,31721.367571303053,31350.753608295272,30366.33984995482,29874.86551702487,31087.12116438866,30726.72588694704,30255.567775970387,33177.58112497616,32498.139645287494,30893.707406048215,31621.90247882251,31652.981534310835,32194.67455280694,32636.753608295272,32009.90247882251,32535.525682279702,31994.981534310835,32267.60473776803,31418.051349349753,32516.61397821744,32175.148885736897,36527.07393880493,38763.12938150139,41977.17969230481,45901.75053828524,35160.146839063535,32333.524658943017,24497.17249852876,28338.30699671355,26760.902478822507,25380.85627657546,26187.558535520977,26620.488720482062,28000.735127396452,27314.02362800152,27849.87475747428,27386.01438755211,28446.260794466496,27220.005147102704,27933.24231356768,29901.209460326405,29043.56777597039,30061.814182884784,30256.507201380882,29465.795701985957,30985.832663783603,30152.497960931476,31208.665312357527,29419.181738978168,31199.01849610848,31064.50720138088,31000.96305341201,31478.43738634197,31184.27003491591,33149.07907069799,33475.70227415518,31083.8932383731,31219.05134934975,27487.530814172747,30925.34909040423,32752.37681175246,30568.883997923687,30049.874757474277,31151.270034915906,31808.367571303057,32009.53492272912,31628.13964528749,32426.106792046216,34530.42301399952,38894.20843698971,40888.844989452686,48689.815221431105,35311.77004252073,31713.357307516955,30819.23204978158,26555.902478822507,26603.279275365316,25543.40042454433,24642.30288815718,24911.44251823501,25228.70740604822,26694.470239583243,26458.005147102704,27307.865517024868,26091.83779567664,27914.251554017086,27858.093443040438,28855.646831458715,28869.87475747428,29483.41890544315,30033.73512739645,30374.27927536532,29941.349090404234,30964.595497318624,30465.744367845866,31368.218700775815,30559.893238373108,30917.34909040423,30831.042108900343,30854.972293861425,32044.753608295276,32394.84190423301,34239.56264407735,31497.05134934975,32878.61397821744,29229.084202591024,30809.27003491591,32352.990774760252,30796.883997923687,30441.2607944665,30103.55853552098,31592.358330853644,29648.391184094922,30786.735127396452,31483.76284874468,32473.930200170747,34146.799810542325,38194.585233532525,42715.891191699746,47676.48051857899,35786.23513500127,31025.189956090893,30610.39016075823,28729.264903022864,27134.148885736897,26106.34909040423,25815.637591009305,25881.16325807935,26538.479480032653,24947.986666203877,25805.233073118266,26406.312128606594,27926.56777597039,28191.795701985953,28838.804942435367,29390.437386341968,24345.572907863432,30952.99077476025,30607.832663783596,30049.97229386143,30284.051349349756,29135.48872048206,30641.516441830292,31052.297756264135,30249.19097942758,30956.209460326405,31263.902478822514,32170.683793256358,32552.386052201877,31678.91171927192,31854.59549731862,31995.762848744682,31879.2094603264,32192.84190423301,32078.525682279706,31441.823423334186,30218.102683489844,32060.060589799166,32550.148885736897,31270.437386341968,30492.804942435367,30694.81418288477,31901.84190423301,30971.674552806944,35625.90658737888,38905.51541849361,41570.87271080092,45420.513371820256,35128.681746582995,31008.129381501392,30126.301864820496,27410.92095972133,27282.29775626414,24830.233073118263,27810.060589799163,25899.85627657546,25462.944572513195,26727.40042454433,26782.628350559895,26386.460999133833,28134.418905443148,27016.470239583243,28275.023628001523,28403.944572513195,30206.13040483808,28955.963053412015,30336.20946032641,30822.753608295276,29588.270034915906,31567.306996713553,29894.656071908124,30222.270034915902,31341.525682279702,32296.079070697986,30154.023628001523,32042.376811752467,33222.86038513183,32670.69303370576,32461.772089194088,31673.90247882251,30609.893238373104,31409.437386341968,32221.227941225225,31627.516441830296,30658.27003491591,30437.95381296261,30728.88399792369,31032.8932383731,30303.97229386143,31640.148885736897,31984.079070697982,33404.86038513183,38183.5061780442,41728.1098772659,45620.364501293014,33754.802895762,30966.050326013064,30471.776197750445,27216.465107690197,25445.18173897817,26236.13964528749,23995.688925149396,25874.71664649763,25463.391184094915,25510.847036126048,26395.70740604822,26322.69816559881,27385.71664649763,27280.628350559895,28568.963053412015,27895.40966499374,22993.782352980175,28541.795701985953,29704.744367845862,29552.656071908124,29407.883997923695,29967.428145892558,28826.093443040434,29803.190979427585,30112.35833085365,30373.58625686921,31817.376811752467,32252.92095972133,32026.604737768033,32792.77208919409,31559.75360829527,33665.40453310069,32256.376811752467,31264.82342333419,30592.577016419797,31351.2094603264,27297.54005462216,31838.753608295276,30309.349090404234,30277.270034915902,31088.744367845862,30433.74436784586,32109.465107690197,35239.757716851636,36549.17147519208,40367.08215591766,46031.899408812475,34490.0585431258,30489.743344509177,29952.76695730104,26614.60473776803,25419.883997923687,24077.47023958324,24475.233073118263,26002.03286845093,25068.767980637724,27368.35833085364,26315.093443040438,24943.28440725836,26807.093443040438,28925.902478822514,27443.339849954824,26829.005147102704,27644.40042454433,27940.479480032656,27913.55853552098,30072.13040483808,29375.20021987699,29773.5770164198,29213.032868450926,30131.121164388675,31140.29775626414,30286.279275365323,30997.823423334183,32847.86038513183,31886.297756264143,33172.167366635724,32617.158126186314,32783.54416317853,31206.674552806944,31269.130404838077,31996.525682279702,31918.753608295276,29970.279275365316,30288.19097942758,30831.200219876988,30818.13040483808,29960.874757474285,31609.60473776803,32943.71151460459,34317.88810648006,38599.20843698971,40004.60782298771,46773.53185271908,32859.09139636707,30085.110900602565,27899.027736557888,23793.02362800152,22936.30288815718,24355.935332063782,25670.270034915906,24998.251554017086,24233.670444250576,25612.005147102696,26071.64683145871,25088.44251823501,27125.795701985953,25640.372703196095,27622.56777597039,26567.926091614376,28026.71664649763,26535.451758684423,28296.488720482062,28435.86551702487,28518.86551702487,31406.009255659068,30896.060589799163,29294.27003491591,29692.27003491591,29861.190979427578,31140.218700775815,30697.130404838084,25733.047240793385,32041.534922729115,31743.683793256358,32049.218700775815,32736.702274155177,31707.446626791385,32351.455867240787,30806.42814589255,31313.43738634197,30223.96305341202,31009.051349349753,30232.5770164198,29039.47948003266,30781.665312357538,29874.042108900343,31341.148885736893,34291.88810648006,36379.09241970375,38493.6499166784,43642.555465510944,33294.65402523476,31923.473324802922,28374.957921518973,25867.29775626414,23056.14477718053,24168.549295071567,23863.381943645505,23891.14477718053,25214.084202591024,23756.661203801166,24297.670444250576,24746.205351770033,25566.451758684423,25684.540054622157,26347.926091614376,26252.56777597039,27767.18173897817,27398.163258079352,27870.479480032656,29090.418905443148,27960.935332063786,28550.637591009305,28391.71664649763,27165.214592219447,28910.6375910093,30157.200219876995,30994.911719271917,30156.963053412015,30013.577016419804,30358.042108900343,31481.367571303053,31258.05134934976,31639.8326637836,32179.77208919409,31463.90247882251,32193.455867240784,31648.525682279702,32150.22794122523,29867.41890544315,29232.479480032656,29658.567775970394,29693.190979427578,31385.29775626414,30371.97229386143,32921.25566257346,36215.706382711534,40190.46819290987,43854.48565047202,32264.854229902096,30210.75258495858,26471.386052201873,24094.251554017086,24040.637591009305,24319.87475747428,22400.889129816733,24258.995906653287,22944.73101884008,23949.205351770033,24487.13553673112,24742.372703196095,25208.29364770777,25937.074962141618,25343.7494997389,26532.777221087134,25998.83779567664,26999.391184094915,27164.391184094915,27514.01438755211,27626.619110110485,25663.889129816736,28988.87475747428,28919.18173897817,30044.27927536532,30590.367571303057,30023.577016419797,24817.800833879,31117.288515814726,31213.130404838077,30967.516441830292,30465.58625686921,30194.349090404234,30822.43738634197,31819.990774760245,31496.21870077582,30135.646831458715,29433.64683145871,28919.78646153655,29499.181738978175,29975.883997923695,30122.279275365316,29660.50720138089,33379.72999550341,35756.57599308311,39972.08215591766,40361.17456041176,32596.565729297028,28994.724863610354,25002.35833085364,22154.512333273924,22388.986666203877,21794.503092824518,21420.256685910128,22537.503092824518,22934.73101884008,23516.047240793385,23965.126296281705,24454.670444250576,24561.12629628171,25630.777221087134,24923.670444250576,25204.60062921166,26175.38194364551,27216.86551702487,26874.54005462216,25921.7494997389,28067.40966499374,28542.795701985957,28777.56777597039,28753.2607944665,28306.847036126048,29162.111923939257,28985.102683489844,28915.71664649763,30712.28851581473,31372.911719271924,31537.37681175247,29212.795701985957,31135.753608295272,30220.121164388667,30734.27927536532,32657.939440620157,29790.34909040423,25084.42403733619,30355.200219876995,29011.40966499374,29541.33984995482,29983.744367845866,29535.516441830296,31416.544163178525,32904.571884526755,34554.69714226213,38105.73821261613,41272.97435574443,30569.817268104453,27139.678661363305,27576.353198960598,21561.047240793385,21627.205351770033,20854.247445460718,21736.949704406237,21294.931223507418,21769.247445460718,23775.7494997389,23009.591388762252,25357.005147102696,25312.074962141614,24550.670444250576,27913.832663783593,24522.968185305057,25722.29364770777,25811.14477718053,25390.44251823501,25653.60062921166,26953.916851164966,27460.163258079352,27816.777221087137,27298.60986966107,29201.883997923695,28122.163258079352,29278.102683489848,29430.032868450937,29773.418905443148,29985.497960931476,29195.883997923695,30177.12116438867,29875.190979427585,29595.9538129626,29137.795701985953,29828.497960931476,30466.665312357538,29562.725886947042,29451.795701985953,27186.39118409492,30160.50720138089,28326.40042454433,29037.577016419804,29477.665312357538,30262.148885736897,34069.37167985942,37398.73821261613,41507.14170717049,30712.668397577214,26110.343958511192,24820.437386341968,21043.047240793385,20461.18687087121,19921.931223507418,20931.791593429585,21677.03800034397,22702.275166808948,22891.74025928949,23381.819314777815,23214.879889367323,24057.354222297276,24101.58214831284,23942.88912981673,23418.177630421804,25909.29364770777,26868.54929507157,26043.14477718053,28284.04210890034,26974.15401762994,27590.084202591028,28133.488720482062,27928.163258079352,27970.163258079352,27837.233073118266,29184.488720482066,30141.744367845862,29918.12116438867,27738.40042454433,28997.09344304044,31019.525682279702,29887.200219876995,30010.735127396452,29767.41890544315,29815.111923939254,30220.735127396456,28915.33060950541,29499.2607944665,26134.749499738904,28782.33060950541,28910.111923939257,27987.944572513195,29373.902478822514,28930.349090404234,34603.40864165705,38355.45895246047,41748.22076265882,29625.194064647265,26630.75771685163,24014.674552806944,20796.810074328405,19699.089334484066,20154.71253794126,19517.52670561638,20619.168389972394,21400.633482452933,23268.512333273924,23879.13553673112,22983.414796886776,22439.940463956827,24456.82855522723,24955.60062921166,25053.97742575447,24750.047240793385,25397.29364770777,25589.679684699986,24912.661203801166,26422.6889251494,27068.54005462216,25451.731018840084,28817.032868450937,26066.530814172747,29536.507201380886,28862.102683489848,30171.58625686921,31014.36757130305,29727.804942435363,30152.270034915913,30317.73512739645,29857.270034915906,30393.12116438866,29616.409664993735,28445.85627657546,29801.577016419804,28960.251554017086,28236.549295071574,31103.31623716296,28748.944572513195,28662.2607944665,29006.507201380886,29201.8932383731,31407.097551596802,34883.41788210646,38298.24026689431,42309.62528054986,29385.352175623913,24350.079070697982,23202.33984995482,20103.107815382886,19650.55442696461,21131.74025928949,20664.18687087121,20763.396315987957,21471.1776304218,24294.40042454433,22191.661203801166,24059.363462746685,23243.73101884008,22808.1776304218,23283.493852375104,24142.12629628171,25477.758740188314,25754.30288815718,25505.679684699986,26138.30288815718,25992.530814172747,27137.40042454433,26916.391184094915,27874.944572513195,28867.418905443148,29619.893238373104,29455.883997923687,30204.358330853644,31483.45586724079,29082.48872048206,30374.20021987699,29546.953812962605,29922.03286845094,30311.27003491591,30543.902478822518,28949.172498528762,30471.20021987699,28441.330609505414,28363.628350559895,28759.86551702487,30034.051349349753,28144.795701985957,29374.209460326405,31866.720755053997,35972.44560345469,38405.70535937486,41971.46716957321,26316.8223999975,24145.720755053997,21969.321369056,20638.433277785596,19407.940463956824,18544.15914952298,20502.633482452933,19782.001038546332,21276.791593429585,20727.15914952298,22134.72177839067,22553.18687087121,24597.85627657546,24142.44251823501,23753.354222297276,24387.74025928949,25543.46099913383,23935.661203801166,25428.223832668853,24947.293647707767,25488.986666203877,25931.76798063772,26258.85627657546,26446.391184094915,27506.172498528762,27968.488720482062,28077.795701985953,29913.44662679138,28666.665312357534,29872.74436784586,30138.595497318624,28821.102683489848,30949.604737768026,28978.2607944665,28477.330609505414,30218.437386341968,29825.437386341968,30042.516441830296,28672.55853552098,29585.96305341201,29524.042108900343,29443.051349349756,27653.093443040438,30462.15812618631,31486.86962558124,32092.204328433356,37848.62630388653,40553.309058596555,25649.217677439123,23563.264903022864,21233.847036126044,18942.87064891791,19110.247445460715,19471.326500949042,19865.8614084685,19684.85216801909,21055.02875989456,19690.5451865152,21469.949704406237,21208.247445460718,21307.48461192569,23072.354222297276,23753.591388762252,23864.82855522723,24741.76798063772,24713.530814172744,27137.376811752463,25111.074962141614,25126.698165598806,25908.40042454433,25760.926091614372,27505.111923939257,26926.47948003265,27653.33984995482,28381.97229386143,28252.507201380882,29121.367571303053,28047.33984995482,28795.20021987699,28693.814182884777,28673.43738634197,29392.516441830296,28901.42814589256,29176.595497318624,30791.246422124044,30175.386052201873,28913.59549731862,28646.516441830296,28293.97229386143,28684.209460326405,29059.30699671355,31532.213568882766,31506.855253238777,34373.58934208889,34566.07702402462,21724.134513394434,19885.260794466492,18555.056481242787,17738.782352980175,16441.377835089133,16452.736150733122,17484.87064891791,20938.698165598806,18816.089334484066,20552.15401762994,20997.354222297276,21968.698165598806,21199.44251823501,21961.07496214161,23546.200219876988,21807.7494997389,23367.716646497625,22709.28440725836,24688.586256869206,22860.619110110478,25369.069830248573,23427.935332063782,26710.204328433356,24545.558535520977,27013.376811752463,26701.972293861425,25810.33984995482,25168.62835055989,27079.571884526755,26215.121164388664,27182.832663783593,25924.260794466496,27171.91171927192,26284.03286845093,26565.279275365316,25404.102683489844,27251.060589799163,26749.060589799163,25554.418905443148,26200.665312357534,25532.577016419797,27560.93020017074,25977.595497318616,26718.50206948784,29485.00412376601,27615.748476402223,26769.241290230988,27744.03595367061,28532.59755920162,27944.937393946784,31001.992836643243,29449.31419048959,29245.709467931218,23844.95278962592,25540.87784269396,33537.695095588766,31958.13759861412,31616.988728086875,29272.747453065538,30344.793655312587,35677.020557991484,31625.635544335935,31057.30084148382,32565.56572929702,33266.188932754216,33513.65402523476,32372.003100429334,34835.13759861413,37972.99283664326,38185.69509558877,36870.332671388416,37698.183800861174,39376.97435574443,35045.328562832045,34237.635544335935,38402.65813379113,36532.44458011802,41475.41583543311,35999.1191177153,39349.36039273664,38785.64889334171,37201.91891304797,42166.42507588252,36102.89119169974,41151.331648051746,30960.342935174504,36965.75156162191,44996.85731512179,44174.37374174243,41603.71357648759,30462.226917888533,29795.43636300528,32800.73821261613,31014.18482419785,28155.789546756223,51858.1252881547
